n,T,num_runs,num_odd,num_even
2,1,1,0,1
3,7,4,2,5
4,2,1,0,2
5,5,2,1,4
6,8,5,2,6
7,16,10,5,11
8,3,1,0,3
9,19,12,6,13
10,6,3,1,5
11,14,8,4,10
12,9,5,2,7
13,9,4,2,7
14,17,11,5,12
15,17,10,5,12
16,4,1,0,4
17,12,6,3,9
18,20,13,6,14
19,20,12,6,14
20,7,3,1,6
21,7,2,1,6
22,15,9,4,11
23,15,8,4,11
24,10,5,2,8
25,23,14,7,16
26,10,5,2,8
27,111,82,41,70
28,18,11,5,13
29,18,10,5,13
30,18,11,5,13
31,106,78,39,67
32,5,1,0,5
33,26,16,8,18
34,13,7,3,10
35,13,6,3,10
36,21,13,6,15
37,21,12,6,15
38,21,13,6,15
39,34,22,11,23
40,8,3,1,7
41,109,80,40,69
42,8,3,1,7
43,29,18,9,20
44,16,9,4,12
45,16,8,4,12
46,16,9,4,12
47,104,76,38,66
48,11,5,2,9
49,24,14,7,17
50,24,15,7,17
51,24,14,7,17
52,11,5,2,9
53,11,4,2,9
54,112,83,41,71
55,112,82,41,71
56,19,11,5,14
57,32,20,10,22
58,19,11,5,14
59,32,20,10,22
60,19,11,5,14
61,19,10,5,14
62,107,79,39,68
63,107,78,39,68
64,6,1,0,6
65,27,16,8,19
66,27,17,8,19
67,27,16,8,19
68,14,7,3,11
69,14,6,3,11
70,14,7,3,11
71,102,74,37,65
72,22,13,6,16
73,115,84,42,73
74,22,13,6,16
75,14,6,3,11
76,22,13,6,16
77,22,12,6,16
78,35,23,11,24
79,35,22,11,24
80,9,3,1,8
81,22,12,6,16
82,110,81,40,70
83,110,80,40,70
84,9,3,1,8
85,9,2,1,8
86,30,19,9,21
87,30,18,9,21
88,17,9,4,13
89,30,18,9,21
90,17,9,4,13
91,92,66,33,59
92,17,9,4,13
93,17,8,4,13
94,105,77,38,67
95,105,76,38,67
96,12,5,2,10
97,118,86,43,75
98,25,15,7,18
99,25,14,7,18
100,25,15,7,18
101,25,14,7,18
102,25,15,7,18
103,87,62,31,56
104,12,5,2,10
105,38,24,12,26
106,12,5,2,10
107,100,72,36,64
108,113,83,41,72
109,113,82,41,72
110,113,83,41,72
111,69,48,24,45
112,20,11,5,15
113,12,4,2,10
114,33,21,10,23
115,33,20,10,23
116,20,11,5,15
117,20,10,5,15
118,33,21,10,23
119,33,20,10,23
120,20,11,5,15
121,95,68,34,61
122,20,11,5,15
123,46,30,15,31
124,108,79,39,69
125,108,78,39,69
126,108,79,39,69
127,46,30,15,31
128,7,1,0,7
129,121,88,44,77
130,28,17,8,20
131,28,16,8,20
132,28,17,8,20
133,28,16,8,20
134,28,17,8,20
135,41,26,13,28
136,15,7,3,12
137,90,64,32,58
138,15,7,3,12
139,41,26,13,28
140,15,7,3,12
141,15,6,3,12
142,103,75,37,66
143,103,74,37,66
144,23,13,6,17
145,116,84,42,74
146,116,85,42,74
147,116,84,42,74
148,23,13,6,17
149,23,12,6,17
150,15,7,3,12
151,15,6,3,12
152,23,13,6,17
153,36,22,11,25
154,23,13,6,17
155,85,60,30,55
156,36,23,11,25
157,36,22,11,25
158,36,23,11,25
159,54,36,18,36
160,10,3,1,9
161,98,70,35,63
162,23,13,6,17
163,23,12,6,17
164,111,81,40,71
165,111,80,40,71
166,111,81,40,71
167,67,46,23,44
168,10,3,1,9
169,49,32,16,33
170,10,3,1,9
171,124,90,45,79
172,31,19,9,22
173,31,18,9,22
174,31,19,9,22
175,80,56,28,52
176,18,9,4,14
177,31,18,9,22
178,31,19,9,22
179,31,18,9,22
180,18,9,4,14
181,18,8,4,14
182,93,67,33,60
183,93,66,33,60
184,18,9,4,14
185,44,28,14,30
186,18,9,4,14
187,44,28,14,30
188,106,77,38,68
189,106,76,38,68
190,106,77,38,68
191,44,28,14,30
192,13,5,2,11
193,119,86,43,76
194,119,87,43,76
195,119,86,43,76
196,26,15,7,19
197,26,14,7,19
198,26,15,7,19
199,119,86,43,76
200,26,15,7,19
201,18,8,4,14
202,26,15,7,19
203,39,24,12,27
204,26,15,7,19
205,26,14,7,19
206,88,63,31,57
207,88,62,31,57
208,13,5,2,11
209,39,24,12,27
210,39,25,12,27
211,39,24,12,27
212,13,5,2,11
213,13,4,2,11
214,101,73,36,65
215,101,72,36,65
216,114,83,41,73
217,26,14,7,19
218,114,83,41,73
219,52,34,17,35
220,114,83,41,73
221,114,82,41,73
222,70,49,24,46
223,70,48,24,46
224,21,11,5,16
225,52,34,17,35
226,13,5,2,11
227,13,4,2,11
228,34,21,10,24
229,34,20,10,24
230,34,21,10,24
231,127,92,46,81
232,21,11,5,16
233,83,58,29,54
234,21,11,5,16
235,127,92,46,81
236,34,21,10,24
237,34,20,10,24
238,34,21,10,24
239,52,34,17,35
240,21,11,5,16
241,21,10,5,16
242,96,69,34,62
243,96,68,34,62
244,21,11,5,16
245,21,10,5,16
246,47,31,15,32
247,47,30,15,32
248,109,79,39,70
249,47,30,15,32
250,109,79,39,70
251,65,44,22,43
252,109,79,39,70
253,109,78,39,70
254,47,31,15,32
255,47,30,15,32
256,8,1,0,8
257,122,88,44,78
258,122,89,44,78
259,122,88,44,78
260,29,17,8,21
261,29,16,8,21
262,29,17,8,21
263,78,54,27,51
264,29,17,8,21
265,122,88,44,78
266,29,17,8,21
267,21,10,5,16
268,29,17,8,21
269,29,16,8,21
270,42,27,13,29
271,42,26,13,29
272,16,7,3,13
273,29,16,8,21
274,91,65,32,59
275,91,64,32,59
276,16,7,3,13
277,16,6,3,13
278,42,27,13,29
279,42,26,13,29
280,16,7,3,13
281,42,26,13,29
282,16,7,3,13
283,60,40,20,40
284,104,75,37,67
285,104,74,37,67
286,104,75,37,67
287,42,26,13,29
288,24,13,6,18
289,29,16,8,21
290,117,85,42,75
291,117,84,42,75
292,117,85,42,75
293,117,84,42,75
294,117,85,42,75
295,55,36,18,37
296,24,13,6,18
297,73,50,25,48
298,24,13,6,18
299,117,84,42,75
300,16,7,3,13
301,16,6,3,13
302,16,7,3,13
303,42,26,13,29
304,24,13,6,18
305,37,22,11,26
306,37,23,11,26
307,37,22,11,26
308,24,13,6,18
309,24,12,6,18
310,86,61,30,56
311,86,60,30,56
312,37,23,11,26
313,130,94,47,83
314,37,23,11,26
315,37,22,11,26
316,37,23,11,26
317,37,22,11,26
318,55,37,18,37
319,55,36,18,37
320,11,3,1,10
321,24,12,6,18
322,99,71,35,64
323,99,70,35,64
324,24,13,6,18
325,24,12,6,18
326,24,13,6,18
327,143,104,52,91
328,112,81,40,72
329,50,32,16,34
330,112,81,40,72
331,24,12,6,18
332,112,81,40,72
333,112,80,40,72
334,68,47,23,45
335,68,46,23,45
336,11,3,1,10
337,112,80,40,72
338,50,33,16,34
339,50,32,16,34
340,11,3,1,10
341,11,2,1,10
342,125,91,45,80
343,125,90,45,80
344,32,19,9,23
345,125,90,45,80
346,32,19,9,23
347,125,90,45,80
348,32,19,9,23
349,32,18,9,23
350,81,57,28,53
351,81,56,28,53
352,19,9,4,15
353,125,90,45,80
354,32,19,9,23
355,32,18,9,23
356,32,19,9,23
357,32,18,9,23
358,32,19,9,23
359,50,32,16,34
360,19,9,4,15
361,45,28,14,31
362,19,9,4,15
363,45,28,14,31
364,94,67,33,61
365,94,66,33,61
366,94,67,33,61
367,45,28,14,31
368,19,9,4,15
369,19,8,4,15
370,45,29,14,31
371,45,28,14,31
372,19,9,4,15
373,19,8,4,15
374,45,29,14,31
375,45,28,14,31
376,107,77,38,69
377,63,42,21,42
378,107,77,38,69
379,58,38,19,39
380,107,77,38,69
381,107,76,38,69
382,45,29,14,31
383,45,28,14,31
384,14,5,2,12
385,32,18,9,23
386,120,87,43,77
387,120,86,43,77
388,120,87,43,77
389,120,86,43,77
390,120,87,43,77
391,120,86,43,77
392,27,15,7,20
393,58,38,19,39
394,27,15,7,20
395,76,52,26,50
396,27,15,7,20
397,27,14,7,20
398,120,87,43,77
399,120,86,43,77
400,27,15,7,20
401,19,8,4,15
402,19,9,4,15
403,19,8,4,15
404,27,15,7,20
405,27,14,7,20
406,40,25,12,28
407,40,24,12,28
408,27,15,7,20
409,40,24,12,28
410,27,15,7,20
411,133,96,48,85
412,89,63,31,58
413,89,62,31,58
414,89,63,31,58
415,133,96,48,85
416,14,5,2,12
417,133,96,48,85
418,40,25,12,28
419,40,24,12,28
420,40,25,12,28
421,40,24,12,28
422,40,25,12,28
423,32,18,9,23
424,14,5,2,12
425,58,38,19,39
426,14,5,2,12
427,53,34,17,36
428,102,73,36,66
429,102,72,36,66
430,102,73,36,66
431,40,24,12,28
432,115,83,41,74
433,27,14,7,20
434,27,15,7,20
435,27,14,7,20
436,115,83,41,74
437,115,82,41,74
438,53,35,17,36
439,53,34,17,36
440,115,83,41,74
441,27,14,7,20
442,115,83,41,74
443,53,34,17,36
444,71,49,24,47
445,71,48,24,47
446,71,49,24,47
447,97,68,34,63
448,22,11,5,17
449,115,82,41,74
450,53,35,17,36
451,53,34,17,36
452,14,5,2,12
453,14,4,2,12
454,14,5,2,12
455,40,24,12,28
456,35,21,10,25
457,128,92,46,82
458,35,21,10,25
459,128,92,46,82
460,35,21,10,25
461,35,20,10,25
462,128,93,46,82
463,128,92,46,82
464,22,11,5,17
465,35,20,10,25
466,84,59,29,55
467,84,58,29,55
468,22,11,5,17
469,22,10,5,17
470,128,93,46,82
471,128,92,46,82
472,35,21,10,25
473,35,20,10,25
474,35,21,10,25
475,27,14,7,20
476,35,21,10,25
477,35,20,10,25
478,53,35,17,36
479,53,34,17,36
480,22,11,5,17
481,48,30,15,33
482,22,11,5,17
483,22,10,5,17
484,97,69,34,63
485,97,68,34,63
486,97,69,34,63
487,141,102,51,90
488,22,11,5,17
489,48,30,15,33
490,22,11,5,17
491,141,102,51,90
492,48,31,15,33
493,48,30,15,33
494,48,31,15,33
495,97,68,34,63
496,110,79,39,71
497,22,10,5,17
498,48,31,15,33
499,48,30,15,33
500,110,79,39,71
501,110,78,39,71
502,66,45,22,44
503,66,44,22,44
504,110,79,39,71
505,61,40,20,41
506,110,79,39,71
507,35,20,10,25
508,48,31,15,33
509,48,30,15,33
510,48,31,15,33
511,61,40,20,41
512,9,1,0,9
513,35,20,10,25
514,123,89,44,79
515,123,88,44,79
516,123,89,44,79
517,123,88,44,79
518,123,89,44,79
519,61,40,20,41
520,30,17,8,22
521,123,88,44,79
522,30,17,8,22
523,123,88,44,79
524,30,17,8,22
525,30,16,8,22
526,79,55,27,52
527,79,54,27,52
528,30,17,8,22
529,30,16,8,22
530,123,89,44,79
531,123,88,44,79
532,30,17,8,22
533,30,16,8,22
534,22,11,5,17
535,22,10,5,17
536,30,17,8,22
537,22,10,5,17
538,30,17,8,22
539,48,30,15,33
540,43,27,13,30
541,43,26,13,30
542,43,27,13,30
543,136,98,49,87
544,17,7,3,14
545,43,26,13,30
546,30,17,8,22
547,30,16,8,22
548,92,65,32,60
549,92,64,32,60
550,92,65,32,60
551,43,26,13,30
552,17,7,3,14
553,136,98,49,87
554,17,7,3,14
555,30,16,8,22
556,43,27,13,30
557,43,26,13,30
558,43,27,13,30
559,87,60,30,57
560,17,7,3,14
561,43,26,13,30
562,43,27,13,30
563,43,26,13,30
564,17,7,3,14
565,17,6,3,14
566,61,41,20,41
567,61,40,20,41
568,105,75,37,68
569,56,36,18,38
570,105,75,37,68
571,30,16,8,22
572,105,75,37,68
573,105,74,37,68
574,43,27,13,30
575,43,26,13,30
576,25,13,6,19
577,30,16,8,22
578,30,17,8,22
579,30,16,8,22
580,118,85,42,76
581,118,84,42,76
582,118,85,42,76
583,30,16,8,22
584,118,85,42,76
585,56,36,18,38
586,118,85,42,76
587,118,84,42,76
588,118,85,42,76
589,118,84,42,76
590,56,37,18,38
591,56,36,18,38
592,25,13,6,19
593,74,50,25,49
594,74,51,25,49
595,74,50,25,49
596,25,13,6,19
597,25,12,6,19
598,118,85,42,76
599,118,84,42,76
600,17,7,3,14
601,56,36,18,38
602,17,7,3,14
603,69,46,23,46
604,17,7,3,14
605,17,6,3,14
606,43,27,13,30
607,43,26,13,30
608,25,13,6,19
609,131,94,47,84
610,38,23,11,27
611,38,22,11,27
612,38,23,11,27
613,38,22,11,27
614,38,23,11,27
615,69,46,23,46
616,25,13,6,19
617,131,94,47,84
618,25,13,6,19
619,131,94,47,84
620,87,61,30,57
621,87,60,30,57
622,87,61,30,57
623,131,94,47,84
624,38,23,11,27
625,25,12,6,19
626,131,95,47,84
627,131,94,47,84
628,38,23,11,27
629,38,22,11,27
630,38,23,11,27
631,38,22,11,27
632,38,23,11,27
633,30,16,8,22
634,38,23,11,27
635,30,16,8,22
636,56,37,18,38
637,56,36,18,38
638,56,37,18,38
639,131,94,47,84
640,12,3,1,11
641,51,32,16,35
642,25,13,6,19
643,25,12,6,19
644,100,71,35,65
645,100,70,35,65
646,100,71,35,65
647,38,22,11,27
648,25,13,6,19
649,144,104,52,92
650,25,13,6,19
651,100,70,35,65
652,25,13,6,19
653,25,12,6,19
654,144,105,52,92
655,144,104,52,92
656,113,81,40,73
657,51,32,16,35
658,51,33,16,35
659,51,32,16,35
660,113,81,40,73
661,113,80,40,73
662,25,13,6,19
663,25,12,6,19
664,113,81,40,73
665,51,32,16,35
666,113,81,40,73
667,144,104,52,92
668,69,47,23,46
669,69,46,23,46
670,69,47,23,46
671,95,66,33,62
672,12,3,1,11
673,64,42,21,43
674,113,81,40,73
675,113,80,40,73
676,51,33,16,35
677,51,32,16,35
678,51,33,16,35
679,64,42,21,43
680,12,3,1,11
681,64,42,21,43
682,12,3,1,11
683,38,22,11,27
684,126,91,45,81
685,126,90,45,81
686,126,91,45,81
687,38,22,11,27
688,33,19,9,24
689,126,90,45,81
690,126,91,45,81
691,126,90,45,81
692,33,19,9,24
693,33,18,9,24
694,126,91,45,81
695,126,90,45,81
696,33,19,9,24
697,126,90,45,81
698,33,19,9,24
699,64,42,21,43
700,82,57,28,54
701,82,56,28,54
702,82,57,28,54
703,170,124,62,108
704,20,9,4,16
705,33,18,9,24
706,126,91,45,81
707,126,90,45,81
708,33,19,9,24
709,33,18,9,24
710,33,19,9,24
711,64,42,21,43
712,33,19,9,24
713,25,12,6,19
714,33,19,9,24
715,25,12,6,19
716,33,19,9,24
717,33,18,9,24
718,51,33,16,35
719,51,32,16,35
720,20,9,4,16
721,46,28,14,32
722,46,29,14,32
723,46,28,14,32
724,20,9,4,16
725,20,8,4,16
726,46,29,14,32
727,46,28,14,32
728,95,67,33,62
729,33,18,9,24
730,95,67,33,62
731,139,100,50,89
732,95,67,33,62
733,95,66,33,62
734,46,29,14,32
735,46,28,14,32
736,20,9,4,16
737,139,100,50,89
738,20,9,4,16
739,20,8,4,16
740,46,29,14,32
741,46,28,14,32
742,46,29,14,32
743,95,66,33,62
744,20,9,4,16
745,90,62,31,59
746,20,9,4,16
747,46,28,14,32
748,46,29,14,32
749,46,28,14,32
750,46,29,14,32
751,139,100,50,89
752,108,77,38,70
753,20,8,4,16
754,64,43,21,43
755,64,42,21,43
756,108,77,38,70
757,108,76,38,70
758,59,39,19,40
759,59,38,19,40
760,108,77,38,70
761,33,18,9,24
762,108,77,38,70
763,152,110,55,97
764,46,29,14,32
765,46,28,14,32
766,46,29,14,32
767,59,38,19,40
768,15,5,2,13
769,33,18,9,24
770,33,19,9,24
771,33,18,9,24
772,121,87,43,78
773,121,86,43,78
774,121,87,43,78
775,152,110,55,97
776,121,87,43,78
777,33,18,9,24
778,121,87,43,78
779,59,38,19,40
780,121,87,43,78
781,121,86,43,78
782,121,87,43,78
783,121,86,43,78
784,28,15,7,21
785,121,86,43,78
786,59,39,19,40
787,59,38,19,40
788,28,15,7,21
789,28,14,7,21
790,77,53,26,51
791,77,52,26,51
792,28,15,7,21
793,77,52,26,51
794,28,15,7,21
795,103,72,36,67
796,121,87,43,78
797,121,86,43,78
798,121,87,43,78
799,72,48,24,48
800,28,15,7,21
801,59,38,19,40
802,20,9,4,16
803,20,8,4,16
804,20,9,4,16
805,20,8,4,16
806,20,9,4,16
807,72,48,24,48
808,28,15,7,21
809,46,28,14,32
810,28,15,7,21
811,134,96,48,86
812,41,25,12,29
813,41,24,12,29
814,41,25,12,29
815,134,96,48,86
816,28,15,7,21
817,41,24,12,29
818,41,25,12,29
819,41,24,12,29
820,28,15,7,21
821,28,14,7,21
822,134,97,48,86
823,134,96,48,86
824,90,63,31,59
825,134,96,48,86
826,90,63,31,59
827,41,24,12,29
828,90,63,31,59
829,90,62,31,59
830,134,97,48,86
831,134,96,48,86
832,15,5,2,13
833,28,14,7,21
834,134,97,48,86
835,134,96,48,86
836,41,25,12,29
837,41,24,12,29
838,41,25,12,29
839,85,58,29,56
840,41,25,12,29
841,41,24,12,29
842,41,25,12,29
843,41,24,12,29
844,41,25,12,29
845,41,24,12,29
846,33,19,9,24
847,33,18,9,24
848,15,5,2,13
849,59,38,19,40
850,59,39,19,40
851,59,38,19,40
852,15,5,2,13
853,15,4,2,13
854,54,35,17,37
855,54,34,17,37
856,103,73,36,67
857,28,14,7,21
858,103,73,36,67
859,147,106,53,94
860,103,73,36,67
861,103,72,36,67
862,41,25,12,29
863,41,24,12,29
864,116,83,41,75
865,147,106,53,94
866,28,15,7,21
867,28,14,7,21
868,28,15,7,21
869,28,14,7,21
870,28,15,7,21
871,178,130,65,113
872,116,83,41,75
873,147,106,53,94
874,116,83,41,75
875,28,14,7,21
876,54,35,17,37
877,54,34,17,37
878,54,35,17,37
879,147,106,53,94
880,116,83,41,75
881,116,82,41,75
882,28,15,7,21
883,28,14,7,21
884,116,83,41,75
885,116,82,41,75
886,54,35,17,37
887,54,34,17,37
888,72,49,24,48
889,147,106,53,94
890,72,49,24,48
891,46,28,14,32
892,72,49,24,48
893,72,48,24,48
894,98,69,34,64
895,98,68,34,64
896,23,11,5,18
897,67,44,22,45
898,116,83,41,75
899,116,82,41,75
900,54,35,17,37
901,54,34,17,37
902,54,35,17,37
903,116,82,41,75
904,15,5,2,13
905,67,44,22,45
906,15,5,2,13
907,54,34,17,37
908,15,5,2,13
909,15,4,2,13
910,41,25,12,29
911,41,24,12,29
912,36,21,10,26
913,129,92,46,83
914,129,93,46,83
915,129,92,46,83
916,36,21,10,26
917,36,20,10,26
918,129,93,46,83
919,129,92,46,83
920,36,21,10,26
921,129,92,46,83
922,36,21,10,26
923,67,44,22,45
924,129,93,46,83
925,129,92,46,83
926,129,93,46,83
927,116,82,41,75
928,23,11,5,18
929,129,92,46,83
930,36,21,10,26
931,36,20,10,26
932,85,59,29,56
933,85,58,29,56
934,85,59,29,56
935,129,92,46,83
936,23,11,5,18
937,173,126,63,110
938,23,11,5,18
939,85,58,29,56
940,129,93,46,83
941,129,92,46,83
942,129,93,46,83
943,36,20,10,26
944,36,21,10,26
945,36,20,10,26
946,36,21,10,26
947,36,20,10,26
948,36,21,10,26
949,36,20,10,26
950,28,15,7,21
951,28,14,7,21
952,36,21,10,26
953,28,14,7,21
954,36,21,10,26
955,28,14,7,21
956,54,35,17,37
957,54,34,17,37
958,54,35,17,37
959,129,92,46,83
960,23,11,5,18
961,49,30,15,34
962,49,31,15,34
963,49,30,15,34
964,23,11,5,18
965,23,10,5,18
966,23,11,5,18
967,142,102,51,91
968,98,69,34,64
969,49,30,15,34
970,98,69,34,64
971,36,20,10,26
972,98,69,34,64
973,98,68,34,64
974,142,103,51,91
975,142,102,51,91
976,23,11,5,18
977,98,68,34,64
978,49,31,15,34
979,49,30,15,34
980,23,11,5,18
981,23,10,5,18
982,142,103,51,91
983,142,102,51,91
984,49,31,15,34
985,23,10,5,18
986,49,31,15,34
987,36,20,10,26
988,49,31,15,34
989,49,30,15,34
990,98,69,34,64
991,98,68,34,64
992,111,79,39,72
993,93,64,32,61
994,23,11,5,18
995,23,10,5,18
996,49,31,15,34
997,49,30,15,34
998,49,31,15,34
999,49,30,15,34
1000,111,79,39,72
1001,142,102,51,91
1002,111,79,39,72
1003,41,24,12,29
1004,67,45,22,45
1005,67,44,22,45
1006,67,45,22,45
1007,93,64,32,61
1008,111,79,39,72
1009,111,78,39,72
1010,62,41,20,42
1011,62,40,20,42
1012,111,79,39,72
1013,111,78,39,72
1014,36,21,10,26
1015,36,20,10,26
1016,49,31,15,34
1017,155,112,56,99
1018,49,31,15,34
1019,62,40,20,42
1020,49,31,15,34
1021,49,30,15,34
1022,62,41,20,42
1023,62,40,20,42
1024,10,1,0,10
1025,36,20,10,26
1026,36,21,10,26
1027,36,20,10,26
1028,124,89,44,80
1029,124,88,44,80
1030,124,89,44,80
1031,36,20,10,26
1032,124,89,44,80
1033,155,112,56,99
1034,124,89,44,80
1035,124,88,44,80
1036,124,89,44,80
1037,124,88,44,80
1038,62,41,20,42
1039,62,40,20,42
1040,31,17,8,23
1041,124,88,44,80
1042,124,89,44,80
1043,124,88,44,80
1044,31,17,8,23
1045,31,16,8,23
1046,124,89,44,80
1047,124,88,44,80
1048,31,17,8,23
1049,62,40,20,42
1050,31,17,8,23
1051,93,64,32,61
1052,80,55,27,53
1053,80,54,27,53
1054,80,55,27,53
1055,168,122,61,107
1056,31,17,8,23
1057,80,54,27,53
1058,31,17,8,23
1059,31,16,8,23
1060,124,89,44,80
1061,124,88,44,80
1062,124,89,44,80
1063,75,50,25,50
1064,31,17,8,23
1065,75,50,25,50
1066,31,17,8,23
1067,62,40,20,42
1068,23,11,5,18
1069,23,10,5,18
1070,23,11,5,18
1071,168,122,61,107
1072,31,17,8,23
1073,23,10,5,18
1074,23,11,5,18
1075,23,10,5,18
1076,31,17,8,23
1077,31,16,8,23
1078,49,31,15,34
1079,49,30,15,34
1080,44,27,13,31
1081,137,98,49,88
1082,44,27,13,31
1083,137,98,49,88
1084,44,27,13,31
1085,44,26,13,31
1086,137,99,49,88
1087,137,98,49,88
1088,18,7,3,15
1089,44,26,13,31
1090,44,27,13,31
1091,44,26,13,31
1092,31,17,8,23
1093,31,16,8,23
1094,31,17,8,23
1095,75,50,25,50
1096,93,65,32,61
1097,137,98,49,88
1098,93,65,32,61
1099,31,16,8,23
1100,93,65,32,61
1101,93,64,32,61
1102,44,27,13,31
1103,44,26,13,31
1104,18,7,3,15
1105,93,64,32,61
1106,137,99,49,88
1107,137,98,49,88
1108,18,7,3,15
1109,18,6,3,15
1110,31,17,8,23
1111,31,16,8,23
1112,44,27,13,31
1113,137,98,49,88
1114,44,27,13,31
1115,93,64,32,61
1116,44,27,13,31
1117,44,26,13,31
1118,88,61,30,58
1119,88,60,30,58
1120,18,7,3,15
1121,44,26,13,31
1122,44,27,13,31
1123,44,26,13,31
1124,44,27,13,31
1125,44,26,13,31
1126,44,27,13,31
1127,137,98,49,88
1128,18,7,3,15
1129,36,20,10,26
1130,18,7,3,15
1131,36,20,10,26
1132,62,41,20,42
1133,62,40,20,42
1134,62,41,20,42
1135,62,40,20,42
1136,106,75,37,69
1137,18,6,3,15
1138,57,37,18,39
1139,57,36,18,39
1140,106,75,37,69
1141,106,74,37,69
1142,31,17,8,23
1143,31,16,8,23
1144,106,75,37,69
1145,150,108,54,96
1146,106,75,37,69
1147,57,36,18,39
1148,44,27,13,31
1149,44,26,13,31
1150,44,27,13,31
1151,57,36,18,39
1152,26,13,6,20
1153,150,108,54,96
1154,31,17,8,23
1155,31,16,8,23
1156,31,17,8,23
1157,31,16,8,23
1158,31,17,8,23
1159,57,36,18,39
1160,119,85,42,77
1161,181,132,66,115
1162,119,85,42,77
1163,150,108,54,96
1164,119,85,42,77
1165,119,84,42,77
1166,31,17,8,23
1167,31,16,8,23
1168,119,85,42,77
1169,57,36,18,39
1170,57,37,18,39
1171,57,36,18,39
1172,119,85,42,77
1173,119,84,42,77
1174,119,85,42,77
1175,119,84,42,77
1176,119,85,42,77
1177,31,16,8,23
1178,119,85,42,77
1179,57,36,18,39
1180,57,37,18,39
1181,57,36,18,39
1182,57,37,18,39
1183,88,60,30,58
1184,26,13,6,20
1185,150,108,54,96
1186,75,51,25,50
1187,75,50,25,50
1188,75,51,25,50
1189,75,50,25,50
1190,75,51,25,50
1191,49,30,15,34
1192,26,13,6,20
1193,101,70,35,66
1194,26,13,6,20
1195,119,84,42,77
1196,119,85,42,77
1197,119,84,42,77
1198,119,85,42,77
1199,70,46,23,47
1200,18,7,3,15
1201,57,36,18,39
1202,57,37,18,39
1203,57,36,18,39
1204,18,7,3,15
1205,18,6,3,15
1206,70,47,23,47
1207,70,46,23,47
1208,18,7,3,15
1209,57,36,18,39
1210,18,7,3,15
1211,70,46,23,47
1212,44,27,13,31
1213,44,26,13,31
1214,44,27,13,31
1215,163,118,59,104
1216,26,13,6,20
1217,132,94,47,85
1218,132,95,47,85
1219,132,94,47,85
1220,39,23,11,28
1221,39,22,11,28
1222,39,23,11,28
1223,132,94,47,85
1224,39,23,11,28
1225,132,94,47,85
1226,39,23,11,28
1227,132,94,47,85
1228,39,23,11,28
1229,39,22,11,28
1230,70,47,23,47
1231,70,46,23,47
1232,26,13,6,20
1233,132,94,47,85
1234,132,95,47,85
1235,132,94,47,85
1236,26,13,6,20
1237,26,12,6,20
1238,132,95,47,85
1239,132,94,47,85
1240,88,61,30,58
1241,39,22,11,28
1242,88,61,30,58
1243,70,46,23,47
1244,88,61,30,58
1245,88,60,30,58
1246,132,95,47,85
1247,132,94,47,85
1248,39,23,11,28
1249,176,128,64,112
1250,26,13,6,20
1251,26,12,6,20
1252,132,95,47,85
1253,132,94,47,85
1254,132,95,47,85
1255,88,60,30,58
1256,39,23,11,28
1257,39,22,11,28
1258,39,23,11,28
1259,83,56,28,55
1260,39,23,11,28
1261,39,22,11,28
1262,39,23,11,28
1263,176,128,64,112
1264,39,23,11,28
1265,39,22,11,28
1266,31,17,8,23
1267,31,16,8,23
1268,39,23,11,28
1269,39,22,11,28
1270,31,17,8,23
1271,31,16,8,23
1272,57,37,18,39
1273,31,16,8,23
1274,57,37,18,39
1275,83,56,28,55
1276,57,37,18,39
1277,57,36,18,39
1278,132,95,47,85
1279,132,94,47,85
1280,13,3,1,12
1281,52,32,16,36
1282,52,33,16,36
1283,52,32,16,36
1284,26,13,6,20
1285,26,12,6,20
1286,26,13,6,20
1287,145,104,52,93
1288,101,71,35,66
1289,145,104,52,93
1290,101,71,35,66
1291,52,32,16,36
1292,101,71,35,66
1293,101,70,35,66
1294,39,23,11,28
1295,39,22,11,28
1296,26,13,6,20
1297,101,70,35,66
1298,145,105,52,93
1299,145,104,52,93
1300,26,13,6,20
1301,26,12,6,20
1302,101,71,35,66
1303,101,70,35,66
1304,26,13,6,20
1305,52,32,16,36
1306,26,13,6,20
1307,176,128,64,112
1308,145,105,52,93
1309,145,104,52,93
1310,145,105,52,93
1311,101,70,35,66
1312,114,81,40,74
1313,26,12,6,20
1314,52,33,16,36
1315,52,32,16,36
1316,52,33,16,36
1317,52,32,16,36
1318,52,33,16,36
1319,145,104,52,93
1320,114,81,40,74
1321,101,70,35,66
1322,114,81,40,74
1323,52,32,16,36
1324,26,13,6,20
1325,26,12,6,20
1326,26,13,6,20
1327,52,32,16,36
1328,114,81,40,74
1329,52,32,16,36
1330,52,33,16,36
1331,52,32,16,36
1332,114,81,40,74
1333,114,80,40,74
1334,145,105,52,93
1335,145,104,52,93
1336,70,47,23,47
1337,44,26,13,31
1338,70,47,23,47
1339,26,12,6,20
1340,70,47,23,47
1341,70,46,23,47
1342,96,67,33,63
1343,96,66,33,63
1344,13,3,1,12
1345,114,80,40,74
1346,65,43,21,44
1347,65,42,21,44
1348,114,81,40,74
1349,114,80,40,74
1350,114,81,40,74
1351,158,114,57,101
1352,52,33,16,36
1353,39,22,11,28
1354,52,33,16,36
1355,114,80,40,74
1356,52,33,16,36
1357,52,32,16,36
1358,65,43,21,44
1359,65,42,21,44
1360,13,3,1,12
1361,52,32,16,36
1362,65,43,21,44
1363,65,42,21,44
1364,13,3,1,12
1365,13,2,1,12
1366,39,23,11,28
1367,39,22,11,28
1368,127,91,45,82
1369,39,22,11,28
1370,127,91,45,82
1371,114,80,40,74
1372,127,91,45,82
1373,127,90,45,82
1374,39,23,11,28
1375,39,22,11,28
1376,34,19,9,25
1377,158,114,57,101
1378,127,91,45,82
1379,127,90,45,82
1380,127,91,45,82
1381,127,90,45,82
1382,127,91,45,82
1383,96,66,33,63
1384,34,19,9,25
1385,65,42,21,44
1386,34,19,9,25
1387,65,42,21,44
1388,127,91,45,82
1389,127,90,45,82
1390,127,91,45,82
1391,114,80,40,74
1392,34,19,9,25
1393,34,18,9,25
1394,127,91,45,82
1395,127,90,45,82
1396,34,19,9,25
1397,34,18,9,25
1398,65,43,21,44
1399,65,42,21,44
1400,83,57,28,55
1401,96,66,33,63
1402,83,57,28,55
1403,127,90,45,82
1404,83,57,28,55
1405,83,56,28,55
1406,171,125,62,109
1407,171,124,62,109
1408,21,9,4,17
1409,83,56,28,55
1410,34,19,9,25
1411,34,18,9,25
1412,127,91,45,82
1413,127,90,45,82
1414,127,91,45,82
1415,34,18,9,25
1416,34,19,9,25
1417,78,52,26,52
1418,34,19,9,25
1419,127,90,45,82
1420,34,19,9,25
1421,34,18,9,25
1422,65,43,21,44
1423,65,42,21,44
1424,34,19,9,25
1425,26,12,6,20
1426,26,13,6,20
1427,26,12,6,20
1428,34,19,9,25
1429,34,18,9,25
1430,26,13,6,20
1431,26,12,6,20
1432,34,19,9,25
1433,26,12,6,20
1434,34,19,9,25
1435,78,52,26,52
1436,52,33,16,36
1437,52,32,16,36
1438,52,33,16,36
1439,127,90,45,82
1440,21,9,4,17
1441,140,100,50,90
1442,47,29,14,33
1443,47,28,14,33
1444,47,29,14,33
1445,47,28,14,33
1446,47,29,14,33
1447,52,32,16,36
1448,21,9,4,17
1449,140,100,50,90
1450,21,9,4,17
1451,140,100,50,90
1452,47,29,14,33
1453,47,28,14,33
1454,47,29,14,33
1455,140,100,50,90
1456,96,67,33,63
1457,34,18,9,25
1458,34,19,9,25
1459,34,18,9,25
1460,96,67,33,63
1461,96,66,33,63
1462,140,101,50,90
1463,140,100,50,90
1464,96,67,33,63
1465,34,18,9,25
1466,96,67,33,63
1467,140,100,50,90
1468,47,29,14,33
1469,47,28,14,33
1470,47,29,14,33
1471,171,124,62,109
1472,21,9,4,17
1473,96,66,33,63
1474,140,101,50,90
1475,140,100,50,90
1476,21,9,4,17
1477,21,8,4,17
1478,21,9,4,17
1479,96,66,33,63
1480,47,29,14,33
1481,34,18,9,25
1482,47,29,14,33
1483,140,100,50,90
1484,47,29,14,33
1485,47,28,14,33
1486,96,67,33,63
1487,96,66,33,63
1488,21,9,4,17
1489,47,28,14,33
1490,91,63,31,60
1491,91,62,31,60
1492,21,9,4,17
1493,21,8,4,17
1494,47,29,14,33
1495,47,28,14,33
1496,47,29,14,33
1497,47,28,14,33
1498,47,29,14,33
1499,47,28,14,33
1500,47,29,14,33
1501,47,28,14,33
1502,140,101,50,90
1503,140,100,50,90
1504,109,77,38,71
1505,39,22,11,28
1506,21,9,4,17
1507,21,8,4,17
1508,65,43,21,44
1509,65,42,21,44
1510,65,43,21,44
1511,91,62,31,60
1512,109,77,38,71
1513,65,42,21,44
1514,109,77,38,71
1515,140,100,50,90
1516,60,39,19,41
1517,60,38,19,41
1518,60,39,19,41
1519,153,110,55,98
1520,109,77,38,71
1521,109,76,38,71
1522,34,19,9,25
1523,34,18,9,25
1524,109,77,38,71
1525,109,76,38,71
1526,153,111,55,98
1527,153,110,55,98
1528,47,29,14,33
1529,60,38,19,41
1530,47,29,14,33
1531,60,38,19,41
1532,47,29,14,33
1533,47,28,14,33
1534,60,39,19,41
1535,60,38,19,41
1536,16,5,2,14
1537,153,110,55,98
1538,34,19,9,25
1539,34,18,9,25
1540,34,19,9,25
1541,34,18,9,25
1542,34,19,9,25
1543,109,76,38,71
1544,122,87,43,79
1545,60,38,19,41
1546,122,87,43,79
1547,34,18,9,25
1548,122,87,43,79
1549,122,86,43,79
1550,153,111,55,98
1551,153,110,55,98
1552,122,87,43,79
1553,122,86,43,79
1554,34,19,9,25
1555,34,18,9,25
1556,122,87,43,79
1557,122,86,43,79
1558,60,39,19,41
1559,60,38,19,41
1560,122,87,43,79
1561,60,38,19,41
1562,122,87,43,79
1563,153,110,55,98
1564,122,87,43,79
1565,122,86,43,79
1566,122,87,43,79
1567,60,38,19,41
1568,29,15,7,22
1569,34,18,9,25
1570,122,87,43,79
1571,122,86,43,79
1572,60,39,19,41
1573,60,38,19,41
1574,60,39,19,41
1575,60,38,19,41
1576,29,15,7,22
1577,91,62,31,60
1578,29,15,7,22
1579,122,86,43,79
1580,78,53,26,52
1581,78,52,26,52
1582,78,53,26,52
1583,166,120,60,106
1584,29,15,7,22
1585,78,52,26,52
1586,78,53,26,52
1587,78,52,26,52
1588,29,15,7,22
1589,29,14,7,22
1590,104,73,36,68
1591,104,72,36,68
1592,122,87,43,79
1593,122,86,43,79
1594,122,87,43,79
1595,73,48,24,49
1596,122,87,43,79
1597,122,86,43,79
1598,73,49,24,49
1599,73,48,24,49
1600,29,15,7,22
1601,60,38,19,41
1602,60,39,19,41
1603,60,38,19,41
1604,21,9,4,17
1605,21,8,4,17
1606,21,9,4,17
1607,166,120,60,106
1608,21,9,4,17
1609,73,48,24,49
1610,21,9,4,17
1611,21,8,4,17
1612,21,9,4,17
1613,21,8,4,17
1614,73,49,24,49
1615,73,48,24,49
1616,29,15,7,22
1617,47,28,14,33
1618,47,29,14,33
1619,47,28,14,33
1620,29,15,7,22
1621,29,14,7,22
1622,135,97,48,87
1623,135,96,48,87
1624,42,25,12,30
1625,135,96,48,87
1626,42,25,12,30
1627,73,48,24,49
1628,42,25,12,30
1629,42,24,12,30
1630,135,97,48,87
1631,135,96,48,87
1632,29,15,7,22
1633,135,96,48,87
1634,42,25,12,30
1635,42,24,12,30
1636,42,25,12,30
1637,42,24,12,30
1638,42,25,12,30
1639,104,72,36,68
1640,29,15,7,22
1641,73,48,24,49
1642,29,15,7,22
1643,73,48,24,49
1644,135,97,48,87
1645,135,96,48,87
1646,135,97,48,87
1647,135,96,48,87
1648,91,63,31,60
1649,29,14,7,22
1650,135,97,48,87
1651,135,96,48,87
1652,91,63,31,60
1653,91,62,31,60
1654,42,25,12,30
1655,42,24,12,30
1656,91,63,31,60
1657,73,48,24,49
1658,91,63,31,60
1659,42,24,12,30
1660,135,97,48,87
1661,135,96,48,87
1662,135,97,48,87
1663,73,48,24,49
1664,16,5,2,14
1665,179,130,65,114
1666,29,15,7,22
1667,29,14,7,22
1668,135,97,48,87
1669,135,96,48,87
1670,135,97,48,87
1671,42,24,12,30
1672,42,25,12,30
1673,91,62,31,60
1674,42,25,12,30
1675,135,96,48,87
1676,42,25,12,30
1677,42,24,12,30
1678,86,59,29,57
1679,86,58,29,57
1680,42,25,12,30
1681,42,24,12,30
1682,42,25,12,30
1683,42,24,12,30
1684,42,25,12,30
1685,42,24,12,30
1686,42,25,12,30
1687,42,24,12,30
1688,42,25,12,30
1689,34,18,9,25
1690,42,25,12,30
1691,135,96,48,87
1692,34,19,9,25
1693,34,18,9,25
1694,34,19,9,25
1695,179,130,65,114
1696,16,5,2,14
1697,34,18,9,25
1698,60,39,19,41
1699,60,38,19,41
1700,60,39,19,41
1701,60,38,19,41
1702,60,39,19,41
1703,60,38,19,41
1704,16,5,2,14
1705,135,96,48,87
1706,16,5,2,14
1707,148,106,53,95
1708,55,35,17,38
1709,55,34,17,38
1710,55,35,17,38
1711,148,106,53,95
1712,104,73,36,68
1713,29,14,7,22
1714,29,15,7,22
1715,29,14,7,22
1716,104,73,36,68
1717,104,72,36,68
1718,148,107,53,95
1719,148,106,53,95
1720,104,73,36,68
1721,55,34,17,38
1722,104,73,36,68
1723,55,34,17,38
1724,42,25,12,30
1725,42,24,12,30
1726,42,25,12,30
1727,55,34,17,38
1728,117,83,41,76
1729,104,72,36,68
1730,148,107,53,95
1731,148,106,53,95
1732,29,15,7,22
1733,29,14,7,22
1734,29,15,7,22
1735,104,72,36,68
1736,29,15,7,22
1737,104,72,36,68
1738,29,15,7,22
1739,55,34,17,38
1740,29,15,7,22
1741,29,14,7,22
1742,179,131,65,114
1743,179,130,65,114
1744,117,83,41,76
1745,148,106,53,95
1746,148,107,53,95
1747,148,106,53,95
1748,117,83,41,76
1749,117,82,41,76
1750,29,15,7,22
1751,29,14,7,22
1752,55,35,17,38
1753,55,34,17,38
1754,55,35,17,38
1755,42,24,12,30
1756,55,35,17,38
1757,55,34,17,38
1758,148,107,53,95
1759,148,106,53,95
1760,117,83,41,76
1761,104,72,36,68
1762,117,83,41,76
1763,117,82,41,76
1764,29,15,7,22
1765,29,14,7,22
1766,29,15,7,22
1767,148,106,53,95
1768,117,83,41,76
1769,55,34,17,38
1770,117,83,41,76
1771,55,34,17,38
1772,55,35,17,38
1773,55,34,17,38
1774,55,35,17,38
1775,86,58,29,57
1776,73,49,24,49
1777,117,82,41,76
1778,148,107,53,95
1779,148,106,53,95
1780,73,49,24,49
1781,73,48,24,49
1782,47,29,14,33
1783,47,28,14,33
1784,73,49,24,49
1785,29,14,7,22
1786,73,49,24,49
1787,47,28,14,33
1788,99,69,34,65
1789,99,68,34,65
1790,99,69,34,65
1791,99,68,34,65
1792,24,11,5,19
1793,117,82,41,76
1794,68,45,22,46
1795,68,44,22,46
1796,117,83,41,76
1797,117,82,41,76
1798,117,83,41,76
1799,68,44,22,46
1800,55,35,17,38
1801,161,116,58,103
1802,55,35,17,38
1803,42,24,12,30
1804,55,35,17,38
1805,55,34,17,38
1806,117,83,41,76
1807,117,82,41,76
1808,16,5,2,14
1809,55,34,17,38
1810,68,45,22,46
1811,68,44,22,46
1812,16,5,2,14
1813,16,4,2,14
1814,55,35,17,38
1815,55,34,17,38
1816,16,5,2,14
1817,68,44,22,46
1818,16,5,2,14
1819,161,116,58,103
1820,42,25,12,30
1821,42,24,12,30
1822,42,25,12,30
1823,161,116,58,103
1824,37,21,10,27
1825,42,24,12,30
1826,130,93,46,84
1827,130,92,46,84
1828,130,93,46,84
1829,130,92,46,84
1830,130,93,46,84
1831,68,44,22,46
1832,37,21,10,27
1833,42,24,12,30
1834,37,21,10,27
1835,130,92,46,84
1836,130,93,46,84
1837,130,92,46,84
1838,130,93,46,84
1839,161,116,58,103
1840,37,21,10,27
1841,130,92,46,84
1842,130,93,46,84
1843,130,92,46,84
1844,37,21,10,27
1845,37,20,10,27
1846,68,45,22,46
1847,68,44,22,46
1848,130,93,46,84
1849,68,44,22,46
1850,130,93,46,84
1851,130,92,46,84
1852,130,93,46,84
1853,130,92,46,84
1854,117,83,41,76
1855,117,82,41,76
1856,24,11,5,19
1857,37,20,10,27
1858,130,93,46,84
1859,130,92,46,84
1860,37,21,10,27
1861,37,20,10,27
1862,37,21,10,27
1863,68,44,22,46
1864,86,59,29,57
1865,68,44,22,46
1866,86,59,29,57
1867,37,20,10,27
1868,86,59,29,57
1869,86,58,29,57
1870,130,93,46,84
1871,130,92,46,84
1872,24,11,5,19
1873,86,58,29,57
1874,174,127,63,111
1875,174,126,63,111
1876,24,11,5,19
1877,24,10,5,19
1878,86,59,29,57
1879,86,58,29,57
1880,130,93,46,84
1881,37,20,10,27
1882,130,93,46,84
1883,86,58,29,57
1884,130,93,46,84
1885,130,92,46,84
1886,37,21,10,27
1887,37,20,10,27
1888,37,21,10,27
1889,81,54,27,54
1890,37,21,10,27
1891,37,20,10,27
1892,37,21,10,27
1893,37,20,10,27
1894,37,21,10,27
1895,174,126,63,111
1896,37,21,10,27
1897,68,44,22,46
1898,37,21,10,27
1899,68,44,22,46
1900,29,15,7,22
1901,29,14,7,22
1902,29,15,7,22
1903,130,92,46,84
1904,37,21,10,27
1905,37,20,10,27
1906,29,15,7,22
1907,29,14,7,22
1908,37,21,10,27
1909,37,20,10,27
1910,29,15,7,22
1911,29,14,7,22
1912,55,35,17,38
1913,81,54,27,54
1914,55,35,17,38
1915,174,126,63,111
1916,55,35,17,38
1917,55,34,17,38
1918,130,93,46,84
1919,130,92,46,84
1920,24,11,5,19
1921,143,102,51,92
1922,50,31,15,35
1923,50,30,15,35
1924,50,31,15,35
1925,50,30,15,35
1926,50,31,15,35
1927,50,30,15,35
1928,24,11,5,19
1929,55,34,17,38
1930,24,11,5,19
1931,143,102,51,92
1932,24,11,5,19
1933,24,10,5,19
1934,143,103,51,92
1935,143,102,51,92
1936,99,69,34,65
1937,50,30,15,35
1938,50,31,15,35
1939,50,30,15,35
1940,99,69,34,65
1941,99,68,34,65
1942,37,21,10,27
1943,37,20,10,27
1944,99,69,34,65
1945,37,20,10,27
1946,99,69,34,65
1947,81,54,27,54
1948,143,103,51,92
1949,143,102,51,92
1950,143,103,51,92
1951,174,126,63,111
1952,24,11,5,19
1953,37,20,10,27
1954,99,69,34,65
1955,99,68,34,65
1956,50,31,15,35
1957,50,30,15,35
1958,50,31,15,35
1959,81,54,27,54
1960,24,11,5,19
1961,174,126,63,111
1962,24,11,5,19
1963,81,54,27,54
1964,143,103,51,92
1965,143,102,51,92
1966,143,103,51,92
1967,99,68,34,65
1968,50,31,15,35
1969,24,10,5,19
1970,24,11,5,19
1971,24,10,5,19
1972,50,31,15,35
1973,50,30,15,35
1974,37,21,10,27
1975,37,20,10,27
1976,50,31,15,35
1977,143,102,51,92
1978,50,31,15,35
1979,143,102,51,92
1980,99,69,34,65
1981,99,68,34,65
1982,99,69,34,65
1983,50,30,15,35
1984,112,79,39,73
1985,50,30,15,35
1986,94,65,32,62
1987,94,64,32,62
1988,24,11,5,19
1989,24,10,5,19
1990,24,11,5,19
1991,50,30,15,35
1992,50,31,15,35
1993,50,30,15,35
1994,50,31,15,35
1995,50,30,15,35
1996,50,31,15,35
1997,50,30,15,35
1998,50,31,15,35
1999,50,30,15,35
2000,112,79,39,73
2001,50,30,15,35
2002,143,103,51,92
2003,143,102,51,92
2004,112,79,39,73
2005,112,78,39,73
2006,42,25,12,30
2007,42,24,12,30
2008,68,45,22,46
2009,24,10,5,19
2010,68,45,22,46
2011,42,24,12,30
2012,68,45,22,46
2013,68,44,22,46
2014,94,65,32,62
2015,94,64,32,62
2016,112,79,39,73
2017,68,44,22,46
2018,112,79,39,73
2019,112,78,39,73
2020,63,41,20,43
2021,63,40,20,43
2022,63,41,20,43
2023,156,112,56,100
2024,112,79,39,73
2025,156,112,56,100
2026,112,79,39,73
2027,156,112,56,100
2028,37,21,10,27
2029,37,20,10,27
2030,37,21,10,27
2031,63,40,20,43
2032,50,31,15,35
2033,112,78,39,73
2034,156,113,56,100
2035,156,112,56,100
2036,50,31,15,35
2037,50,30,15,35
2038,63,41,20,43
2039,63,40,20,43
2040,50,31,15,35
2041,63,40,20,43
2042,50,31,15,35
2043,156,112,56,100
2044,63,41,20,43
2045,63,40,20,43
2046,63,41,20,43
2047,156,112,56,100
2048,11,1,0,11
2049,156,112,56,100
2050,37,21,10,27
2051,37,20,10,27
2052,37,21,10,27
2053,37,20,10,27
2054,37,21,10,27
2055,37,20,10,27
2056,125,89,44,81
2057,112,78,39,73
2058,125,89,44,81
2059,37,20,10,27
2060,125,89,44,81
2061,125,88,44,81
2062,37,21,10,27
2063,37,20,10,27
2064,125,89,44,81
2065,125,88,44,81
2066,156,113,56,100
2067,156,112,56,100
2068,125,89,44,81
2069,125,88,44,81
2070,125,89,44,81
2071,125,88,44,81
2072,125,89,44,81
2073,37,20,10,27
2074,125,89,44,81
2075,94,64,32,62
2076,63,41,20,43
2077,63,40,20,43
2078,63,41,20,43
2079,50,30,15,35
2080,32,17,8,24
2081,63,40,20,43
2082,125,89,44,81
2083,125,88,44,81
2084,125,89,44,81
2085,125,88,44,81
2086,125,89,44,81
2087,112,78,39,73
2088,32,17,8,24
2089,63,40,20,43
2090,32,17,8,24
2091,37,20,10,27
2092,125,89,44,81
2093,125,88,44,81
2094,125,89,44,81
2095,107,74,37,70
2096,32,17,8,24
2097,63,40,20,43
2098,63,41,20,43
2099,63,40,20,43
2100,32,17,8,24
2101,32,16,8,24
2102,94,65,32,62
2103,94,64,32,62
2104,81,55,27,54
2105,125,88,44,81
2106,81,55,27,54
2107,156,112,56,100
2108,81,55,27,54
2109,81,54,27,54
2110,169,123,61,108
2111,169,122,61,108
2112,32,17,8,24
2113,81,54,27,54
2114,81,55,27,54
2115,81,54,27,54
2116,32,17,8,24
2117,32,16,8,24
2118,32,17,8,24
2119,81,54,27,54
2120,125,89,44,81
2121,107,74,37,70
2122,125,89,44,81
2123,32,16,8,24
2124,125,89,44,81
2125,125,88,44,81
2126,76,51,25,51
2127,76,50,25,51
2128,32,17,8,24
2129,125,88,44,81
2130,76,51,25,51
2131,76,50,25,51
2132,32,17,8,24
2133,32,16,8,24
2134,63,41,20,43
2135,63,40,20,43
2136,24,11,5,19
2137,63,40,20,43
2138,24,11,5,19
2139,76,50,25,51
2140,24,11,5,19
2141,24,10,5,19
2142,169,123,61,108
2143,169,122,61,108
2144,32,17,8,24
2145,76,50,25,51
2146,24,11,5,19
2147,24,10,5,19
2148,24,11,5,19
2149,24,10,5,19
2150,24,11,5,19
2151,107,74,37,70
2152,32,17,8,24
2153,76,50,25,51
2154,32,17,8,24
2155,169,122,61,108
2156,50,31,15,35
2157,50,30,15,35
2158,50,31,15,35
2159,125,88,44,81
2160,45,27,13,32
2161,32,16,8,24
2162,138,99,49,89
2163,138,98,49,89
2164,45,27,13,32
2165,45,26,13,32
2166,138,99,49,89
2167,138,98,49,89
2168,45,27,13,32
2169,76,50,25,51
2170,45,27,13,32
2171,50,30,15,35
2172,138,99,49,89
2173,138,98,49,89
2174,138,99,49,89
2175,76,50,25,51
2176,19,7,3,16
2177,138,98,49,89
2178,45,27,13,32
2179,45,26,13,32
2180,45,27,13,32
2181,45,26,13,32
2182,45,27,13,32
2183,138,98,49,89
2184,32,17,8,24
2185,107,74,37,70
2186,32,17,8,24
2187,76,50,25,51
2188,32,17,8,24
2189,32,16,8,24
2190,76,51,25,51
2191,76,50,25,51
2192,94,65,32,62
2193,138,98,49,89
2194,138,99,49,89
2195,138,98,49,89
2196,94,65,32,62
2197,94,64,32,62
2198,32,17,8,24
2199,32,16,8,24
2200,94,65,32,62
2201,138,98,49,89
2202,94,65,32,62
2203,50,30,15,35
2204,45,27,13,32
2205,45,26,13,32
2206,45,27,13,32
2207,169,122,61,108
2208,19,7,3,16
2209,76,50,25,51
2210,94,65,32,62
2211,94,64,32,62
2212,138,99,49,89
2213,138,98,49,89
2214,138,99,49,89
2215,120,84,42,78
2216,19,7,3,16
2217,76,50,25,51
2218,19,7,3,16
2219,94,64,32,62
2220,32,17,8,24
2221,32,16,8,24
2222,32,17,8,24
2223,182,132,66,116
2224,45,27,13,32
2225,138,98,49,89
2226,138,99,49,89
2227,138,98,49,89
2228,45,27,13,32
2229,45,26,13,32
2230,94,65,32,62
2231,94,64,32,62
2232,45,27,13,32
2233,138,98,49,89
2234,45,27,13,32
2235,45,26,13,32
2236,89,61,30,59
2237,89,60,30,59
2238,89,61,30,59
2239,138,98,49,89
2240,19,7,3,16
2241,45,26,13,32
2242,45,27,13,32
2243,45,26,13,32
2244,45,27,13,32
2245,45,26,13,32
2246,45,27,13,32
2247,76,50,25,51
2248,45,27,13,32
2249,45,26,13,32
2250,45,27,13,32
2251,37,20,10,27
2252,45,27,13,32
2253,45,26,13,32
2254,138,99,49,89
2255,138,98,49,89
2256,19,7,3,16
2257,37,20,10,27
2258,37,21,10,27
2259,37,20,10,27
2260,19,7,3,16
2261,19,6,3,16
2262,37,21,10,27
2263,37,20,10,27
2264,63,41,20,43
2265,63,40,20,43
2266,63,41,20,43
2267,89,60,30,59
2268,63,41,20,43
2269,63,40,20,43
2270,63,41,20,43
2271,63,40,20,43
2272,107,75,37,70
2273,138,98,49,89
2274,19,7,3,16
2275,19,6,3,16
2276,58,37,18,40
2277,58,36,18,40
2278,58,37,18,40
2279,151,108,54,97
2280,107,75,37,70
2281,151,108,54,97
2282,107,75,37,70
2283,58,36,18,40
2284,32,17,8,24
2285,32,16,8,24
2286,32,17,8,24
2287,120,84,42,78
2288,107,75,37,70
2289,107,74,37,70
2290,151,109,54,97
2291,151,108,54,97
2292,107,75,37,70
2293,107,74,37,70
2294,58,37,18,40
2295,58,36,18,40
2296,45,27,13,32
2297,58,36,18,40
2298,45,27,13,32
2299,151,108,54,97
2300,45,27,13,32
2301,45,26,13,32
2302,58,37,18,40
2303,58,36,18,40
2304,27,13,6,21
2305,107,74,37,70
2306,151,109,54,97
2307,151,108,54,97
2308,32,17,8,24
2309,32,16,8,24
2310,32,17,8,24
2311,151,108,54,97
2312,32,17,8,24
2313,107,74,37,70
2314,32,17,8,24
2315,107,74,37,70
2316,32,17,8,24
2317,32,16,8,24
2318,58,37,18,40
2319,58,36,18,40
2320,120,85,42,78
2321,32,16,8,24
2322,182,133,66,116
2323,182,132,66,116
2324,120,85,42,78
2325,120,84,42,78
2326,151,109,54,97
2327,151,108,54,97
2328,120,85,42,78
2329,151,108,54,97
2330,120,85,42,78
2331,107,74,37,70
2332,32,17,8,24
2333,32,16,8,24
2334,32,17,8,24
2335,89,60,30,59
2336,120,85,42,78
2337,58,36,18,40
2338,58,37,18,40
2339,58,36,18,40
2340,58,37,18,40
2341,58,36,18,40
2342,58,37,18,40
2343,151,108,54,97
2344,120,85,42,78
2345,151,108,54,97
2346,120,85,42,78
2347,107,74,37,70
2348,120,85,42,78
2349,120,84,42,78
2350,120,85,42,78
2351,58,36,18,40
2352,120,85,42,78
2353,32,16,8,24
2354,32,17,8,24
2355,32,16,8,24
2356,120,85,42,78
2357,120,84,42,78
2358,58,37,18,40
2359,58,36,18,40
2360,58,37,18,40
2361,58,36,18,40
2362,58,37,18,40
2363,58,36,18,40
2364,58,37,18,40
2365,58,36,18,40
2366,89,61,30,59
2367,89,60,30,59
2368,27,13,6,21
2369,120,84,42,78
2370,151,109,54,97
2371,151,108,54,97
2372,76,51,25,51
2373,76,50,25,51
2374,76,51,25,51
2375,164,118,59,105
2376,76,51,25,51
2377,50,30,15,35
2378,76,51,25,51
2379,76,50,25,51
2380,76,51,25,51
2381,76,50,25,51
2382,50,31,15,35
2383,50,30,15,35
2384,27,13,6,21
2385,102,70,35,67
2386,102,71,35,67
2387,102,70,35,67
2388,27,13,6,21
2389,27,12,6,21
2390,120,85,42,78
2391,120,84,42,78
2392,120,85,42,78
2393,71,46,23,48
2394,120,85,42,78
2395,32,16,8,24
2396,120,85,42,78
2397,120,84,42,78
2398,71,47,23,48
2399,71,46,23,48
2400,19,7,3,16
2401,164,118,59,105
2402,58,37,18,40
2403,58,36,18,40
2404,58,37,18,40
2405,58,36,18,40
2406,58,37,18,40
2407,71,46,23,48
2408,19,7,3,16
2409,120,84,42,78
2410,19,7,3,16
2411,164,118,59,105
2412,71,47,23,48
2413,71,46,23,48
2414,71,47,23,48
2415,120,84,42,78
2416,19,7,3,16
2417,19,6,3,16
2418,58,37,18,40
2419,58,36,18,40
2420,19,7,3,16
2421,19,6,3,16
2422,71,47,23,48
2423,71,46,23,48
2424,45,27,13,32
2425,164,118,59,105
2426,45,27,13,32
2427,120,84,42,78
2428,45,27,13,32
2429,45,26,13,32
2430,164,119,59,105
2431,164,118,59,105
2432,27,13,6,21
2433,45,26,13,32
2434,133,95,47,86
2435,133,94,47,86
2436,133,95,47,86
2437,133,94,47,86
2438,133,95,47,86
2439,133,94,47,86
2440,40,23,11,29
2441,71,46,23,48
2442,40,23,11,29
2443,45,26,13,32
2444,40,23,11,29
2445,40,22,11,29
2446,133,95,47,86
2447,133,94,47,86
2448,40,23,11,29
2449,133,94,47,86
2450,133,95,47,86
2451,133,94,47,86
2452,40,23,11,29
2453,40,22,11,29
2454,133,95,47,86
2455,133,94,47,86
2456,40,23,11,29
2457,133,94,47,86
2458,40,23,11,29
2459,102,70,35,67
2460,71,47,23,48
2461,71,46,23,48
2462,71,47,23,48
2463,208,152,76,132
2464,27,13,6,21
2465,71,46,23,48
2466,133,95,47,86
2467,133,94,47,86
2468,133,95,47,86
2469,133,94,47,86
2470,133,95,47,86
2471,133,94,47,86
2472,27,13,6,21
2473,120,84,42,78
2474,27,13,6,21
2475,71,46,23,48
2476,133,95,47,86
2477,133,94,47,86
2478,133,95,47,86
2479,45,26,13,32
2480,89,61,30,59
2481,40,22,11,29
2482,40,23,11,29
2483,40,22,11,29
2484,89,61,30,59
2485,89,60,30,59
2486,71,47,23,48
2487,71,46,23,48
2488,89,61,30,59
2489,40,22,11,29
2490,89,61,30,59
2491,102,70,35,67
2492,133,95,47,86
2493,133,94,47,86
2494,133,95,47,86
2495,71,46,23,48
2496,40,23,11,29
2497,89,60,30,59
2498,177,129,64,113
2499,177,128,64,113
2500,27,13,6,21
2501,27,12,6,21
2502,27,13,6,21
2503,63,40,20,43
2504,133,95,47,86
2505,89,60,30,59
2506,133,95,47,86
2507,40,22,11,29
2508,133,95,47,86
2509,133,94,47,86
2510,89,61,30,59
2511,89,60,30,59
2512,40,23,11,29
2513,133,94,47,86
2514,40,23,11,29
2515,40,22,11,29
2516,40,23,11,29
2517,40,22,11,29
2518,84,57,28,56
2519,84,56,28,56
2520,40,23,11,29
2521,40,22,11,29
2522,40,23,11,29
2523,133,94,47,86
2524,40,23,11,29
2525,40,22,11,29
2526,177,129,64,113
2527,177,128,64,113
2528,40,23,11,29
2529,71,46,23,48
2530,40,23,11,29
2531,40,22,11,29
2532,32,17,8,24
2533,32,16,8,24
2534,32,17,8,24
2535,84,56,28,56
2536,40,23,11,29
2537,133,94,47,86
2538,40,23,11,29
2539,177,128,64,113
2540,32,17,8,24
2541,32,16,8,24
2542,32,17,8,24
2543,177,128,64,113
2544,58,37,18,40
2545,40,22,11,29
2546,32,17,8,24
2547,32,16,8,24
2548,58,37,18,40
2549,58,36,18,40
2550,84,57,28,56
2551,84,56,28,56
2552,58,37,18,40
2553,177,128,64,113
2554,58,37,18,40
2555,58,36,18,40
2556,133,95,47,86
2557,133,94,47,86
2558,133,95,47,86
2559,115,80,40,75
2560,14,3,1,13
2561,146,104,52,94
2562,53,33,16,37
2563,53,32,16,37
2564,53,33,16,37
2565,53,32,16,37
2566,53,33,16,37
2567,146,104,52,94
2568,27,13,6,21
2569,53,32,16,37
2570,27,13,6,21
2571,53,32,16,37
2572,27,13,6,21
2573,27,12,6,21
2574,146,105,52,94
2575,146,104,52,94
2576,102,71,35,67
2577,27,12,6,21
2578,146,105,52,94
2579,146,104,52,94
2580,102,71,35,67
2581,102,70,35,67
2582,53,33,16,37
2583,53,32,16,37
2584,102,71,35,67
2585,53,32,16,37
2586,102,71,35,67
2587,146,104,52,94
2588,40,23,11,29
2589,40,22,11,29
2590,40,23,11,29
2591,53,32,16,37
2592,27,13,6,21
2593,40,22,11,29
2594,102,71,35,67
2595,102,70,35,67
2596,146,105,52,94
2597,146,104,52,94
2598,146,105,52,94
2599,146,104,52,94
2600,27,13,6,21
2601,177,128,64,113
2602,27,13,6,21
2603,102,70,35,67
2604,102,71,35,67
2605,102,70,35,67
2606,102,71,35,67
2607,84,56,28,56
2608,27,13,6,21
2609,53,32,16,37
2610,53,33,16,37
2611,53,32,16,37
2612,27,13,6,21
2613,27,12,6,21
2614,177,129,64,113
2615,177,128,64,113
2616,146,105,52,94
2617,84,56,28,56
2618,146,105,52,94
2619,102,70,35,67
2620,146,105,52,94
2621,146,104,52,94
2622,102,71,35,67
2623,102,70,35,67
2624,115,81,40,75
2625,27,12,6,21
2626,27,13,6,21
2627,27,12,6,21
2628,53,33,16,37
2629,53,32,16,37
2630,53,33,16,37
2631,190,138,69,121
2632,53,33,16,37
2633,40,22,11,29
2634,53,33,16,37
2635,53,32,16,37
2636,53,33,16,37
2637,53,32,16,37
2638,146,105,52,94
2639,146,104,52,94
2640,115,81,40,75
2641,102,70,35,67
2642,102,71,35,67
2643,102,70,35,67
2644,115,81,40,75
2645,115,80,40,75
2646,53,33,16,37
2647,53,32,16,37
2648,27,13,6,21
2649,97,66,33,64
2650,27,13,6,21
2651,146,104,52,94
2652,27,13,6,21
2653,27,12,6,21
2654,53,33,16,37
2655,53,32,16,37
2656,115,81,40,75
2657,53,32,16,37
2658,53,33,16,37
2659,53,32,16,37
2660,53,33,16,37
2661,53,32,16,37
2662,53,33,16,37
2663,84,56,28,56
2664,115,81,40,75
2665,53,32,16,37
2666,115,81,40,75
2667,45,26,13,32
2668,146,105,52,94
2669,146,104,52,94
2670,146,105,52,94
2671,45,26,13,32
2672,71,47,23,48
2673,115,80,40,75
2674,45,27,13,32
2675,45,26,13,32
2676,71,47,23,48
2677,71,46,23,48
2678,27,13,6,21
2679,27,12,6,21
2680,71,47,23,48
2681,45,26,13,32
2682,71,47,23,48
2683,71,46,23,48
2684,97,67,33,64
2685,97,66,33,64
2686,97,67,33,64
2687,97,66,33,64
2688,14,3,1,13
2689,71,46,23,48
2690,115,81,40,75
2691,115,80,40,75
2692,66,43,21,45
2693,66,42,21,45
2694,66,43,21,45
2695,27,12,6,21
2696,115,81,40,75
2697,159,114,57,102
2698,115,81,40,75
2699,66,42,21,45
2700,115,81,40,75
2701,115,80,40,75
2702,159,115,57,102
2703,159,114,57,102
2704,53,33,16,37
2705,40,22,11,29
2706,40,23,11,29
2707,40,22,11,29
2708,53,33,16,37
2709,53,32,16,37
2710,115,81,40,75
2711,115,80,40,75
2712,53,33,16,37
2713,159,114,57,102
2714,53,33,16,37
2715,97,66,33,64
2716,66,43,21,45
2717,66,42,21,45
2718,66,43,21,45
2719,66,42,21,45
2720,14,3,1,13
2721,66,42,21,45
2722,53,33,16,37
2723,53,32,16,37
2724,66,43,21,45
2725,66,42,21,45
2726,66,43,21,45
2727,128,90,45,83
2728,14,3,1,13
2729,159,114,57,102
2730,14,3,1,13
2731,115,80,40,75
2732,40,23,11,29
2733,40,22,11,29
2734,40,23,11,29
2735,159,114,57,102
2736,128,91,45,83
2737,40,22,11,29
2738,40,23,11,29
2739,40,22,11,29
2740,128,91,45,83
2741,128,90,45,83
2742,115,81,40,75
2743,115,80,40,75
2744,128,91,45,83
2745,40,22,11,29
2746,128,91,45,83
2747,66,42,21,45
2748,40,23,11,29
2749,40,22,11,29
2750,40,23,11,29
2751,172,124,62,110
2752,35,19,9,26
2753,128,90,45,83
2754,159,115,57,102
2755,159,114,57,102
2756,128,91,45,83
2757,128,90,45,83
2758,128,91,45,83
2759,159,114,57,102
2760,128,91,45,83
2761,128,90,45,83
2762,128,91,45,83
2763,40,22,11,29
2764,128,91,45,83
2765,128,90,45,83
2766,97,67,33,64
2767,97,66,33,64
2768,35,19,9,26
2769,66,42,21,45
2770,66,43,21,45
2771,66,42,21,45
2772,35,19,9,26
2773,35,18,9,26
2774,66,43,21,45
2775,66,42,21,45
2776,128,91,45,83
2777,128,90,45,83
2778,128,91,45,83
2779,159,114,57,102
2780,128,91,45,83
2781,128,90,45,83
2782,115,81,40,75
2783,115,80,40,75
2784,35,19,9,26
2785,66,42,21,45
2786,35,19,9,26
2787,35,18,9,26
2788,128,91,45,83
2789,128,90,45,83
2790,128,91,45,83
2791,66,42,21,45
2792,35,19,9,26
2793,110,76,38,72
2794,35,19,9,26
2795,66,42,21,45
2796,66,43,21,45
2797,66,42,21,45
2798,66,43,21,45
2799,66,42,21,45
2800,84,57,28,56
2801,35,18,9,26
2802,97,67,33,64
2803,97,66,33,64
2804,84,57,28,56
2805,84,56,28,56
2806,128,91,45,83
2807,128,90,45,83
2808,84,57,28,56
2809,159,114,57,102
2810,84,57,28,56
2811,58,36,18,40
2812,172,125,62,110
2813,172,124,62,110
2814,172,125,62,110
2815,159,114,57,102
2816,22,9,4,18
2817,84,56,28,56
2818,84,57,28,56
2819,84,56,28,56
2820,35,19,9,26
2821,35,18,9,26
2822,35,19,9,26
2823,58,36,18,40
2824,128,91,45,83
2825,84,56,28,56
2826,128,91,45,83
2827,110,76,38,72
2828,128,91,45,83
2829,128,90,45,83
2830,35,19,9,26
2831,35,18,9,26
2832,35,19,9,26
2833,128,90,45,83
2834,79,53,26,53
2835,79,52,26,53
2836,35,19,9,26
2837,35,18,9,26
2838,128,91,45,83
2839,128,90,45,83
2840,35,19,9,26
2841,79,52,26,53
2842,35,19,9,26
2843,172,124,62,110
2844,66,43,21,45
2845,66,42,21,45
2846,66,43,21,45
2847,172,124,62,110
2848,35,19,9,26
2849,66,42,21,45
2850,27,13,6,21
2851,27,12,6,21
2852,27,13,6,21
2853,27,12,6,21
2854,27,13,6,21
2855,128,90,45,83
2856,35,19,9,26
2857,172,124,62,110
2858,35,19,9,26
2859,79,52,26,53
2860,27,13,6,21
2861,27,12,6,21
2862,27,13,6,21
2863,79,52,26,53
2864,35,19,9,26
2865,27,12,6,21
2866,27,13,6,21
2867,27,12,6,21
2868,35,19,9,26
2869,35,18,9,26
2870,79,53,26,53
2871,79,52,26,53
2872,53,33,16,37
2873,172,124,62,110
2874,53,33,16,37
2875,53,32,16,37
2876,53,33,16,37
2877,53,32,16,37
2878,128,91,45,83
2879,128,90,45,83
2880,22,9,4,18
2881,35,18,9,26
2882,141,101,50,91
2883,141,100,50,91
2884,48,29,14,34
2885,48,28,14,34
2886,48,29,14,34
2887,128,90,45,83
2888,48,29,14,34
2889,141,100,50,91
2890,48,29,14,34
2891,48,28,14,34
2892,48,29,14,34
2893,48,28,14,34
2894,53,33,16,37
2895,53,32,16,37
2896,22,9,4,18
2897,141,100,50,91
2898,141,101,50,91
2899,141,100,50,91
2900,22,9,4,18
2901,22,8,4,18
2902,141,101,50,91
2903,141,100,50,91
2904,48,29,14,34
2905,48,28,14,34
2906,48,29,14,34
2907,141,100,50,91
2908,48,29,14,34
2909,48,28,14,34
2910,141,101,50,91
2911,141,100,50,91
2912,97,67,33,64
2913,110,76,38,72
2914,35,19,9,26
2915,35,18,9,26
2916,35,19,9,26
2917,35,18,9,26
2918,35,19,9,26
2919,216,158,79,137
2920,97,67,33,64
2921,79,52,26,53
2922,97,67,33,64
2923,141,100,50,91
2924,141,101,50,91
2925,141,100,50,91
2926,141,101,50,91
2927,172,124,62,110
2928,97,67,33,64
2929,97,66,33,64
2930,35,19,9,26
2931,35,18,9,26
2932,97,67,33,64
2933,97,66,33,64
2934,141,101,50,91
2935,141,100,50,91
2936,48,29,14,34
2937,53,32,16,37
2938,48,29,14,34
2939,79,52,26,53
2940,48,29,14,34
2941,48,28,14,34
2942,172,125,62,110
2943,172,124,62,110
2944,22,9,4,18
2945,79,52,26,53
2946,97,67,33,64
2947,97,66,33,64
2948,141,101,50,91
2949,141,100,50,91
2950,141,101,50,91
2951,97,66,33,64
2952,22,9,4,18
2953,123,86,43,80
2954,22,9,4,18
2955,141,100,50,91
2956,22,9,4,18
2957,22,8,4,18
2958,97,67,33,64
2959,97,66,33,64
2960,48,29,14,34
2961,35,18,9,26
2962,35,19,9,26
2963,35,18,9,26
2964,48,29,14,34
2965,48,28,14,34
2966,141,101,50,91
2967,141,100,50,91
2968,48,29,14,34
2969,141,100,50,91
2970,48,29,14,34
2971,48,28,14,34
2972,97,67,33,64
2973,97,66,33,64
2974,97,67,33,64
2975,48,28,14,34
2976,22,9,4,18
2977,141,100,50,91
2978,48,29,14,34
2979,48,28,14,34
2980,92,63,31,61
2981,92,62,31,61
2982,92,63,31,61
2983,141,100,50,91
2984,22,9,4,18
2985,141,100,50,91
2986,22,9,4,18
2987,48,28,14,34
2988,48,29,14,34
2989,48,28,14,34
2990,48,29,14,34
2991,48,28,14,34
2992,48,29,14,34
2993,48,28,14,34
2994,48,29,14,34
2995,48,28,14,34
2996,48,29,14,34
2997,48,28,14,34
2998,48,29,14,34
2999,48,28,14,34
3000,48,29,14,34
3001,40,22,11,29
3002,48,29,14,34
3003,40,22,11,29
3004,141,101,50,91
3005,141,100,50,91
3006,141,101,50,91
3007,154,110,55,99
3008,110,77,38,72
3009,40,22,11,29
3010,40,23,11,29
3011,40,22,11,29
3012,22,9,4,18
3013,22,8,4,18
3014,22,9,4,18
3015,92,62,31,61
3016,66,43,21,45
3017,40,22,11,29
3018,66,43,21,45
3019,66,42,21,45
3020,66,43,21,45
3021,66,42,21,45
3022,92,63,31,61
3023,92,62,31,61
3024,110,77,38,72
3025,66,42,21,45
3026,66,43,21,45
3027,66,42,21,45
3028,110,77,38,72
3029,110,76,38,72
3030,141,101,50,91
3031,141,100,50,91
3032,61,39,19,42
3033,22,8,4,18
3034,61,39,19,42
3035,154,110,55,99
3036,61,39,19,42
3037,61,38,19,42
3038,154,111,55,99
3039,154,110,55,99
3040,110,77,38,72
3041,154,110,55,99
3042,110,77,38,72
3043,110,76,38,72
3044,35,19,9,26
3045,35,18,9,26
3046,35,19,9,26
3047,61,38,19,42
3048,110,77,38,72
3049,123,86,43,80
3050,110,77,38,72
3051,154,110,55,99
3052,154,111,55,99
3053,154,110,55,99
3054,154,111,55,99
3055,92,62,31,61
3056,48,29,14,34
3057,110,76,38,72
3058,61,39,19,42
3059,61,38,19,42
3060,48,29,14,34
3061,48,28,14,34
3062,61,39,19,42
3063,61,38,19,42
3064,48,29,14,34
3065,154,110,55,99
3066,48,29,14,34
3067,61,38,19,42
3068,61,39,19,42
3069,61,38,19,42
3070,61,39,19,42
3071,154,110,55,99
3072,17,5,2,15
3073,110,76,38,72
3074,154,111,55,99
3075,154,110,55,99
3076,35,19,9,26
3077,35,18,9,26
3078,35,19,9,26
3079,154,110,55,99
3080,35,19,9,26
3081,154,110,55,99
3082,35,19,9,26
3083,35,18,9,26
3084,35,19,9,26
3085,35,18,9,26
3086,110,77,38,72
3087,110,76,38,72
3088,123,87,43,80
3089,35,18,9,26
3090,61,39,19,42
3091,61,38,19,42
3092,123,87,43,80
3093,123,86,43,80
3094,35,19,9,26
3095,35,18,9,26
3096,123,87,43,80
3097,185,134,67,118
3098,123,87,43,80
3099,136,96,48,88
3100,154,111,55,99
3101,154,110,55,99
3102,154,111,55,99
3103,92,62,31,61
3104,123,87,43,80
3105,154,110,55,99
3106,123,87,43,80
3107,123,86,43,80
3108,35,19,9,26
3109,35,18,9,26
3110,35,19,9,26
3111,35,18,9,26
3112,123,87,43,80
3113,92,62,31,61
3114,123,87,43,80
3115,61,38,19,42
3116,61,39,19,42
3117,61,38,19,42
3118,61,39,19,42
3119,48,28,14,34
3120,123,87,43,80
3121,61,38,19,42
3122,61,39,19,42
3123,61,38,19,42
3124,123,87,43,80
3125,123,86,43,80
3126,154,111,55,99
3127,154,110,55,99
3128,123,87,43,80
3129,110,76,38,72
3130,123,87,43,80
3131,110,76,38,72
3132,123,87,43,80
3133,123,86,43,80
3134,61,39,19,42
3135,61,38,19,42
3136,30,15,7,23
3137,35,18,9,26
3138,35,19,9,26
3139,35,18,9,26
3140,123,87,43,80
3141,123,86,43,80
3142,123,87,43,80
3143,105,72,36,69
3144,61,39,19,42
3145,61,38,19,42
3146,61,39,19,42
3147,123,86,43,80
3148,61,39,19,42
3149,61,38,19,42
3150,61,39,19,42
3151,61,38,19,42
3152,30,15,7,23
3153,61,38,19,42
3154,92,63,31,61
3155,92,62,31,61
3156,30,15,7,23
3157,30,14,7,23
3158,123,87,43,80
3159,123,86,43,80
3160,79,53,26,53
3161,154,110,55,99
3162,79,53,26,53
3163,53,32,16,37
3164,79,53,26,53
3165,79,52,26,53
3166,167,121,60,107
3167,167,120,60,107
3168,30,15,7,23
3169,53,32,16,37
3170,79,53,26,53
3171,79,52,26,53
3172,79,53,26,53
3173,79,52,26,53
3174,79,53,26,53
3175,198,144,72,126
3176,30,15,7,23
3177,53,32,16,37
3178,30,15,7,23
3179,79,52,26,53
3180,105,73,36,69
3181,105,72,36,69
3182,105,73,36,69
3183,61,38,19,42
3184,123,87,43,80
3185,30,14,7,23
3186,123,87,43,80
3187,123,86,43,80
3188,123,87,43,80
3189,123,86,43,80
3190,74,49,24,50
3191,74,48,24,50
3192,123,87,43,80
3193,35,18,9,26
3194,123,87,43,80
3195,74,48,24,50
3196,74,49,24,50
3197,74,48,24,50
3198,74,49,24,50
3199,167,120,60,107
3200,30,15,7,23
3201,167,120,60,107
3202,61,39,19,42
3203,61,38,19,42
3204,61,39,19,42
3205,61,38,19,42
3206,61,39,19,42
3207,48,28,14,34
3208,22,9,4,18
3209,74,48,24,50
3210,22,9,4,18
3211,123,86,43,80
3212,22,9,4,18
3213,22,8,4,18
3214,167,121,60,107
3215,167,120,60,107
3216,22,9,4,18
3217,74,48,24,50
3218,74,49,24,50
3219,74,48,24,50
3220,22,9,4,18
3221,22,8,4,18
3222,22,9,4,18
3223,22,8,4,18
3224,22,9,4,18
3225,61,38,19,42
3226,22,9,4,18
3227,105,72,36,69
3228,74,49,24,50
3229,74,48,24,50
3230,74,49,24,50
3231,167,120,60,107
3232,30,15,7,23
3233,167,120,60,107
3234,48,29,14,34
3235,48,28,14,34
3236,48,29,14,34
3237,48,28,14,34
3238,48,29,14,34
3239,123,86,43,80
3240,30,15,7,23
3241,167,120,60,107
3242,30,15,7,23
3243,48,28,14,34
3244,136,97,48,88
3245,136,96,48,88
3246,136,97,48,88
3247,48,28,14,34
3248,43,25,12,31
3249,136,96,48,88
3250,136,97,48,88
3251,136,96,48,88
3252,43,25,12,31
3253,43,24,12,31
3254,74,49,24,50
3255,74,48,24,50
3256,43,25,12,31
3257,48,28,14,34
3258,43,25,12,31
3259,48,28,14,34
3260,136,97,48,88
3261,136,96,48,88
3262,136,97,48,88
3263,74,48,24,50
3264,30,15,7,23
3265,136,96,48,88
3266,136,97,48,88
3267,136,96,48,88
3268,43,25,12,31
3269,43,24,12,31
3270,43,25,12,31
3271,136,96,48,88
3272,43,25,12,31
3273,136,96,48,88
3274,43,25,12,31
3275,136,96,48,88
3276,43,25,12,31
3277,43,24,12,31
3278,105,73,36,69
3279,105,72,36,69
3280,30,15,7,23
3281,74,48,24,50
3282,74,49,24,50
3283,74,48,24,50
3284,30,15,7,23
3285,30,14,7,23
3286,74,49,24,50
3287,74,48,24,50
3288,136,97,48,88
3289,136,96,48,88
3290,136,97,48,88
3291,136,96,48,88
3292,136,97,48,88
3293,136,96,48,88
3294,136,97,48,88
3295,136,96,48,88
3296,92,63,31,61
3297,123,86,43,80
3298,30,15,7,23
3299,30,14,7,23
3300,136,97,48,88
3301,136,96,48,88
3302,136,97,48,88
3303,74,48,24,50
3304,92,63,31,61
3305,48,28,14,34
3306,92,63,31,61
3307,74,48,24,50
3308,43,25,12,31
3309,43,24,12,31
3310,43,25,12,31
3311,167,120,60,107
3312,92,63,31,61
3313,92,62,31,61
3314,74,49,24,50
3315,74,48,24,50
3316,92,63,31,61
3317,92,62,31,61
3318,43,25,12,31
3319,43,24,12,31
3320,136,97,48,88
3321,105,72,36,69
3322,136,97,48,88
3323,118,82,41,77
3324,136,97,48,88
3325,136,96,48,88
3326,74,49,24,50
3327,74,48,24,50
3328,17,5,2,15
3329,92,62,31,61
3330,180,131,65,115
3331,180,130,65,115
3332,30,15,7,23
3333,30,14,7,23
3334,30,15,7,23
3335,180,130,65,115
3336,136,97,48,88
3337,66,42,21,45
3338,136,97,48,88
3339,92,62,31,61
3340,136,97,48,88
3341,136,96,48,88
3342,43,25,12,31
3343,43,24,12,31
3344,43,25,12,31
3345,136,96,48,88
3346,92,63,31,61
3347,92,62,31,61
3348,43,25,12,31
3349,43,24,12,31
3350,136,97,48,88
3351,136,96,48,88
3352,43,25,12,31
3353,43,24,12,31
3354,43,25,12,31
3355,92,62,31,61
3356,87,59,29,58
3357,87,58,29,58
3358,87,59,29,58
3359,136,96,48,88
3360,43,25,12,31
3361,43,24,12,31
3362,43,25,12,31
3363,43,24,12,31
3364,43,25,12,31
3365,43,24,12,31
3366,43,25,12,31
3367,87,58,29,58
3368,43,25,12,31
3369,180,130,65,115
3370,43,25,12,31
3371,74,48,24,50
3372,43,25,12,31
3373,43,24,12,31
3374,43,25,12,31
3375,136,96,48,88
3376,43,25,12,31
3377,35,18,9,26
3378,35,19,9,26
3379,35,18,9,26
3380,43,25,12,31
3381,43,24,12,31
3382,136,97,48,88
3383,136,96,48,88
3384,35,19,9,26
3385,180,130,65,115
3386,35,19,9,26
3387,43,24,12,31
3388,35,19,9,26
3389,35,18,9,26
3390,180,131,65,115
3391,180,130,65,115
3392,17,5,2,15
3393,43,24,12,31
3394,35,19,9,26
3395,35,18,9,26
3396,61,39,19,42
3397,61,38,19,42
3398,61,39,19,42
3399,118,82,41,77
3400,61,39,19,42
3401,87,58,29,58
3402,61,39,19,42
3403,61,38,19,42
3404,61,39,19,42
3405,61,38,19,42
3406,61,39,19,42
3407,61,38,19,42
3408,17,5,2,15
3409,136,96,48,88
3410,136,97,48,88
3411,136,96,48,88
3412,17,5,2,15
3413,17,4,2,15
3414,149,107,53,96
3415,149,106,53,96
3416,56,35,17,39
3417,56,34,17,39
3418,56,35,17,39
3419,149,106,53,96
3420,56,35,17,39
3421,56,34,17,39
3422,149,107,53,96
3423,149,106,53,96
3424,105,73,36,69
3425,56,34,17,39
3426,30,15,7,23
3427,30,14,7,23
3428,30,15,7,23
3429,30,14,7,23
3430,30,15,7,23
3431,118,82,41,77
3432,105,73,36,69
3433,149,106,53,96
3434,105,73,36,69
3435,149,106,53,96
3436,149,107,53,96
3437,149,106,53,96
3438,149,107,53,96
3439,149,106,53,96
3440,105,73,36,69
3441,105,72,36,69
3442,56,35,17,39
3443,56,34,17,39
3444,105,73,36,69
3445,105,72,36,69
3446,56,35,17,39
3447,56,34,17,39
3448,43,25,12,31
3449,149,106,53,96
3450,43,25,12,31
3451,56,34,17,39
3452,43,25,12,31
3453,43,24,12,31
3454,56,35,17,39
3455,56,34,17,39
3456,118,83,41,77
3457,43,24,12,31
3458,105,73,36,69
3459,105,72,36,69
3460,149,107,53,96
3461,149,106,53,96
3462,149,107,53,96
3463,105,72,36,69
3464,30,15,7,23
3465,149,106,53,96
3466,30,15,7,23
3467,149,106,53,96
3468,30,15,7,23
3469,30,14,7,23
3470,105,73,36,69
3471,105,72,36,69
3472,30,15,7,23
3473,105,72,36,69
3474,105,73,36,69
3475,105,72,36,69
3476,30,15,7,23
3477,30,14,7,23
3478,56,35,17,39
3479,56,34,17,39
3480,30,15,7,23
3481,56,34,17,39
3482,30,15,7,23
3483,87,58,29,58
3484,180,131,65,115
3485,180,130,65,115
3486,180,131,65,115
3487,131,92,46,85
3488,118,83,41,77
3489,87,58,29,58
3490,149,107,53,96
3491,149,106,53,96
3492,149,107,53,96
3493,149,106,53,96
3494,149,107,53,96
3495,56,34,17,39
3496,118,83,41,77
3497,105,72,36,69
3498,118,83,41,77
3499,131,92,46,85
3500,30,15,7,23
3501,30,14,7,23
3502,30,15,7,23
3503,87,58,29,58
3504,56,35,17,39
3505,56,34,17,39
3506,56,35,17,39
3507,56,34,17,39
3508,56,35,17,39
3509,56,34,17,39
3510,43,25,12,31
3511,43,24,12,31
3512,56,35,17,39
3513,56,34,17,39
3514,56,35,17,39
3515,149,106,53,96
3516,149,107,53,96
3517,149,106,53,96
3518,149,107,53,96
3519,79,52,26,53
3520,118,83,41,77
3521,105,72,36,69
3522,105,73,36,69
3523,105,72,36,69
3524,118,83,41,77
3525,118,82,41,77
3526,118,83,41,77
3527,56,34,17,39
3528,30,15,7,23
3529,56,34,17,39
3530,30,15,7,23
3531,100,68,34,66
3532,30,15,7,23
3533,30,14,7,23
3534,149,107,53,96
3535,149,106,53,96
3536,118,83,41,77
3537,30,14,7,23
3538,56,35,17,39
3539,56,34,17,39
3540,118,83,41,77
3541,118,82,41,77
3542,56,35,17,39
3543,56,34,17,39
3544,56,35,17,39
3545,56,34,17,39
3546,56,35,17,39
3547,56,34,17,39
3548,56,35,17,39
3549,56,34,17,39
3550,87,59,29,58
3551,87,58,29,58
3552,74,49,24,50
3553,56,34,17,39
3554,118,83,41,77
3555,118,82,41,77
3556,149,107,53,96
3557,149,106,53,96
3558,149,107,53,96
3559,48,28,14,34
3560,74,49,24,50
3561,48,28,14,34
3562,74,49,24,50
3563,162,116,58,104
3564,48,29,14,34
3565,48,28,14,34
3566,48,29,14,34
3567,193,140,70,123
3568,74,49,24,50
3569,74,48,24,50
3570,30,15,7,23
3571,30,14,7,23
3572,74,49,24,50
3573,74,48,24,50
3574,48,29,14,34
3575,48,28,14,34
3576,100,69,34,66
3577,74,48,24,50
3578,100,69,34,66
3579,74,48,24,50
3580,100,69,34,66
3581,100,68,34,66
3582,100,69,34,66
3583,100,68,34,66
3584,25,11,5,20
3585,74,48,24,50
3586,118,83,41,77
3587,118,82,41,77
3588,69,45,22,47
3589,69,44,22,47
3590,69,45,22,47
3591,149,106,53,96
3592,118,83,41,77
3593,30,14,7,23
3594,118,83,41,77
3595,69,44,22,47
3596,118,83,41,77
3597,118,82,41,77
3598,69,45,22,47
3599,69,44,22,47
3600,56,35,17,39
3601,118,82,41,77
3602,162,117,58,104
3603,162,116,58,104
3604,56,35,17,39
3605,56,34,17,39
3606,43,25,12,31
3607,43,24,12,31
3608,56,35,17,39
3609,43,24,12,31
3610,56,35,17,39
3611,69,44,22,47
3612,118,83,41,77
3613,118,82,41,77
3614,118,83,41,77
3615,69,44,22,47
3616,17,5,2,15
3617,162,116,58,104
3618,56,35,17,39
3619,56,34,17,39
3620,69,45,22,47
3621,69,44,22,47
3622,69,45,22,47
3623,118,82,41,77
3624,17,5,2,15
3625,69,44,22,47
3626,17,5,2,15
3627,56,34,17,39
3628,56,35,17,39
3629,56,34,17,39
3630,56,35,17,39
3631,100,68,34,66
3632,17,5,2,15
3633,69,44,22,47
3634,69,45,22,47
3635,69,44,22,47
3636,17,5,2,15
3637,17,4,2,15
3638,162,117,58,104
3639,162,116,58,104
3640,43,25,12,31
3641,118,82,41,77
3642,43,25,12,31
3643,162,116,58,104
3644,43,25,12,31
3645,43,24,12,31
3646,162,117,58,104
3647,162,116,58,104
3648,38,21,10,28
3649,43,24,12,31
3650,43,25,12,31
3651,43,24,12,31
3652,131,93,46,85
3653,131,92,46,85
3654,131,93,46,85
3655,118,82,41,77
3656,131,93,46,85
3657,118,82,41,77
3658,131,93,46,85
3659,131,92,46,85
3660,131,93,46,85
3661,131,92,46,85
3662,69,45,22,47
3663,69,44,22,47
3664,38,21,10,28
3665,43,24,12,31
3666,43,25,12,31
3667,43,24,12,31
3668,38,21,10,28
3669,38,20,10,28
3670,131,93,46,85
3671,131,92,46,85
3672,131,93,46,85
3673,162,116,58,104
3674,131,93,46,85
3675,100,68,34,66
3676,131,93,46,85
3677,131,92,46,85
3678,162,117,58,104
3679,162,116,58,104
3680,38,21,10,28
3681,131,92,46,85
3682,131,93,46,85
3683,131,92,46,85
3684,131,93,46,85
3685,131,92,46,85
3686,131,93,46,85
3687,43,24,12,31
3688,38,21,10,28
3689,100,68,34,66
3690,38,21,10,28
3691,69,44,22,47
3692,69,45,22,47
3693,69,44,22,47
3694,69,45,22,47
3695,206,150,75,131
3696,131,93,46,85
3697,38,20,10,28
3698,69,45,22,47
3699,69,44,22,47
3700,131,93,46,85
3701,131,92,46,85
3702,131,93,46,85
3703,131,92,46,85
3704,131,93,46,85
3705,162,116,58,104
3706,131,93,46,85
3707,131,92,46,85
3708,118,83,41,77
3709,118,82,41,77
3710,118,83,41,77
3711,237,174,87,150
3712,25,11,5,20
3713,69,44,22,47
3714,38,21,10,28
3715,38,20,10,28
3716,131,93,46,85
3717,131,92,46,85
3718,131,93,46,85
3719,43,24,12,31
3720,38,21,10,28
3721,69,44,22,47
3722,38,21,10,28
3723,131,92,46,85
3724,38,21,10,28
3725,38,20,10,28
3726,69,45,22,47
3727,69,44,22,47
3728,87,59,29,58
3729,69,44,22,47
3730,69,45,22,47
3731,69,44,22,47
3732,87,59,29,58
3733,87,58,29,58
3734,38,21,10,28
3735,38,20,10,28
3736,87,59,29,58
3737,100,68,34,66
3738,87,59,29,58
3739,113,78,39,74
3740,131,93,46,85
3741,131,92,46,85
3742,131,93,46,85
3743,69,44,22,47
3744,25,11,5,20
3745,162,116,58,104
3746,87,59,29,58
3747,87,58,29,58
3748,175,127,63,112
3749,175,126,63,112
3750,175,127,63,112
3751,61,38,19,42
3752,25,11,5,20
3753,162,116,58,104
3754,25,11,5,20
3755,61,38,19,42
3756,87,59,29,58
3757,87,58,29,58
3758,87,59,29,58
3759,87,58,29,58
3760,131,93,46,85
3761,38,20,10,28
3762,38,21,10,28
3763,38,20,10,28
3764,131,93,46,85
3765,131,92,46,85
3766,87,59,29,58
3767,87,58,29,58
3768,131,93,46,85
3769,113,78,39,74
3770,131,93,46,85
3771,113,78,39,74
3772,38,21,10,28
3773,38,20,10,28
3774,38,21,10,28
3775,87,58,29,58
3776,38,21,10,28
3777,131,92,46,85
3778,82,55,27,55
3779,82,54,27,55
3780,38,21,10,28
3781,38,20,10,28
3782,38,21,10,28
3783,131,92,46,85
3784,38,21,10,28
3785,131,92,46,85
3786,38,21,10,28
3787,82,54,27,55
3788,38,21,10,28
3789,38,20,10,28
3790,175,127,63,112
3791,175,126,63,112
3792,38,21,10,28
3793,69,44,22,47
3794,69,45,22,47
3795,69,44,22,47
3796,38,21,10,28
3797,38,20,10,28
3798,69,45,22,47
3799,69,44,22,47
3800,30,15,7,23
3801,30,14,7,23
3802,30,15,7,23
3803,82,54,27,55
3804,30,15,7,23
3805,30,14,7,23
3806,131,93,46,85
3807,131,92,46,85
3808,38,21,10,28
3809,175,126,63,112
3810,38,21,10,28
3811,38,20,10,28
3812,30,15,7,23
3813,30,14,7,23
3814,30,15,7,23
3815,175,126,63,112
3816,38,21,10,28
3817,82,54,27,55
3818,38,21,10,28
3819,30,14,7,23
3820,30,15,7,23
3821,30,14,7,23
3822,30,15,7,23
3823,175,126,63,112
3824,56,35,17,39
3825,38,20,10,28
3826,82,55,27,55
3827,82,54,27,55
3828,56,35,17,39
3829,56,34,17,39
3830,175,127,63,112
3831,175,126,63,112
3832,56,35,17,39
3833,56,34,17,39
3834,56,35,17,39
3835,131,92,46,85
3836,131,93,46,85
3837,131,92,46,85
3838,131,93,46,85
3839,113,78,39,74
3840,25,11,5,20
3841,38,20,10,28
3842,144,103,51,93
3843,144,102,51,93
3844,51,31,15,36
3845,51,30,15,36
3846,51,31,15,36
3847,144,102,51,93
3848,51,31,15,36
3849,131,92,46,85
3850,51,31,15,36
3851,144,102,51,93
3852,51,31,15,36
3853,51,30,15,36
3854,51,31,15,36
3855,51,30,15,36
3856,25,11,5,20
3857,51,30,15,36
3858,56,35,17,39
3859,56,34,17,39
3860,25,11,5,20
3861,25,10,5,20
3862,144,103,51,93
3863,144,102,51,93
3864,25,11,5,20
3865,144,102,51,93
3866,25,11,5,20
3867,82,54,27,55
3868,144,103,51,93
3869,144,102,51,93
3870,144,103,51,93
3871,113,78,39,74
3872,100,69,34,66
3873,51,30,15,36
3874,51,31,15,36
3875,51,30,15,36
3876,51,31,15,36
3877,51,30,15,36
3878,51,31,15,36
3879,144,102,51,93
3880,100,69,34,66
3881,144,102,51,93
3882,100,69,34,66
3883,51,30,15,36
3884,38,21,10,28
3885,38,20,10,28
3886,38,21,10,28
3887,51,30,15,36
3888,100,69,34,66
3889,38,20,10,28
3890,38,21,10,28
3891,38,20,10,28
3892,100,69,34,66
3893,100,68,34,66
3894,82,55,27,55
3895,82,54,27,55
3896,144,103,51,93
3897,144,102,51,93
3898,144,103,51,93
3899,144,102,51,93
3900,144,103,51,93
3901,144,102,51,93
3902,175,127,63,112
3903,175,126,63,112
3904,25,11,5,20
3905,100,68,34,66
3906,38,21,10,28
3907,38,20,10,28
3908,100,69,34,66
3909,100,68,34,66
3910,100,69,34,66
3911,82,54,27,55
3912,51,31,15,36
3913,144,102,51,93
3914,51,31,15,36
3915,100,68,34,66
3916,51,31,15,36
3917,51,30,15,36
3918,82,55,27,55
3919,82,54,27,55
3920,25,11,5,20
3921,51,30,15,36
3922,175,127,63,112
3923,175,126,63,112
3924,25,11,5,20
3925,25,10,5,20
3926,82,55,27,55
3927,82,54,27,55
3928,144,103,51,93
3929,100,68,34,66
3930,144,103,51,93
3931,82,54,27,55
3932,144,103,51,93
3933,144,102,51,93
3934,100,69,34,66
3935,100,68,34,66
3936,51,31,15,36
3937,126,88,44,82
3938,25,11,5,20
3939,25,10,5,20
3940,25,11,5,20
3941,25,10,5,20
3942,25,11,5,20
3943,175,126,63,112
3944,51,31,15,36
3945,100,68,34,66
3946,51,31,15,36
3947,188,136,68,120
3948,38,21,10,28
3949,38,20,10,28
3950,38,21,10,28
3951,74,48,24,50
3952,51,31,15,36
3953,51,30,15,36
3954,144,103,51,93
3955,144,102,51,93
3956,51,31,15,36
3957,51,30,15,36
3958,144,103,51,93
3959,144,102,51,93
3960,100,69,34,66
3961,51,30,15,36
3962,100,69,34,66
3963,51,30,15,36
3964,100,69,34,66
3965,100,68,34,66
3966,51,31,15,36
3967,51,30,15,36
3968,113,79,39,74
3969,144,102,51,93
3970,51,31,15,36
3971,51,30,15,36
3972,95,65,32,63
3973,95,64,32,63
3974,95,65,32,63
3975,51,30,15,36
3976,25,11,5,20
3977,144,102,51,93
3978,25,11,5,20
3979,95,64,32,63
3980,25,11,5,20
3981,25,10,5,20
3982,51,31,15,36
3983,51,30,15,36
3984,51,31,15,36
3985,51,30,15,36
3986,51,31,15,36
3987,51,30,15,36
3988,51,31,15,36
3989,51,30,15,36
3990,51,31,15,36
3991,51,30,15,36
3992,51,31,15,36
3993,51,30,15,36
3994,51,31,15,36
3995,82,54,27,55
3996,51,31,15,36
3997,51,30,15,36
3998,51,31,15,36
3999,188,136,68,120
4000,113,79,39,74
4001,43,24,12,31
4002,51,31,15,36
4003,51,30,15,36
4004,144,103,51,93
4005,144,102,51,93
4006,144,103,51,93
4007,43,24,12,31
4008,113,79,39,74
4009,157,112,56,101
4010,113,79,39,74
4011,188,136,68,120
4012,43,25,12,31
4013,43,24,12,31
4014,43,25,12,31
4015,43,24,12,31
4016,69,45,22,47
4017,25,10,5,20
4018,25,11,5,20
4019,25,10,5,20
4020,69,45,22,47
4021,69,44,22,47
4022,43,25,12,31
4023,43,24,12,31
4024,69,45,22,47
4025,69,44,22,47
4026,69,45,22,47
4027,69,44,22,47
4028,95,65,32,63
4029,95,64,32,63
4030,95,65,32,63
4031,95,64,32,63
4032,113,79,39,74
4033,69,44,22,47
4034,69,45,22,47
4035,69,44,22,47
4036,113,79,39,74
4037,113,78,39,74
4038,113,79,39,74
4039,144,102,51,93
4040,64,41,20,44
4041,144,102,51,93
4042,64,41,20,44
4043,25,10,5,20
4044,64,41,20,44
4045,64,40,20,44
4046,157,113,56,101
4047,157,112,56,101
4048,113,79,39,74
4049,64,40,20,44
4050,157,113,56,101
4051,157,112,56,101
4052,113,79,39,74
4053,113,78,39,74
4054,157,113,56,101
4055,157,112,56,101
4056,38,21,10,28
4057,113,78,39,74
4058,38,21,10,28
4059,64,40,20,44
4060,38,21,10,28
4061,38,20,10,28
4062,64,41,20,44
4063,64,40,20,44
4064,51,31,15,36
4065,126,88,44,82
4066,113,79,39,74
4067,113,78,39,74
4068,157,113,56,101
4069,157,112,56,101
4070,157,113,56,101
4071,157,112,56,101
4072,51,31,15,36
4073,95,64,32,63
4074,51,31,15,36
4075,157,112,56,101
4076,64,41,20,44
4077,64,40,20,44
4078,64,41,20,44
4079,64,40,20,44
4080,51,31,15,36
4081,51,30,15,36
4082,64,41,20,44
4083,64,40,20,44
4084,51,31,15,36
4085,51,30,15,36
4086,157,113,56,101
4087,157,112,56,101
4088,64,41,20,44
4089,64,40,20,44
4090,64,41,20,44
4091,126,88,44,82
4092,64,41,20,44
4093,64,40,20,44
4094,157,113,56,101
4095,157,112,56,101
4096,12,1,0,12
4097,113,78,39,74
4098,157,113,56,101
4099,157,112,56,101
4100,38,21,10,28
4101,38,20,10,28
4102,38,21,10,28
4103,157,112,56,101
4104,38,21,10,28
4105,157,112,56,101
4106,38,21,10,28
4107,38,20,10,28
4108,38,21,10,28
4109,38,20,10,28
4110,38,21,10,28
4111,38,20,10,28
4112,126,89,44,82
4113,38,20,10,28
4114,113,79,39,74
4115,113,78,39,74
4116,126,89,44,82
4117,126,88,44,82
4118,38,21,10,28
4119,38,20,10,28
4120,126,89,44,82
4121,64,40,20,44
4122,126,89,44,82
4123,95,64,32,63
4124,38,21,10,28
4125,38,20,10,28
4126,38,21,10,28
4127,170,122,61,109
4128,126,89,44,82
4129,188,136,68,120
4130,126,89,44,82
4131,126,88,44,82
4132,157,113,56,101
4133,157,112,56,101
4134,157,113,56,101
4135,95,64,32,63
4136,126,89,44,82
4137,95,64,32,63
4138,126,89,44,82
4139,157,112,56,101
4140,126,89,44,82
4141,126,88,44,82
4142,126,89,44,82
4143,64,40,20,44
4144,126,89,44,82
4145,38,20,10,28
4146,38,21,10,28
4147,38,20,10,28
4148,126,89,44,82
4149,126,88,44,82
4150,95,65,32,63
4151,95,64,32,63
4152,64,41,20,44
4153,64,40,20,44
4154,64,41,20,44
4155,64,40,20,44
4156,64,41,20,44
4157,64,40,20,44
4158,51,31,15,36
4159,51,30,15,36
4160,33,17,8,25
4161,64,40,20,44
4162,64,41,20,44
4163,64,40,20,44
4164,126,89,44,82
4165,126,88,44,82
4166,126,89,44,82
4167,113,78,39,74
4168,126,89,44,82
4169,157,112,56,101
4170,126,89,44,82
4171,126,88,44,82
4172,126,89,44,82
4173,126,88,44,82
4174,113,79,39,74
4175,113,78,39,74
4176,33,17,8,25
4177,126,88,44,82
4178,64,41,20,44
4179,64,40,20,44
4180,33,17,8,25
4181,33,16,8,25
4182,38,21,10,28
4183,38,20,10,28
4184,126,89,44,82
4185,38,20,10,28
4186,126,89,44,82
4187,64,40,20,44
4188,126,89,44,82
4189,126,88,44,82
4190,108,75,37,71
4191,108,74,37,71
4192,33,17,8,25
4193,64,40,20,44
4194,64,41,20,44
4195,64,40,20,44
4196,64,41,20,44
4197,64,40,20,44
4198,64,41,20,44
4199,64,40,20,44
4200,33,17,8,25
4201,64,40,20,44
4202,33,17,8,25
4203,64,40,20,44
4204,95,65,32,63
4205,95,64,32,63
4206,95,65,32,63
4207,108,74,37,71
4208,82,55,27,55
4209,33,16,8,25
4210,126,89,44,82
4211,126,88,44,82
4212,82,55,27,55
4213,82,54,27,55
4214,157,113,56,101
4215,157,112,56,101
4216,82,55,27,55
4217,56,34,17,39
4218,82,55,27,55
4219,157,112,56,101
4220,170,123,61,109
4221,170,122,61,109
4222,170,123,61,109
4223,157,112,56,101
4224,33,17,8,25
4225,56,34,17,39
4226,82,55,27,55
4227,82,54,27,55
4228,82,55,27,55
4229,82,54,27,55
4230,82,55,27,55
4231,38,20,10,28
4232,33,17,8,25
4233,201,146,73,128
4234,33,17,8,25
4235,56,34,17,39
4236,33,17,8,25
4237,33,16,8,25
4238,82,55,27,55
4239,82,54,27,55
4240,126,89,44,82
4241,108,74,37,71
4242,108,75,37,71
4243,108,74,37,71
4244,126,89,44,82
4245,126,88,44,82
4246,33,17,8,25
4247,33,16,8,25
4248,126,89,44,82
4249,126,88,44,82
4250,126,89,44,82
4251,82,54,27,55
4252,77,51,25,52
4253,77,50,25,52
4254,77,51,25,52
4255,201,146,73,128
4256,33,17,8,25
4257,38,20,10,28
4258,126,89,44,82
4259,126,88,44,82
4260,77,51,25,52
4261,77,50,25,52
4262,77,51,25,52
4263,126,88,44,82
4264,33,17,8,25
4265,170,122,61,109
4266,33,17,8,25
4267,126,88,44,82
4268,64,41,20,44
4269,64,40,20,44
4270,64,41,20,44
4271,170,122,61,109
4272,25,11,5,20
4273,64,40,20,44
4274,64,41,20,44
4275,64,40,20,44
4276,25,11,5,20
4277,25,10,5,20
4278,77,51,25,52
4279,77,50,25,52
4280,25,11,5,20
4281,126,88,44,82
4282,25,11,5,20
4283,126,88,44,82
4284,170,123,61,109
4285,170,122,61,109
4286,170,123,61,109
4287,126,88,44,82
4288,33,17,8,25
4289,77,50,25,52
4290,77,51,25,52
4291,77,50,25,52
4292,25,11,5,20
4293,25,10,5,20
4294,25,11,5,20
4295,77,50,25,52
4296,25,11,5,20
4297,25,10,5,20
4298,25,11,5,20
4299,64,40,20,44
4300,25,11,5,20
4301,25,10,5,20
4302,108,75,37,71
4303,108,74,37,71
4304,33,17,8,25
4305,77,50,25,52
4306,77,51,25,52
4307,77,50,25,52
4308,33,17,8,25
4309,33,16,8,25
4310,170,123,61,109
4311,170,122,61,109
4312,51,31,15,36
4313,51,30,15,36
4314,51,31,15,36
4315,126,88,44,82
4316,51,31,15,36
4317,51,30,15,36
4318,126,89,44,82
4319,126,88,44,82
4320,46,27,13,33
4321,170,122,61,109
4322,33,17,8,25
4323,33,16,8,25
4324,139,99,49,90
4325,139,98,49,90
4326,139,99,49,90
4327,170,122,61,109
4328,46,27,13,33
4329,51,30,15,36
4330,46,27,13,33
4331,126,88,44,82
4332,139,99,49,90
4333,139,98,49,90
4334,139,99,49,90
4335,64,40,20,44
4336,46,27,13,33
4337,46,26,13,33
4338,77,51,25,52
4339,77,50,25,52
4340,46,27,13,33
4341,46,26,13,33
4342,51,31,15,36
4343,51,30,15,36
4344,139,99,49,90
4345,51,30,15,36
4346,139,99,49,90
4347,183,132,66,117
4348,139,99,49,90
4349,139,98,49,90
4350,77,51,25,52
4351,77,50,25,52
4352,20,7,3,17
4353,139,98,49,90
4354,139,99,49,90
4355,139,98,49,90
4356,46,27,13,33
4357,46,26,13,33
4358,46,27,13,33
4359,170,122,61,109
4360,46,27,13,33
4361,139,98,49,90
4362,46,27,13,33
4363,139,98,49,90
4364,46,27,13,33
4365,46,26,13,33
4366,139,99,49,90
4367,139,98,49,90
4368,33,17,8,25
4369,46,26,13,33
4370,108,75,37,71
4371,108,74,37,71
4372,33,17,8,25
4373,33,16,8,25
4374,77,51,25,52
4375,77,50,25,52
4376,33,17,8,25
4377,77,50,25,52
4378,33,17,8,25
4379,214,156,78,136
4380,77,51,25,52
4381,77,50,25,52
4382,77,51,25,52
4383,77,50,25,52
4384,95,65,32,63
4385,139,98,49,90
4386,139,99,49,90
4387,139,98,49,90
4388,139,99,49,90
4389,139,98,49,90
4390,139,99,49,90
4391,170,122,61,109
4392,95,65,32,63
4393,139,98,49,90
4394,95,65,32,63
4395,126,88,44,82
4396,33,17,8,25
4397,33,16,8,25
4398,33,17,8,25
4399,100,68,34,66
4400,95,65,32,63
4401,139,98,49,90
4402,139,99,49,90
4403,139,98,49,90
4404,95,65,32,63
4405,95,64,32,63
4406,51,31,15,36
4407,51,30,15,36
4408,46,27,13,33
4409,77,50,25,52
4410,46,27,13,33
4411,46,26,13,33
4412,46,27,13,33
4413,46,26,13,33
4414,170,123,61,109
4415,170,122,61,109
4416,20,7,3,17
4417,95,64,32,63
4418,77,51,25,52
4419,77,50,25,52
4420,95,65,32,63
4421,95,64,32,63
4422,95,65,32,63
4423,77,50,25,52
4424,139,99,49,90
4425,46,26,13,33
4426,139,99,49,90
4427,95,64,32,63
4428,139,99,49,90
4429,139,98,49,90
4430,121,85,42,79
4431,121,84,42,79
4432,20,7,3,17
4433,139,98,49,90
4434,77,51,25,52
4435,77,50,25,52
4436,20,7,3,17
4437,20,6,3,17
4438,95,65,32,63
4439,95,64,32,63
4440,33,17,8,25
4441,183,132,66,117
4442,33,17,8,25
4443,95,64,32,63
4444,33,17,8,25
4445,33,16,8,25
4446,183,133,66,117
4447,183,132,66,117
4448,46,27,13,33
4449,69,44,22,47
4450,139,99,49,90
4451,139,98,49,90
4452,139,99,49,90
4453,139,98,49,90
4454,139,99,49,90
4455,95,64,32,63
4456,46,27,13,33
4457,46,26,13,33
4458,46,27,13,33
4459,46,26,13,33
4460,95,65,32,63
4461,95,64,32,63
4462,95,65,32,63
4463,46,26,13,33
4464,46,27,13,33
4465,46,26,13,33
4466,139,99,49,90
4467,139,98,49,90
4468,46,27,13,33
4469,46,26,13,33
4470,46,27,13,33
4471,46,26,13,33
4472,90,61,30,60
4473,95,64,32,63
4474,90,61,30,60
4475,139,98,49,90
4476,90,61,30,60
4477,90,60,30,60
4478,139,99,49,90
4479,139,98,49,90
4480,20,7,3,17
4481,46,26,13,33
4482,46,27,13,33
4483,46,26,13,33
4484,46,27,13,33
4485,46,26,13,33
4486,46,27,13,33
4487,46,26,13,33
4488,46,27,13,33
4489,90,60,30,60
4490,46,27,13,33
4491,183,132,66,117
4492,46,27,13,33
4493,46,26,13,33
4494,77,51,25,52
4495,77,50,25,52
4496,46,27,13,33
4497,46,26,13,33
4498,46,27,13,33
4499,46,26,13,33
4500,46,27,13,33
4501,46,26,13,33
4502,38,21,10,28
4503,38,20,10,28
4504,46,27,13,33
4505,38,20,10,28
4506,46,27,13,33
4507,90,60,30,60
4508,139,99,49,90
4509,139,98,49,90
4510,139,99,49,90
4511,152,108,54,98
4512,20,7,3,17
4513,183,132,66,117
4514,38,21,10,28
4515,38,20,10,28
4516,38,21,10,28
4517,38,20,10,28
4518,38,21,10,28
4519,90,60,30,60
4520,20,7,3,17
4521,183,132,66,117
4522,20,7,3,17
4523,90,60,30,60
4524,38,21,10,28
4525,38,20,10,28
4526,38,21,10,28
4527,38,20,10,28
4528,64,41,20,44
4529,64,40,20,44
4530,64,41,20,44
4531,64,40,20,44
4532,64,41,20,44
4533,64,40,20,44
4534,90,61,30,60
4535,90,60,30,60
4536,64,41,20,44
4537,64,40,20,44
4538,64,41,20,44
4539,183,132,66,117
4540,64,41,20,44
4541,64,40,20,44
4542,64,41,20,44
4543,183,132,66,117
4544,108,75,37,71
4545,139,98,49,90
4546,139,99,49,90
4547,139,98,49,90
4548,20,7,3,17
4549,20,6,3,17
4550,20,7,3,17
4551,183,132,66,117
4552,59,37,18,41
4553,152,108,54,98
4554,59,37,18,41
4555,59,36,18,41
4556,59,37,18,41
4557,59,36,18,41
4558,152,109,54,98
4559,152,108,54,98
4560,108,75,37,71
4561,59,36,18,41
4562,152,109,54,98
4563,152,108,54,98
4564,108,75,37,71
4565,108,74,37,71
4566,59,37,18,41
4567,59,36,18,41
4568,33,17,8,25
4569,33,16,8,25
4570,33,17,8,25
4571,59,36,18,41
4572,33,17,8,25
4573,33,16,8,25
4574,121,85,42,79
4575,121,84,42,79
4576,108,75,37,71
4577,152,108,54,98
4578,108,75,37,71
4579,108,74,37,71
4580,152,109,54,98
4581,152,108,54,98
4582,152,109,54,98
4583,90,60,30,60
4584,108,75,37,71
4585,152,108,54,98
4586,108,75,37,71
4587,121,84,42,79
4588,59,37,18,41
4589,59,36,18,41
4590,59,37,18,41
4591,170,122,61,109
4592,46,27,13,33
4593,108,74,37,71
4594,59,37,18,41
4595,59,36,18,41
4596,46,27,13,33
4597,46,26,13,33
4598,152,109,54,98
4599,152,108,54,98
4600,46,27,13,33
4601,59,36,18,41
4602,46,27,13,33
4603,121,84,42,79
4604,59,37,18,41
4605,59,36,18,41
4606,59,37,18,41
4607,152,108,54,98
4608,28,13,6,22
4609,46,26,13,33
4610,108,75,37,71
4611,108,74,37,71
4612,152,109,54,98
4613,152,108,54,98
4614,152,109,54,98
4615,90,60,30,60
4616,33,17,8,25
4617,108,74,37,71
4618,33,17,8,25
4619,152,108,54,98
4620,33,17,8,25
4621,33,16,8,25
4622,152,109,54,98
4623,152,108,54,98
4624,33,17,8,25
4625,33,16,8,25
4626,108,75,37,71
4627,108,74,37,71
4628,33,17,8,25
4629,33,16,8,25
4630,108,75,37,71
4631,108,74,37,71
4632,33,17,8,25
4633,108,74,37,71
4634,33,17,8,25
4635,90,60,30,60
4636,59,37,18,41
4637,59,36,18,41
4638,59,37,18,41
4639,90,60,30,60
4640,121,85,42,79
4641,59,36,18,41
4642,33,17,8,25
4643,33,16,8,25
4644,183,133,66,117
4645,183,132,66,117
4646,183,133,66,117
4647,59,36,18,41
4648,121,85,42,79
4649,134,94,47,87
4650,121,85,42,79
4651,33,16,8,25
4652,152,109,54,98
4653,152,108,54,98
4654,152,109,54,98
4655,90,60,30,60
4656,121,85,42,79
4657,152,108,54,98
4658,152,109,54,98
4659,152,108,54,98
4660,121,85,42,79
4661,121,84,42,79
4662,108,75,37,71
4663,108,74,37,71
4664,33,17,8,25
4665,134,94,47,87
4666,33,17,8,25
4667,33,16,8,25
4668,33,17,8,25
4669,33,16,8,25
4670,90,61,30,60
4671,90,60,30,60
4672,121,85,42,79
4673,59,36,18,41
4674,59,37,18,41
4675,59,36,18,41
4676,59,37,18,41
4677,59,36,18,41
4678,59,37,18,41
4679,46,26,13,33
4680,59,37,18,41
4681,46,26,13,33
4682,59,37,18,41
4683,59,36,18,41
4684,59,37,18,41
4685,59,36,18,41
4686,152,109,54,98
4687,152,108,54,98
4688,121,85,42,79
4689,152,108,54,98
4690,152,109,54,98
4691,152,108,54,98
4692,121,85,42,79
4693,121,84,42,79
4694,108,75,37,71
4695,108,74,37,71
4696,121,85,42,79
4697,108,74,37,71
4698,121,85,42,79
4699,82,54,27,55
4700,121,85,42,79
4701,121,84,42,79
4702,59,37,18,41
4703,59,36,18,41
4704,121,85,42,79
4705,59,36,18,41
4706,33,17,8,25
4707,33,16,8,25
4708,33,17,8,25
4709,33,16,8,25
4710,33,17,8,25
4711,59,36,18,41
4712,121,85,42,79
4713,152,108,54,98
4714,121,85,42,79
4715,103,70,35,68
4716,59,37,18,41
4717,59,36,18,41
4718,59,37,18,41
4719,103,70,35,68
4720,59,37,18,41
4721,121,84,42,79
4722,59,37,18,41
4723,59,36,18,41
4724,59,37,18,41
4725,59,36,18,41
4726,59,37,18,41
4727,59,36,18,41
4728,59,37,18,41
4729,59,36,18,41
4730,59,37,18,41
4731,59,36,18,41
4732,90,61,30,60
4733,90,60,30,60
4734,90,61,30,60
4735,152,108,54,98
4736,28,13,6,22
4737,59,36,18,41
4738,121,85,42,79
4739,121,84,42,79
4740,152,109,54,98
4741,152,108,54,98
4742,152,109,54,98
4743,59,36,18,41
4744,77,51,25,52
4745,51,30,15,36
4746,77,51,25,52
4747,152,108,54,98
4748,77,51,25,52
4749,77,50,25,52
4750,165,119,59,106
4751,165,118,59,106
4752,77,51,25,52
4753,51,30,15,36
4754,51,31,15,36
4755,51,30,15,36
4756,77,51,25,52
4757,77,50,25,52
4758,77,51,25,52
4759,77,50,25,52
4760,77,51,25,52
4761,33,16,8,25
4762,77,51,25,52
4763,196,142,71,125
4764,51,31,15,36
4765,51,30,15,36
4766,51,31,15,36
4767,103,70,35,68
4768,28,13,6,22
4769,77,50,25,52
4770,103,71,35,68
4771,103,70,35,68
4772,103,71,35,68
4773,103,70,35,68
4774,103,71,35,68
4775,59,36,18,41
4776,28,13,6,22
4777,103,70,35,68
4778,28,13,6,22
4779,77,50,25,52
4780,121,85,42,79
4781,121,84,42,79
4782,121,85,42,79
4783,77,50,25,52
4784,121,85,42,79
4785,72,46,23,49
4786,72,47,23,49
4787,72,46,23,49
4788,121,85,42,79
4789,121,84,42,79
4790,33,17,8,25
4791,33,16,8,25
4792,121,85,42,79
4793,72,46,23,49
4794,121,85,42,79
4795,165,118,59,106
4796,72,47,23,49
4797,72,46,23,49
4798,72,47,23,49
4799,165,118,59,106
4800,20,7,3,17
4801,121,84,42,79
4802,165,119,59,106
4803,165,118,59,106
4804,59,37,18,41
4805,59,36,18,41
4806,59,37,18,41
4807,121,84,42,79
4808,59,37,18,41
4809,46,26,13,33
4810,59,37,18,41
4811,46,26,13,33
4812,59,37,18,41
4813,59,36,18,41
4814,72,47,23,49
4815,72,46,23,49
4816,20,7,3,17
4817,121,84,42,79
4818,121,85,42,79
4819,121,84,42,79
4820,20,7,3,17
4821,20,6,3,17
4822,165,119,59,106
4823,165,118,59,106
4824,72,47,23,49
4825,59,36,18,41
4826,72,47,23,49
4827,103,70,35,68
4828,72,47,23,49
4829,72,46,23,49
4830,121,85,42,79
4831,121,84,42,79
4832,20,7,3,17
4833,72,46,23,49
4834,20,7,3,17
4835,20,6,3,17
4836,59,37,18,41
4837,59,36,18,41
4838,59,37,18,41
4839,165,118,59,106
4840,20,7,3,17
4841,103,70,35,68
4842,20,7,3,17
4843,165,118,59,106
4844,72,47,23,49
4845,72,46,23,49
4846,72,47,23,49
4847,165,118,59,106
4848,46,27,13,33
4849,20,6,3,17
4850,165,119,59,106
4851,165,118,59,106
4852,46,27,13,33
4853,46,26,13,33
4854,121,85,42,79
4855,121,84,42,79
4856,46,27,13,33
4857,165,118,59,106
4858,46,27,13,33
4859,121,84,42,79
4860,165,119,59,106
4861,165,118,59,106
4862,165,119,59,106
4863,90,60,30,60
4864,28,13,6,22
4865,46,26,13,33
4866,46,27,13,33
4867,46,26,13,33
4868,134,95,47,87
4869,134,94,47,87
4870,134,95,47,87
4871,46,26,13,33
4872,134,95,47,87
4873,121,84,42,79
4874,134,95,47,87
4875,121,84,42,79
4876,134,95,47,87
4877,134,94,47,87
4878,134,95,47,87
4879,134,94,47,87
4880,41,23,11,30
4881,134,94,47,87
4882,72,47,23,49
4883,72,46,23,49
4884,41,23,11,30
4885,41,22,11,30
4886,46,27,13,33
4887,46,26,13,33
4888,41,23,11,30
4889,46,26,13,33
4890,41,23,11,30
4891,178,128,64,114
4892,134,95,47,87
4893,134,94,47,87
4894,134,95,47,87
4895,72,46,23,49
4896,41,23,11,30
4897,165,118,59,106
4898,134,95,47,87
4899,134,94,47,87
4900,134,95,47,87
4901,134,94,47,87
4902,134,95,47,87
4903,103,70,35,68
4904,41,23,11,30
4905,165,118,59,106
4906,41,23,11,30
4907,134,94,47,87
4908,134,95,47,87
4909,134,94,47,87
4910,134,95,47,87
4911,121,84,42,79
4912,41,23,11,30
4913,134,94,47,87
4914,134,95,47,87
4915,134,94,47,87
4916,41,23,11,30
4917,41,22,11,30
4918,103,71,35,68
4919,103,70,35,68
4920,72,47,23,49
4921,72,46,23,49
4922,72,47,23,49
4923,72,46,23,49
4924,72,47,23,49
4925,72,46,23,49
4926,209,153,76,133
4927,209,152,76,133
4928,28,13,6,22
4929,41,22,11,30
4930,72,47,23,49
4931,72,46,23,49
4932,134,95,47,87
4933,134,94,47,87
4934,134,95,47,87
4935,196,142,71,125
4936,134,95,47,87
4937,134,94,47,87
4938,134,95,47,87
4939,134,94,47,87
4940,134,95,47,87
4941,134,94,47,87
4942,134,95,47,87
4943,134,94,47,87
4944,28,13,6,22
4945,121,84,42,79
4946,121,85,42,79
4947,121,84,42,79
4948,28,13,6,22
4949,28,12,6,22
4950,72,47,23,49
4951,72,46,23,49
4952,134,95,47,87
4953,41,22,11,30
4954,134,95,47,87
4955,72,46,23,49
4956,134,95,47,87
4957,134,94,47,87
4958,46,27,13,33
4959,46,26,13,33
4960,90,61,30,60
4961,72,46,23,49
4962,41,23,11,30
4963,41,22,11,30
4964,41,23,11,30
4965,41,22,11,30
4966,41,23,11,30
4967,165,118,59,106
4968,90,61,30,60
4969,72,46,23,49
4970,90,61,30,60
4971,72,46,23,49
4972,72,47,23,49
4973,72,46,23,49
4974,72,47,23,49
4975,72,46,23,49
4976,90,61,30,60
4977,90,60,30,60
4978,41,23,11,30
4979,41,22,11,30
4980,90,61,30,60
4981,90,60,30,60
4982,103,71,35,68
4983,103,70,35,68
4984,134,95,47,87
4985,116,80,40,76
4986,134,95,47,87
4987,165,118,59,106
4988,134,95,47,87
4989,134,94,47,87
4990,72,47,23,49
4991,72,46,23,49
4992,41,23,11,30
4993,165,118,59,106
4994,90,61,30,60
4995,90,60,30,60
4996,178,129,64,114
4997,178,128,64,114
4998,178,129,64,114
4999,90,60,30,60
5000,28,13,6,22
5001,64,40,20,44
5002,28,13,6,22
5003,178,128,64,114
5004,28,13,6,22
5005,28,12,6,22
5006,64,41,20,44
5007,64,40,20,44
5008,134,95,47,87
5009,90,60,30,60
5010,90,61,30,60
5011,90,60,30,60
5012,134,95,47,87
5013,134,94,47,87
5014,41,23,11,30
5015,41,22,11,30
5016,134,95,47,87
5017,41,22,11,30
5018,134,95,47,87
5019,64,40,20,44
5020,90,61,30,60
5021,90,60,30,60
5022,90,61,30,60
5023,90,60,30,60
5024,41,23,11,30
5025,116,80,40,76
5026,134,95,47,87
5027,134,94,47,87
5028,41,23,11,30
5029,41,22,11,30
5030,41,23,11,30
5031,116,80,40,76
5032,41,23,11,30
5033,90,60,30,60
5034,41,23,11,30
5035,134,94,47,87
5036,85,57,28,57
5037,85,56,28,57
5038,85,57,28,57
5039,134,94,47,87
5040,41,23,11,30
5041,41,22,11,30
5042,41,23,11,30
5043,41,22,11,30
5044,41,23,11,30
5045,41,22,11,30
5046,134,95,47,87
5047,134,94,47,87
5048,41,23,11,30
5049,85,56,28,57
5050,41,23,11,30
5051,85,56,28,57
5052,178,129,64,114
5053,178,128,64,114
5054,178,129,64,114
5055,85,56,28,57
5056,41,23,11,30
5057,72,46,23,49
5058,72,47,23,49
5059,72,46,23,49
5060,41,23,11,30
5061,41,22,11,30
5062,41,23,11,30
5063,134,94,47,87
5064,33,17,8,25
5065,72,46,23,49
5066,33,17,8,25
5067,33,16,8,25
5068,33,17,8,25
5069,33,16,8,25
5070,85,57,28,57
5071,85,56,28,57
5072,41,23,11,30
5073,33,16,8,25
5074,134,95,47,87
5075,134,94,47,87
5076,41,23,11,30
5077,41,22,11,30
5078,178,129,64,114
5079,178,128,64,114
5080,33,17,8,25
5081,41,22,11,30
5082,33,17,8,25
5083,85,56,28,57
5084,33,17,8,25
5085,33,16,8,25
5086,178,129,64,114
5087,178,128,64,114
5088,59,37,18,41
5089,85,56,28,57
5090,41,23,11,30
5091,41,22,11,30
5092,33,17,8,25
5093,33,16,8,25
5094,33,17,8,25
5095,72,46,23,49
5096,59,37,18,41
5097,178,128,64,114
5098,59,37,18,41
5099,116,80,40,76
5100,85,57,28,57
5101,85,56,28,57
5102,85,57,28,57
5103,85,56,28,57
5104,59,37,18,41
5105,59,36,18,41
5106,178,129,64,114
5107,178,128,64,114
5108,59,37,18,41
5109,59,36,18,41
5110,59,37,18,41
5111,59,36,18,41
5112,134,95,47,87
5113,134,94,47,87
5114,134,95,47,87
5115,59,36,18,41
5116,134,95,47,87
5117,134,94,47,87
5118,116,81,40,76
5119,116,80,40,76
5120,15,3,1,14
5121,41,22,11,30
5122,147,105,52,95
5123,147,104,52,95
5124,54,33,16,38
5125,54,32,16,38
5126,54,33,16,38
5127,147,104,52,95
5128,54,33,16,38
5129,147,104,52,95
5130,54,33,16,38
5131,54,32,16,38
5132,54,33,16,38
5133,54,32,16,38
5134,147,105,52,95
5135,147,104,52,95
5136,28,13,6,22
5137,54,32,16,38
5138,54,33,16,38
5139,54,32,16,38
5140,28,13,6,22
5141,28,12,6,22
5142,54,33,16,38
5143,54,32,16,38
5144,28,13,6,22
5145,59,36,18,41
5146,28,13,6,22
5147,116,80,40,76
5148,147,105,52,95
5149,147,104,52,95
5150,147,105,52,95
5151,90,60,30,60
5152,103,71,35,68
5153,147,104,52,95
5154,28,13,6,22
5155,28,12,6,22
5156,147,105,52,95
5157,147,104,52,95
5158,147,105,52,95
5159,147,104,52,95
5160,103,71,35,68
5161,116,80,40,76
5162,103,71,35,68
5163,54,32,16,38
5164,54,33,16,38
5165,54,32,16,38
5166,54,33,16,38
5167,178,128,64,114
5168,103,71,35,68
5169,54,32,16,38
5170,54,33,16,38
5171,54,32,16,38
5172,103,71,35,68
5173,103,70,35,68
5174,147,105,52,95
5175,147,104,52,95
5176,41,23,11,30
5177,54,32,16,38
5178,41,23,11,30
5179,116,80,40,76
5180,41,23,11,30
5181,41,22,11,30
5182,54,33,16,38
5183,54,32,16,38
5184,28,13,6,22
5185,41,22,11,30
5186,41,23,11,30
5187,41,22,11,30
5188,103,71,35,68
5189,103,70,35,68
5190,103,71,35,68
5191,72,46,23,49
5192,147,105,52,95
5193,85,56,28,57
5194,147,105,52,95
5195,103,70,35,68
5196,147,105,52,95
5197,147,104,52,95
5198,147,105,52,95
5199,147,104,52,95
5200,28,13,6,22
5201,147,104,52,95
5202,178,129,64,114
5203,178,128,64,114
5204,28,13,6,22
5205,28,12,6,22
5206,103,71,35,68
5207,103,70,35,68
5208,103,71,35,68
5209,41,22,11,30
5210,103,71,35,68
5211,134,94,47,87
5212,103,71,35,68
5213,103,70,35,68
5214,85,57,28,57
5215,85,56,28,57
5216,28,13,6,22
5217,147,104,52,95
5218,54,33,16,38
5219,54,32,16,38
5220,54,33,16,38
5221,54,32,16,38
5222,54,33,16,38
5223,59,36,18,41
5224,28,13,6,22
5225,85,56,28,57
5226,28,13,6,22
5227,54,32,16,38
5228,178,129,64,114
5229,178,128,64,114
5230,178,129,64,114
5231,129,90,45,84
5232,147,105,52,95
5233,28,12,6,22
5234,85,57,28,57
5235,85,56,28,57
5236,147,105,52,95
5237,147,104,52,95
5238,103,71,35,68
5239,103,70,35,68
5240,147,105,52,95
5241,85,56,28,57
5242,147,105,52,95
5243,54,32,16,38
5244,103,71,35,68
5245,103,70,35,68
5246,103,71,35,68
5247,85,56,28,57
5248,116,81,40,76
5249,129,90,45,84
5250,28,13,6,22
5251,28,12,6,22
5252,28,13,6,22
5253,28,12,6,22
5254,28,13,6,22
5255,85,56,28,57
5256,54,33,16,38
5257,178,128,64,114
5258,54,33,16,38
5259,103,70,35,68
5260,54,33,16,38
5261,54,32,16,38
5262,191,139,69,122
5263,191,138,69,122
5264,54,33,16,38
5265,41,22,11,30
5266,41,23,11,30
5267,41,22,11,30
5268,54,33,16,38
5269,54,32,16,38
5270,54,33,16,38
5271,54,32,16,38
5272,54,33,16,38
5273,147,104,52,95
5274,54,33,16,38
5275,103,70,35,68
5276,147,105,52,95
5277,147,104,52,95
5278,147,105,52,95
5279,77,50,25,52
5280,116,81,40,76
5281,54,32,16,38
5282,103,71,35,68
5283,103,70,35,68
5284,103,71,35,68
5285,103,70,35,68
5286,103,71,35,68
5287,77,50,25,52
5288,116,81,40,76
5289,54,32,16,38
5290,116,81,40,76
5291,54,32,16,38
5292,54,33,16,38
5293,54,32,16,38
5294,54,33,16,38
5295,147,104,52,95
5296,28,13,6,22
5297,98,66,33,65
5298,98,67,33,65
5299,98,66,33,65
5300,28,13,6,22
5301,28,12,6,22
5302,147,105,52,95
5303,147,104,52,95
5304,28,13,6,22
5305,98,66,33,65
5306,28,13,6,22
5307,147,104,52,95
5308,54,33,16,38
5309,54,32,16,38
5310,54,33,16,38
5311,98,66,33,65
5312,116,81,40,76
5313,54,32,16,38
5314,54,33,16,38
5315,54,32,16,38
5316,54,33,16,38
5317,54,32,16,38
5318,54,33,16,38
5319,54,32,16,38
5320,54,33,16,38
5321,54,32,16,38
5322,54,33,16,38
5323,54,32,16,38
5324,54,33,16,38
5325,54,32,16,38
5326,85,57,28,57
5327,85,56,28,57
5328,116,81,40,76
5329,54,32,16,38
5330,54,33,16,38
5331,54,32,16,38
5332,116,81,40,76
5333,116,80,40,76
5334,46,27,13,33
5335,46,26,13,33
5336,147,105,52,95
5337,54,32,16,38
5338,147,105,52,95
5339,46,26,13,33
5340,147,105,52,95
5341,147,104,52,95
5342,46,27,13,33
5343,46,26,13,33
5344,72,47,23,49
5345,160,114,57,103
5346,116,81,40,76
5347,116,80,40,76
5348,46,27,13,33
5349,46,26,13,33
5350,46,27,13,33
5351,191,138,69,122
5352,72,47,23,49
5353,46,26,13,33
5354,72,47,23,49
5355,98,66,33,65
5356,28,13,6,22
5357,28,12,6,22
5358,28,13,6,22
5359,191,138,69,122
5360,72,47,23,49
5361,72,46,23,49
5362,46,27,13,33
5363,46,26,13,33
5364,72,47,23,49
5365,72,46,23,49
5366,72,47,23,49
5367,72,46,23,49
5368,98,67,33,65
5369,72,46,23,49
5370,98,67,33,65
5371,129,90,45,84
5372,98,67,33,65
5373,98,66,33,65
5374,98,67,33,65
5375,98,66,33,65
5376,15,3,1,14
5377,72,46,23,49
5378,72,47,23,49
5379,72,46,23,49
5380,116,81,40,76
5381,116,80,40,76
5382,116,81,40,76
5383,72,46,23,49
5384,67,43,21,46
5385,147,104,52,95
5386,67,43,21,46
5387,147,104,52,95
5388,67,43,21,46
5389,67,42,21,46
5390,28,13,6,22
5391,28,12,6,22
5392,116,81,40,76
5393,67,42,21,46
5394,160,115,57,103
5395,160,114,57,103
5396,116,81,40,76
5397,116,80,40,76
5398,67,43,21,46
5399,67,42,21,46
5400,116,81,40,76
5401,160,114,57,103
5402,116,81,40,76
5403,72,46,23,49
5404,160,115,57,103
5405,160,114,57,103
5406,160,115,57,103
5407,67,42,21,46
5408,54,33,16,38
5409,116,80,40,76
5410,41,23,11,30
5411,41,22,11,30
5412,41,23,11,30
5413,41,22,11,30
5414,41,23,11,30
5415,41,22,11,30
5416,54,33,16,38
5417,67,42,21,46
5418,54,33,16,38
5419,41,22,11,30
5420,116,81,40,76
5421,116,80,40,76
5422,116,81,40,76
5423,67,42,21,46
5424,54,33,16,38
5425,160,114,57,103
5426,160,115,57,103
5427,160,114,57,103
5428,54,33,16,38
5429,54,32,16,38
5430,98,67,33,65
5431,98,66,33,65
5432,67,43,21,46
5433,160,114,57,103
5434,67,43,21,46
5435,116,80,40,76
5436,67,43,21,46
5437,67,42,21,46
5438,67,43,21,46
5439,67,42,21,46
5440,15,3,1,14
5441,54,32,16,38
5442,67,43,21,46
5443,67,42,21,46
5444,54,33,16,38
5445,54,32,16,38
5446,54,33,16,38
5447,98,66,33,65
5448,67,43,21,46
5449,160,114,57,103
5450,67,43,21,46
5451,54,32,16,38
5452,67,43,21,46
5453,67,42,21,46
5454,129,91,45,84
5455,129,90,45,84
5456,15,3,1,14
5457,67,42,21,46
5458,160,115,57,103
5459,160,114,57,103
5460,15,3,1,14
5461,15,2,1,14
5462,116,81,40,76
5463,116,80,40,76
5464,41,23,11,30
5465,160,114,57,103
5466,41,23,11,30
5467,116,80,40,76
5468,41,23,11,30
5469,41,22,11,30
5470,160,115,57,103
5471,160,114,57,103
5472,129,91,45,84
5473,160,114,57,103
5474,41,23,11,30
5475,41,22,11,30
5476,41,23,11,30
5477,41,22,11,30
5478,41,23,11,30
5479,191,138,69,122
5480,129,91,45,84
5481,41,22,11,30
5482,129,91,45,84
5483,116,80,40,76
5484,116,81,40,76
5485,116,80,40,76
5486,116,81,40,76
5487,54,32,16,38
5488,129,91,45,84
5489,129,90,45,84
5490,41,23,11,30
5491,41,22,11,30
5492,129,91,45,84
5493,129,90,45,84
5494,67,43,21,46
5495,67,42,21,46
5496,41,23,11,30
5497,98,66,33,65
5498,41,23,11,30
5499,67,42,21,46
5500,41,23,11,30
5501,41,22,11,30
5502,173,125,62,111
5503,173,124,62,111
5504,36,19,9,27
5505,191,138,69,122
5506,129,91,45,84
5507,129,90,45,84
5508,160,115,57,103
5509,160,114,57,103
5510,160,115,57,103
5511,129,90,45,84
5512,129,91,45,84
5513,98,66,33,65
5514,129,91,45,84
5515,160,114,57,103
5516,129,91,45,84
5517,129,90,45,84
5518,160,115,57,103
5519,160,114,57,103
5520,129,91,45,84
5521,129,90,45,84
5522,129,91,45,84
5523,129,90,45,84
5524,129,91,45,84
5525,129,90,45,84
5526,41,23,11,30
5527,41,22,11,30
5528,129,91,45,84
5529,41,22,11,30
5530,129,91,45,84
5531,41,22,11,30
5532,98,67,33,65
5533,98,66,33,65
5534,98,67,33,65
5535,129,90,45,84
5536,36,19,9,27
5537,67,42,21,46
5538,67,43,21,46
5539,67,42,21,46
5540,67,43,21,46
5541,67,42,21,46
5542,67,43,21,46
5543,204,148,74,130
5544,36,19,9,27
5545,54,32,16,38
5546,36,19,9,27
5547,54,32,16,38
5548,67,43,21,46
5549,67,42,21,46
5550,67,43,21,46
5551,67,42,21,46
5552,129,91,45,84
5553,129,90,45,84
5554,129,91,45,84
5555,129,90,45,84
5556,129,91,45,84
5557,129,90,45,84
5558,160,115,57,103
5559,160,114,57,103
5560,129,91,45,84
5561,129,90,45,84
5562,129,91,45,84
5563,116,80,40,76
5564,116,81,40,76
5565,116,80,40,76
5566,116,81,40,76
5567,235,172,86,149
5568,36,19,9,27
5569,129,90,45,84
5570,67,43,21,46
5571,67,42,21,46
5572,36,19,9,27
5573,36,18,9,27
5574,36,19,9,27
5575,67,42,21,46
5576,129,91,45,84
5577,41,22,11,30
5578,129,91,45,84
5579,41,22,11,30
5580,129,91,45,84
5581,129,90,45,84
5582,67,43,21,46
5583,67,42,21,46
5584,36,19,9,27
5585,129,90,45,84
5586,111,77,38,73
5587,111,76,38,73
5588,36,19,9,27
5589,36,18,9,27
5590,67,43,21,46
5591,67,42,21,46
5592,67,43,21,46
5593,67,42,21,46
5594,67,43,21,46
5595,129,90,45,84
5596,67,43,21,46
5597,67,42,21,46
5598,67,43,21,46
5599,67,42,21,46
5600,85,57,28,57
5601,67,42,21,46
5602,36,19,9,27
5603,36,18,9,27
5604,98,67,33,65
5605,98,66,33,65
5606,98,67,33,65
5607,67,42,21,46
5608,85,57,28,57
5609,111,76,38,73
5610,85,57,28,57
5611,160,114,57,103
5612,129,91,45,84
5613,129,90,45,84
5614,129,91,45,84
5615,67,42,21,46
5616,85,57,28,57
5617,85,56,28,57
5618,160,115,57,103
5619,160,114,57,103
5620,85,57,28,57
5621,85,56,28,57
5622,59,37,18,41
5623,59,36,18,41
5624,173,125,62,111
5625,160,114,57,103
5626,173,125,62,111
5627,59,36,18,41
5628,173,125,62,111
5629,173,124,62,111
5630,160,115,57,103
5631,160,114,57,103
5632,23,9,4,19
5633,59,36,18,41
5634,85,57,28,57
5635,85,56,28,57
5636,85,57,28,57
5637,85,56,28,57
5638,85,57,28,57
5639,85,56,28,57
5640,36,19,9,27
5641,41,22,11,30
5642,36,19,9,27
5643,85,56,28,57
5644,36,19,9,27
5645,36,18,9,27
5646,59,37,18,41
5647,59,36,18,41
5648,129,91,45,84
5649,36,18,9,27
5650,85,57,28,57
5651,85,56,28,57
5652,129,91,45,84
5653,129,90,45,84
5654,111,77,38,73
5655,111,76,38,73
5656,129,91,45,84
5657,111,76,38,73
5658,129,91,45,84
5659,67,42,21,46
5660,36,19,9,27
5661,36,18,9,27
5662,36,19,9,27
5663,85,56,28,57
5664,36,19,9,27
5665,129,90,45,84
5666,129,91,45,84
5667,129,90,45,84
5668,80,53,26,54
5669,80,52,26,54
5670,80,53,26,54
5671,80,52,26,54
5672,36,19,9,27
5673,204,148,74,130
5674,36,19,9,27
5675,129,90,45,84
5676,129,91,45,84
5677,129,90,45,84
5678,129,91,45,84
5679,160,114,57,103
5680,36,19,9,27
5681,80,52,26,54
5682,80,53,26,54
5683,80,52,26,54
5684,36,19,9,27
5685,36,18,9,27
5686,173,125,62,111
5687,173,124,62,111
5688,67,43,21,46
5689,129,90,45,84
5690,67,43,21,46
5691,173,124,62,111
5692,67,43,21,46
5693,67,42,21,46
5694,173,125,62,111
5695,173,124,62,111
5696,36,19,9,27
5697,67,42,21,46
5698,67,43,21,46
5699,67,42,21,46
5700,28,13,6,22
5701,28,12,6,22
5702,28,13,6,22
5703,54,32,16,38
5704,28,13,6,22
5705,80,52,26,54
5706,28,13,6,22
5707,28,12,6,22
5708,28,13,6,22
5709,28,12,6,22
5710,129,91,45,84
5711,129,90,45,84
5712,36,19,9,27
5713,173,124,62,111
5714,173,125,62,111
5715,173,124,62,111
5716,36,19,9,27
5717,36,18,9,27
5718,80,53,26,54
5719,80,52,26,54
5720,28,13,6,22
5721,80,52,26,54
5722,28,13,6,22
5723,173,124,62,111
5724,28,13,6,22
5725,28,12,6,22
5726,80,53,26,54
5727,80,52,26,54
5728,36,19,9,27
5729,28,12,6,22
5730,28,13,6,22
5731,28,12,6,22
5732,28,13,6,22
5733,28,12,6,22
5734,28,13,6,22
5735,173,124,62,111
5736,36,19,9,27
5737,111,76,38,73
5738,36,19,9,27
5739,173,124,62,111
5740,80,53,26,54
5741,80,52,26,54
5742,80,53,26,54
5743,80,52,26,54
5744,54,33,16,38
5745,36,18,9,27
5746,173,125,62,111
5747,173,124,62,111
5748,54,33,16,38
5749,54,32,16,38
5750,54,33,16,38
5751,54,32,16,38
5752,54,33,16,38
5753,129,90,45,84
5754,54,33,16,38
5755,54,32,16,38
5756,129,91,45,84
5757,129,90,45,84
5758,129,91,45,84
5759,111,76,38,73
5760,23,9,4,19
5761,173,124,62,111
5762,36,19,9,27
5763,36,18,9,27
5764,142,101,50,92
5765,142,100,50,92
5766,142,101,50,92
5767,54,32,16,38
5768,49,29,14,35
5769,173,124,62,111
5770,49,29,14,35
5771,142,100,50,92
5772,49,29,14,35
5773,49,28,14,35
5774,129,91,45,84
5775,129,90,45,84
5776,49,29,14,35
5777,142,100,50,92
5778,142,101,50,92
5779,142,100,50,92
5780,49,29,14,35
5781,49,28,14,35
5782,49,29,14,35
5783,49,28,14,35
5784,49,29,14,35
5785,80,52,26,54
5786,49,29,14,35
5787,80,52,26,54
5788,54,33,16,38
5789,54,32,16,38
5790,54,33,16,38
5791,111,76,38,73
5792,23,9,4,19
5793,54,32,16,38
5794,142,101,50,92
5795,142,100,50,92
5796,142,101,50,92
5797,142,100,50,92
5798,142,101,50,92
5799,204,148,74,130
5800,23,9,4,19
5801,80,52,26,54
5802,23,9,4,19
5803,173,124,62,111
5804,142,101,50,92
5805,142,100,50,92
5806,142,101,50,92
5807,111,76,38,73
5808,49,29,14,35
5809,49,28,14,35
5810,49,29,14,35
5811,49,28,14,35
5812,49,29,14,35
5813,49,28,14,35
5814,142,101,50,92
5815,142,100,50,92
5816,49,29,14,35
5817,142,100,50,92
5818,49,29,14,35
5819,142,100,50,92
5820,142,101,50,92
5821,142,100,50,92
5822,142,101,50,92
5823,142,100,50,92
5824,98,67,33,65
5825,49,28,14,35
5826,111,77,38,73
5827,111,76,38,73
5828,36,19,9,27
5829,36,18,9,27
5830,36,19,9,27
5831,49,28,14,35
5832,36,19,9,27
5833,80,52,26,54
5834,36,19,9,27
5835,80,52,26,54
5836,36,19,9,27
5837,36,18,9,27
5838,217,159,79,138
5839,217,158,79,138
5840,98,67,33,65
5841,80,52,26,54
5842,80,53,26,54
5843,80,52,26,54
5844,98,67,33,65
5845,98,66,33,65
5846,142,101,50,92
5847,142,100,50,92
5848,142,101,50,92
5849,142,100,50,92
5850,142,101,50,92
5851,142,100,50,92
5852,142,101,50,92
5853,142,100,50,92
5854,173,125,62,111
5855,173,124,62,111
5856,98,67,33,65
5857,142,100,50,92
5858,98,67,33,65
5859,98,66,33,65
5860,36,19,9,27
5861,36,18,9,27
5862,36,19,9,27
5863,129,90,45,84
5864,98,67,33,65
5865,103,70,35,68
5866,98,67,33,65
5867,80,52,26,54
5868,142,101,50,92
5869,142,100,50,92
5870,142,101,50,92
5871,80,52,26,54
5872,49,29,14,35
5873,98,66,33,65
5874,54,33,16,38
5875,54,32,16,38
5876,49,29,14,35
5877,49,28,14,35
5878,80,53,26,54
5879,80,52,26,54
5880,49,29,14,35
5881,49,28,14,35
5882,49,29,14,35
5883,142,100,50,92
5884,173,125,62,111
5885,173,124,62,111
5886,173,125,62,111
5887,124,86,43,81
5888,23,9,4,19
5889,98,66,33,65
5890,80,53,26,54
5891,80,52,26,54
5892,98,67,33,65
5893,98,66,33,65
5894,98,67,33,65
5895,80,52,26,54
5896,142,101,50,92
5897,80,52,26,54
5898,142,101,50,92
5899,49,28,14,35
5900,142,101,50,92
5901,142,100,50,92
5902,98,67,33,65
5903,98,66,33,65
5904,23,9,4,19
5905,142,100,50,92
5906,124,87,43,81
5907,124,86,43,81
5908,23,9,4,19
5909,23,8,4,19
5910,142,101,50,92
5911,142,100,50,92
5912,23,9,4,19
5913,80,52,26,54
5914,23,9,4,19
5915,173,124,62,111
5916,98,67,33,65
5917,98,66,33,65
5918,98,67,33,65
5919,173,124,62,111
5920,49,29,14,35
5921,186,134,67,119
5922,36,19,9,27
5923,36,18,9,27
5924,36,19,9,27
5925,36,18,9,27
5926,36,19,9,27
5927,72,46,23,49
5928,49,29,14,35
5929,186,134,67,119
5930,49,29,14,35
5931,36,18,9,27
5932,142,101,50,92
5933,142,100,50,92
5934,142,101,50,92
5935,98,66,33,65
5936,49,29,14,35
5937,142,100,50,92
5938,142,101,50,92
5939,142,100,50,92
5940,49,29,14,35
5941,49,28,14,35
5942,49,29,14,35
5943,49,28,14,35
5944,98,67,33,65
5945,49,28,14,35
5946,98,67,33,65
5947,142,100,50,92
5948,98,67,33,65
5949,98,66,33,65
5950,49,29,14,35
5951,49,28,14,35
5952,23,9,4,19
5953,49,28,14,35
5954,142,101,50,92
5955,142,100,50,92
5956,49,29,14,35
5957,49,28,14,35
5958,49,29,14,35
5959,124,86,43,81
5960,93,63,31,62
5961,49,28,14,35
5962,93,63,31,62
5963,49,28,14,35
5964,93,63,31,62
5965,93,62,31,62
5966,142,101,50,92
5967,142,100,50,92
5968,23,9,4,19
5969,93,62,31,62
5970,142,101,50,92
5971,142,100,50,92
5972,23,9,4,19
5973,23,8,4,19
5974,49,29,14,35
5975,49,28,14,35
5976,49,29,14,35
5977,49,28,14,35
5978,49,29,14,35
5979,54,32,16,38
5980,49,29,14,35
5981,49,28,14,35
5982,49,29,14,35
5983,49,28,14,35
5984,49,29,14,35
5985,93,62,31,62
5986,49,29,14,35
5987,49,28,14,35
5988,49,29,14,35
5989,49,28,14,35
5990,49,29,14,35
5991,93,62,31,62
5992,49,29,14,35
5993,80,52,26,54
5994,49,29,14,35
5995,80,52,26,54
5996,49,29,14,35
5997,49,28,14,35
5998,49,29,14,35
5999,186,134,67,119
6000,49,29,14,35
6001,49,28,14,35
6002,41,23,11,30
6003,41,22,11,30
6004,49,29,14,35
6005,49,28,14,35
6006,41,23,11,30
6007,41,22,11,30
6008,142,101,50,92
6009,93,62,31,62
6010,142,101,50,92
6011,41,22,11,30
6012,142,101,50,92
6013,142,100,50,92
6014,155,111,55,100
6015,155,110,55,100
6016,111,77,38,73
6017,186,134,67,119
6018,41,23,11,30
6019,41,22,11,30
6020,41,23,11,30
6021,41,22,11,30
6022,41,23,11,30
6023,41,22,11,30
6024,23,9,4,19
6025,93,62,31,62
6026,23,9,4,19
6027,186,134,67,119
6028,23,9,4,19
6029,23,8,4,19
6030,93,63,31,62
6031,93,62,31,62
6032,67,43,21,46
6033,41,22,11,30
6034,41,23,11,30
6035,41,22,11,30
6036,67,43,21,46
6037,67,42,21,46
6038,67,43,21,46
6039,67,42,21,46
6040,67,43,21,46
6041,67,42,21,46
6042,67,43,21,46
6043,124,86,43,81
6044,93,63,31,62
6045,93,62,31,62
6046,93,63,31,62
6047,93,62,31,62
6048,111,77,38,73
6049,67,42,21,46
6050,67,43,21,46
6051,67,42,21,46
6052,67,43,21,46
6053,67,42,21,46
6054,67,43,21,46
6055,93,62,31,62
6056,111,77,38,73
6057,186,134,67,119
6058,111,77,38,73
6059,142,100,50,92
6060,142,101,50,92
6061,142,100,50,92
6062,142,101,50,92
6063,142,100,50,92
6064,62,39,19,43
6065,23,8,4,19
6066,23,9,4,19
6067,23,8,4,19
6068,62,39,19,43
6069,62,38,19,43
6070,155,111,55,100
6071,155,110,55,100
6072,62,39,19,43
6073,62,38,19,43
6074,62,39,19,43
6075,62,38,19,43
6076,155,111,55,100
6077,155,110,55,100
6078,155,111,55,100
6079,67,42,21,46
6080,111,77,38,73
6081,62,38,19,43
6082,155,111,55,100
6083,155,110,55,100
6084,111,77,38,73
6085,111,76,38,73
6086,111,77,38,73
6087,155,110,55,100
6088,36,19,9,27
6089,62,38,19,43
6090,36,19,9,27
6091,36,18,9,27
6092,36,19,9,27
6093,36,18,9,27
6094,62,39,19,43
6095,62,38,19,43
6096,111,77,38,73
6097,36,18,9,27
6098,124,87,43,81
6099,124,86,43,81
6100,111,77,38,73
6101,111,76,38,73
6102,155,111,55,100
6103,155,110,55,100
6104,155,111,55,100
6105,111,76,38,73
6106,155,111,55,100
6107,155,110,55,100
6108,155,111,55,100
6109,155,110,55,100
6110,93,63,31,62
6111,93,62,31,62
6112,49,29,14,35
6113,155,110,55,100
6114,111,77,38,73
6115,111,76,38,73
6116,62,39,19,43
6117,62,38,19,43
6118,62,39,19,43
6119,62,38,19,43
6120,49,29,14,35
6121,173,124,62,111
6122,49,29,14,35
6123,186,134,67,119
6124,62,39,19,43
6125,62,38,19,43
6126,62,39,19,43
6127,62,38,19,43
6128,49,29,14,35
6129,49,28,14,35
6130,155,111,55,100
6131,155,110,55,100
6132,49,29,14,35
6133,49,28,14,35
6134,62,39,19,43
6135,62,38,19,43
6136,62,39,19,43
6137,124,86,43,81
6138,62,39,19,43
6139,124,86,43,81
6140,62,39,19,43
6141,62,38,19,43
6142,155,111,55,100
6143,155,110,55,100
6144,18,5,2,16
6145,49,28,14,35
6146,111,77,38,73
6147,111,76,38,73
6148,155,111,55,100
6149,155,110,55,100
6150,155,111,55,100
6151,111,76,38,73
6152,36,19,9,27
6153,93,62,31,62
6154,36,19,9,27
6155,155,110,55,100
6156,36,19,9,27
6157,36,18,9,27
6158,155,111,55,100
6159,155,110,55,100
6160,36,19,9,27
6161,36,18,9,27
6162,155,111,55,100
6163,155,110,55,100
6164,36,19,9,27
6165,36,18,9,27
6166,36,19,9,27
6167,36,18,9,27
6168,36,19,9,27
6169,111,76,38,73
6170,36,19,9,27
6171,261,192,96,165
6172,111,77,38,73
6173,111,76,38,73
6174,111,77,38,73
6175,142,100,50,92
6176,124,87,43,81
6177,111,76,38,73
6178,36,19,9,27
6179,36,18,9,27
6180,62,39,19,43
6181,62,38,19,43
6182,62,39,19,43
6183,155,110,55,100
6184,124,87,43,81
6185,93,62,31,62
6186,124,87,43,81
6187,62,38,19,43
6188,36,19,9,27
6189,36,18,9,27
6190,36,19,9,27
6191,168,120,60,108
6192,124,87,43,81
6193,186,134,67,119
6194,186,135,67,119
6195,186,134,67,119
6196,124,87,43,81
6197,124,86,43,81
6198,137,97,48,89
6199,137,96,48,89
6200,155,111,55,100
6201,36,18,9,27
6202,155,111,55,100
6203,93,62,31,62
6204,155,111,55,100
6205,155,110,55,100
6206,93,63,31,62
6207,93,62,31,62
6208,124,87,43,81
6209,155,110,55,100
6210,155,111,55,100
6211,155,110,55,100
6212,124,87,43,81
6213,124,86,43,81
6214,124,87,43,81
6215,62,38,19,43
6216,36,19,9,27
6217,111,76,38,73
6218,36,19,9,27
6219,124,86,43,81
6220,36,19,9,27
6221,36,18,9,27
6222,36,19,9,27
6223,36,18,9,27
6224,124,87,43,81
6225,36,18,9,27
6226,93,63,31,62
6227,93,62,31,62
6228,124,87,43,81
6229,124,86,43,81
6230,62,39,19,43
6231,62,38,19,43
6232,62,39,19,43
6233,62,38,19,43
6234,62,39,19,43
6235,186,134,67,119
6236,62,39,19,43
6237,62,38,19,43
6238,49,29,14,35
6239,49,28,14,35
6240,124,87,43,81
6241,49,28,14,35
6242,62,39,19,43
6243,62,38,19,43
6244,62,39,19,43
6245,62,38,19,43
6246,62,39,19,43
6247,186,134,67,119
6248,124,87,43,81
6249,155,110,55,100
6250,124,87,43,81
6251,111,76,38,73
6252,155,111,55,100
6253,155,110,55,100
6254,155,111,55,100
6255,111,76,38,73
6256,124,87,43,81
6257,124,86,43,81
6258,111,77,38,73
6259,111,76,38,73
6260,124,87,43,81
6261,124,86,43,81
6262,111,77,38,73
6263,111,76,38,73
6264,124,87,43,81
6265,85,56,28,57
6266,124,87,43,81
6267,62,38,19,43
6268,62,39,19,43
6269,62,38,19,43
6270,62,39,19,43
6271,111,76,38,73
6272,31,15,7,24
6273,62,38,19,43
6274,36,19,9,27
6275,36,18,9,27
6276,36,19,9,27
6277,36,18,9,27
6278,36,19,9,27
6279,106,72,36,70
6280,124,87,43,81
6281,62,38,19,43
6282,124,87,43,81
6283,155,110,55,100
6284,124,87,43,81
6285,124,86,43,81
6286,106,73,36,70
6287,106,72,36,70
6288,62,39,19,43
6289,62,38,19,43
6290,62,39,19,43
6291,62,38,19,43
6292,62,39,19,43
6293,62,38,19,43
6294,124,87,43,81
6295,124,86,43,81
6296,62,39,19,43
6297,62,38,19,43
6298,62,39,19,43
6299,62,38,19,43
6300,62,39,19,43
6301,62,38,19,43
6302,62,39,19,43
6303,155,110,55,100
6304,31,15,7,24
6305,62,38,19,43
6306,62,39,19,43
6307,62,38,19,43
6308,93,63,31,62
6309,93,62,31,62
6310,93,63,31,62
6311,106,72,36,70
6312,31,15,7,24
6313,155,110,55,100
6314,31,15,7,24
6315,62,38,19,43
6316,124,87,43,81
6317,124,86,43,81
6318,124,87,43,81
6319,199,144,72,127
6320,80,53,26,54
6321,155,110,55,100
6322,155,111,55,100
6323,155,110,55,100
6324,80,53,26,54
6325,80,52,26,54
6326,54,33,16,38
6327,54,32,16,38
6328,80,53,26,54
6329,155,110,55,100
6330,80,53,26,54
6331,54,32,16,38
6332,168,121,60,108
6333,168,120,60,108
6334,168,121,60,108
6335,155,110,55,100
6336,31,15,7,24
6337,54,32,16,38
6338,54,33,16,38
6339,54,32,16,38
6340,80,53,26,54
6341,80,52,26,54
6342,80,53,26,54
6343,54,32,16,38
6344,80,53,26,54
6345,80,52,26,54
6346,80,53,26,54
6347,36,18,9,27
6348,80,53,26,54
6349,80,52,26,54
6350,199,145,72,127
6351,199,144,72,127
6352,31,15,7,24
6353,54,32,16,38
6354,54,33,16,38
6355,54,32,16,38
6356,31,15,7,24
6357,31,14,7,24
6358,80,53,26,54
6359,80,52,26,54
6360,106,73,36,70
6361,106,72,36,70
6362,106,73,36,70
6363,80,52,26,54
6364,106,73,36,70
6365,106,72,36,70
6366,62,39,19,43
6367,62,38,19,43
6368,124,87,43,81
6369,106,72,36,70
6370,31,15,7,24
6371,31,14,7,24
6372,124,87,43,81
6373,124,86,43,81
6374,124,87,43,81
6375,199,144,72,127
6376,124,87,43,81
6377,80,52,26,54
6378,124,87,43,81
6379,80,52,26,54
6380,75,49,24,51
6381,75,48,24,51
6382,75,49,24,51
6383,199,144,72,127
6384,124,87,43,81
6385,124,86,43,81
6386,36,19,9,27
6387,36,18,9,27
6388,124,87,43,81
6389,124,86,43,81
6390,75,49,24,51
6391,75,48,24,51
6392,75,49,24,51
6393,168,120,60,108
6394,75,49,24,51
6395,124,86,43,81
6396,75,49,24,51
6397,75,48,24,51
6398,168,121,60,108
6399,168,120,60,108
6400,31,15,7,24
6401,124,86,43,81
6402,168,121,60,108
6403,168,120,60,108
6404,62,39,19,43
6405,62,38,19,43
6406,62,39,19,43
6407,168,120,60,108
6408,62,39,19,43
6409,124,86,43,81
6410,62,39,19,43
6411,49,28,14,35
6412,62,39,19,43
6413,62,38,19,43
6414,49,29,14,35
6415,49,28,14,35
6416,23,9,4,19
6417,62,38,19,43
6418,75,49,24,51
6419,75,48,24,51
6420,23,9,4,19
6421,23,8,4,19
6422,124,87,43,81
6423,124,86,43,81
6424,23,9,4,19
6425,124,86,43,81
6426,23,9,4,19
6427,75,48,24,51
6428,168,121,60,108
6429,168,120,60,108
6430,168,121,60,108
6431,124,86,43,81
6432,23,9,4,19
6433,62,38,19,43
6434,75,49,24,51
6435,75,48,24,51
6436,75,49,24,51
6437,75,48,24,51
6438,75,49,24,51
6439,168,120,60,108
6440,23,9,4,19
6441,124,86,43,81
6442,23,9,4,19
6443,75,48,24,51
6444,23,9,4,19
6445,23,8,4,19
6446,23,9,4,19
6447,75,48,24,51
6448,23,9,4,19
6449,62,38,19,43
6450,62,39,19,43
6451,62,38,19,43
6452,23,9,4,19
6453,23,8,4,19
6454,106,73,36,70
6455,106,72,36,70
6456,75,49,24,51
6457,168,120,60,108
6458,75,49,24,51
6459,75,48,24,51
6460,75,49,24,51
6461,75,48,24,51
6462,168,121,60,108
6463,168,120,60,108
6464,31,15,7,24
6465,23,8,4,19
6466,168,121,60,108
6467,168,120,60,108
6468,49,29,14,35
6469,49,28,14,35
6470,49,29,14,35
6471,168,120,60,108
6472,49,29,14,35
6473,124,86,43,81
6474,49,29,14,35
6475,49,28,14,35
6476,49,29,14,35
6477,49,28,14,35
6478,124,87,43,81
6479,124,86,43,81
6480,31,15,7,24
6481,168,120,60,108
6482,168,121,60,108
6483,168,120,60,108
6484,31,15,7,24
6485,31,14,7,24
6486,49,29,14,35
6487,49,28,14,35
6488,137,97,48,89
6489,49,28,14,35
6490,137,97,48,89
6491,168,120,60,108
6492,137,97,48,89
6493,137,96,48,89
6494,49,29,14,35
6495,49,28,14,35
6496,44,25,12,32
6497,124,86,43,81
6498,137,97,48,89
6499,137,96,48,89
6500,137,97,48,89
6501,137,96,48,89
6502,137,97,48,89
6503,62,38,19,43
6504,44,25,12,32
6505,137,96,48,89
6506,44,25,12,32
6507,49,28,14,35
6508,75,49,24,51
6509,75,48,24,51
6510,75,49,24,51
6511,75,48,24,51
6512,44,25,12,32
6513,44,24,12,32
6514,49,29,14,35
6515,49,28,14,35
6516,44,25,12,32
6517,44,24,12,32
6518,49,29,14,35
6519,49,28,14,35
6520,137,97,48,89
6521,181,130,65,116
6522,137,97,48,89
6523,199,144,72,127
6524,137,97,48,89
6525,137,96,48,89
6526,75,49,24,51
6527,75,48,24,51
6528,31,15,7,24
6529,168,120,60,108
6530,137,97,48,89
6531,137,96,48,89
6532,137,97,48,89
6533,137,96,48,89
6534,137,97,48,89
6535,137,96,48,89
6536,44,25,12,32
6537,106,72,36,70
6538,44,25,12,32
6539,168,120,60,108
6540,44,25,12,32
6541,44,24,12,32
6542,137,97,48,89
6543,137,96,48,89
6544,44,25,12,32
6545,137,96,48,89
6546,137,97,48,89
6547,137,96,48,89
6548,44,25,12,32
6549,44,24,12,32
6550,137,97,48,89
6551,137,96,48,89
6552,44,25,12,32
6553,137,96,48,89
6554,44,25,12,32
6555,49,28,14,35
6556,106,73,36,70
6557,106,72,36,70
6558,106,73,36,70
6559,49,28,14,35
6560,31,15,7,24
6561,75,48,24,51
6562,75,49,24,51
6563,75,48,24,51
6564,75,49,24,51
6565,75,48,24,51
6566,75,49,24,51
6567,75,48,24,51
6568,31,15,7,24
6569,212,154,77,135
6570,31,15,7,24
6571,62,38,19,43
6572,75,49,24,51
6573,75,48,24,51
6574,75,49,24,51
6575,75,48,24,51
6576,137,97,48,89
6577,137,96,48,89
6578,137,97,48,89
6579,137,96,48,89
6580,137,97,48,89
6581,137,96,48,89
6582,137,97,48,89
6583,137,96,48,89
6584,137,97,48,89
6585,137,96,48,89
6586,137,97,48,89
6587,168,120,60,108
6588,137,97,48,89
6589,137,96,48,89
6590,137,97,48,89
6591,243,178,89,154
6592,93,63,31,62
6593,124,86,43,81
6594,124,87,43,81
6595,124,86,43,81
6596,31,15,7,24
6597,31,14,7,24
6598,31,15,7,24
6599,98,66,33,65
6600,137,97,48,89
6601,75,48,24,51
6602,137,97,48,89
6603,44,24,12,32
6604,137,97,48,89
6605,137,96,48,89
6606,75,49,24,51
6607,75,48,24,51
6608,93,63,31,62
6609,137,96,48,89
6610,49,29,14,35
6611,49,28,14,35
6612,93,63,31,62
6613,93,62,31,62
6614,75,49,24,51
6615,75,48,24,51
6616,44,25,12,32
6617,44,24,12,32
6618,44,25,12,32
6619,137,96,48,89
6620,44,25,12,32
6621,44,24,12,32
6622,168,121,60,108
6623,168,120,60,108
6624,93,63,31,62
6625,75,48,24,51
6626,93,63,31,62
6627,93,62,31,62
6628,75,49,24,51
6629,75,48,24,51
6630,75,49,24,51
6631,137,96,48,89
6632,93,63,31,62
6633,75,48,24,51
6634,93,63,31,62
6635,75,48,24,51
6636,44,25,12,32
6637,44,24,12,32
6638,44,25,12,32
6639,75,48,24,51
6640,137,97,48,89
6641,93,62,31,62
6642,106,73,36,70
6643,106,72,36,70
6644,137,97,48,89
6645,137,96,48,89
6646,119,83,41,78
6647,119,82,41,78
6648,137,97,48,89
6649,168,120,60,108
6650,137,97,48,89
6651,44,24,12,32
6652,75,49,24,51
6653,75,48,24,51
6654,75,49,24,51
6655,168,120,60,108
6656,18,5,2,16
6657,168,120,60,108
6658,93,63,31,62
6659,93,62,31,62
6660,181,131,65,116
6661,181,130,65,116
6662,181,131,65,116
6663,67,42,21,46
6664,31,15,7,24
6665,93,62,31,62
6666,31,15,7,24
6667,181,130,65,116
6668,31,15,7,24
6669,31,14,7,24
6670,181,131,65,116
6671,181,130,65,116
6672,137,97,48,89
6673,31,14,7,24
6674,67,43,21,46
6675,67,42,21,46
6676,137,97,48,89
6677,137,96,48,89
6678,93,63,31,62
6679,93,62,31,62
6680,137,97,48,89
6681,93,62,31,62
6682,137,97,48,89
6683,93,62,31,62
6684,44,25,12,32
6685,44,24,12,32
6686,44,25,12,32
6687,49,28,14,35
6688,44,25,12,32
6689,44,24,12,32
6690,137,97,48,89
6691,137,96,48,89
6692,93,63,31,62
6693,93,62,31,62
6694,93,63,31,62
6695,44,24,12,32
6696,44,25,12,32
6697,93,62,31,62
6698,44,25,12,32
6699,137,96,48,89
6700,137,97,48,89
6701,137,96,48,89
6702,137,97,48,89
6703,93,62,31,62
6704,44,25,12,32
6705,44,24,12,32
6706,44,25,12,32
6707,44,24,12,32
6708,44,25,12,32
6709,44,24,12,32
6710,93,63,31,62
6711,93,62,31,62
6712,88,59,29,59
6713,137,96,48,89
6714,88,59,29,59
6715,137,96,48,89
6716,88,59,29,59
6717,88,58,29,59
6718,137,97,48,89
6719,137,96,48,89
6720,44,25,12,32
6721,44,24,12,32
6722,44,25,12,32
6723,44,24,12,32
6724,44,25,12,32
6725,44,24,12,32
6726,44,25,12,32
6727,49,28,14,35
6728,44,25,12,32
6729,137,96,48,89
6730,44,25,12,32
6731,44,24,12,32
6732,44,25,12,32
6733,44,24,12,32
6734,88,59,29,59
6735,88,58,29,59
6736,44,25,12,32
6737,181,130,65,116
6738,181,131,65,116
6739,181,130,65,116
6740,44,25,12,32
6741,44,24,12,32
6742,75,49,24,51
6743,75,48,24,51
6744,44,25,12,32
6745,75,48,24,51
6746,44,25,12,32
6747,181,130,65,116
6748,44,25,12,32
6749,44,24,12,32
6750,137,97,48,89
6751,137,96,48,89
6752,44,25,12,32
6753,75,48,24,51
6754,36,19,9,27
6755,36,18,9,27
6756,36,19,9,27
6757,36,18,9,27
6758,36,19,9,27
6759,62,38,19,43
6760,44,25,12,32
6761,88,58,29,59
6762,44,25,12,32
6763,36,18,9,27
6764,137,97,48,89
6765,137,96,48,89
6766,137,97,48,89
6767,150,106,53,97
6768,36,19,9,27
6769,44,24,12,32
6770,181,131,65,116
6771,181,130,65,116
6772,36,19,9,27
6773,36,18,9,27
6774,44,25,12,32
6775,44,24,12,32
6776,36,19,9,27
6777,88,58,29,59
6778,36,19,9,27
6779,88,58,29,59
6780,181,131,65,116
6781,181,130,65,116
6782,181,131,65,116
6783,181,130,65,116
6784,18,5,2,16
6785,88,58,29,59
6786,44,25,12,32
6787,44,24,12,32
6788,36,19,9,27
6789,36,18,9,27
6790,36,19,9,27
6791,36,18,9,27
6792,62,39,19,43
6793,75,48,24,51
6794,62,39,19,43
6795,36,18,9,27
6796,62,39,19,43
6797,62,38,19,43
6798,119,83,41,78
6799,119,82,41,78
6800,62,39,19,43
6801,88,58,29,59
6802,88,59,29,59
6803,88,58,29,59
6804,62,39,19,43
6805,62,38,19,43
6806,62,39,19,43
6807,62,38,19,43
6808,62,39,19,43
6809,181,130,65,116
6810,62,39,19,43
6811,93,62,31,62
6812,62,39,19,43
6813,62,38,19,43
6814,62,39,19,43
6815,181,130,65,116
6816,18,5,2,16
6817,137,96,48,89
6818,137,97,48,89
6819,137,96,48,89
6820,137,97,48,89
6821,137,96,48,89
6822,137,97,48,89
6823,119,82,41,78
6824,18,5,2,16
6825,119,82,41,78
6826,18,5,2,16
6827,181,130,65,116
6828,150,107,53,97
6829,150,106,53,97
6830,150,107,53,97
6831,44,24,12,32
6832,57,35,17,40
6833,57,34,17,40
6834,57,35,17,40
6835,57,34,17,40
6836,57,35,17,40
6837,57,34,17,40
6838,150,107,53,97
6839,150,106,53,97
6840,57,35,17,40
6841,57,34,17,40
6842,57,35,17,40
6843,137,96,48,89
6844,150,107,53,97
6845,150,106,53,97
6846,150,107,53,97
6847,62,38,19,43
6848,106,73,36,70
6849,57,34,17,40
6850,57,35,17,40
6851,57,34,17,40
6852,31,15,7,24
6853,31,14,7,24
6854,31,15,7,24
6855,88,58,29,59
6856,31,15,7,24
6857,57,34,17,40
6858,31,15,7,24
6859,62,38,19,43
6860,31,15,7,24
6861,31,14,7,24
6862,119,83,41,78
6863,119,82,41,78
6864,106,73,36,70
6865,150,106,53,97
6866,150,107,53,97
6867,150,106,53,97
6868,106,73,36,70
6869,106,72,36,70
6870,150,107,53,97
6871,150,106,53,97
6872,150,107,53,97
6873,31,14,7,24
6874,150,107,53,97
6875,88,58,29,59
6876,150,107,53,97
6877,150,106,53,97
6878,150,107,53,97
6879,150,106,53,97
6880,106,73,36,70
6881,119,82,41,78
6882,106,73,36,70
6883,106,72,36,70
6884,57,35,17,40
6885,57,34,17,40
6886,57,35,17,40
6887,168,120,60,108
6888,106,73,36,70
6889,181,130,65,116
6890,106,73,36,70
6891,150,106,53,97
6892,57,35,17,40
6893,57,34,17,40
6894,57,35,17,40
6895,88,58,29,59
6896,44,25,12,32
6897,106,72,36,70
6898,150,107,53,97
6899,150,106,53,97
6900,44,25,12,32
6901,44,24,12,32
6902,57,35,17,40
6903,57,34,17,40
6904,44,25,12,32
6905,119,82,41,78
6906,44,25,12,32
6907,119,82,41,78
6908,57,35,17,40
6909,57,34,17,40
6910,57,35,17,40
6911,150,106,53,97
6912,119,83,41,78
6913,44,24,12,32
6914,44,25,12,32
6915,44,24,12,32
6916,106,73,36,70
6917,106,72,36,70
6918,106,73,36,70
6919,225,164,82,143
6920,150,107,53,97
6921,75,48,24,51
6922,150,107,53,97
6923,88,58,29,59
6924,150,107,53,97
6925,150,106,53,97
6926,106,73,36,70
6927,106,72,36,70
6928,31,15,7,24
6929,150,106,53,97
6930,150,107,53,97
6931,150,106,53,97
6932,31,15,7,24
6933,31,14,7,24
6934,150,107,53,97
6935,150,106,53,97
6936,31,15,7,24
6937,181,130,65,116
6938,31,15,7,24
6939,88,58,29,59
6940,106,73,36,70
6941,106,72,36,70
6942,106,73,36,70
6943,256,188,94,162
6944,31,15,7,24
6945,44,24,12,32
6946,106,73,36,70
6947,106,72,36,70
6948,106,73,36,70
6949,106,72,36,70
6950,106,73,36,70
6951,111,76,38,73
6952,31,15,7,24
6953,88,58,29,59
6954,31,15,7,24
6955,150,106,53,97
6956,57,35,17,40
6957,57,34,17,40
6958,57,35,17,40
6959,88,58,29,59
6960,31,15,7,24
6961,57,34,17,40
6962,57,35,17,40
6963,57,34,17,40
6964,31,15,7,24
6965,31,14,7,24
6966,88,59,29,59
6967,88,58,29,59
6968,181,131,65,116
6969,57,34,17,40
6970,181,131,65,116
6971,57,34,17,40
6972,181,131,65,116
6973,181,130,65,116
6974,132,93,46,86
6975,132,92,46,86
6976,119,83,41,78
6977,31,14,7,24
6978,88,59,29,59
6979,88,58,29,59
6980,150,107,53,97
6981,150,106,53,97
6982,150,107,53,97
6983,88,58,29,59
6984,150,107,53,97
6985,106,72,36,70
6986,150,107,53,97
6987,150,106,53,97
6988,150,107,53,97
6989,150,106,53,97
6990,57,35,17,40
6991,57,34,17,40
6992,119,83,41,78
6993,106,72,36,70
6994,106,73,36,70
6995,106,72,36,70
6996,119,83,41,78
6997,119,82,41,78
6998,132,93,46,86
6999,132,92,46,86
7000,31,15,7,24
7001,31,14,7,24
7002,31,15,7,24
7003,150,106,53,97
7004,31,15,7,24
7005,31,14,7,24
7006,88,59,29,59
7007,88,58,29,59
7008,57,35,17,40
7009,181,130,65,116
7010,57,35,17,40
7011,57,34,17,40
7012,57,35,17,40
7013,57,34,17,40
7014,57,35,17,40
7015,181,130,65,116
7016,57,35,17,40
7017,194,140,70,124
7018,57,35,17,40
7019,44,24,12,32
7020,44,25,12,32
7021,44,24,12,32
7022,44,25,12,32
7023,194,140,70,124
7024,57,35,17,40
7025,57,34,17,40
7026,57,35,17,40
7027,57,34,17,40
7028,57,35,17,40
7029,57,34,17,40
7030,150,107,53,97
7031,150,106,53,97
7032,150,107,53,97
7033,106,72,36,70
7034,150,107,53,97
7035,106,72,36,70
7036,150,107,53,97
7037,150,106,53,97
7038,80,53,26,54
7039,80,52,26,54
7040,119,83,41,78
7041,57,34,17,40
7042,106,73,36,70
7043,106,72,36,70
7044,106,73,36,70
7045,106,72,36,70
7046,106,73,36,70
7047,106,72,36,70
7048,119,83,41,78
7049,80,52,26,54
7050,119,83,41,78
7051,57,34,17,40
7052,119,83,41,78
7053,119,82,41,78
7054,57,35,17,40
7055,57,34,17,40
7056,31,15,7,24
7057,57,34,17,40
7058,57,35,17,40
7059,57,34,17,40
7060,31,15,7,24
7061,31,14,7,24
7062,101,69,34,67
7063,101,68,34,67
7064,31,15,7,24
7065,101,68,34,67
7066,31,15,7,24
7067,57,34,17,40
7068,150,107,53,97
7069,150,106,53,97
7070,150,107,53,97
7071,57,34,17,40
7072,119,83,41,78
7073,101,68,34,67
7074,31,15,7,24
7075,31,14,7,24
7076,57,35,17,40
7077,57,34,17,40
7078,57,35,17,40
7079,101,68,34,67
7080,119,83,41,78
7081,101,68,34,67
7082,119,83,41,78
7083,57,34,17,40
7084,57,35,17,40
7085,57,34,17,40
7086,57,35,17,40
7087,57,34,17,40
7088,57,35,17,40
7089,57,34,17,40
7090,57,35,17,40
7091,57,34,17,40
7092,57,35,17,40
7093,57,34,17,40
7094,57,35,17,40
7095,57,34,17,40
7096,57,35,17,40
7097,57,34,17,40
7098,57,35,17,40
7099,57,34,17,40
7100,88,59,29,59
7101,88,58,29,59
7102,88,59,29,59
7103,150,106,53,97
7104,75,49,24,51
7105,57,34,17,40
7106,57,35,17,40
7107,57,34,17,40
7108,119,83,41,78
7109,119,82,41,78
7110,119,83,41,78
7111,150,106,53,97
7112,150,107,53,97
7113,49,28,14,35
7114,150,107,53,97
7115,57,34,17,40
7116,150,107,53,97
7117,150,106,53,97
7118,49,29,14,35
7119,49,28,14,35
7120,75,49,24,51
7121,150,106,53,97
7122,49,29,14,35
7123,49,28,14,35
7124,75,49,24,51
7125,75,48,24,51
7126,163,117,58,105
7127,163,116,58,105
7128,49,29,14,35
7129,119,82,41,78
7130,49,29,14,35
7131,194,140,70,124
7132,49,29,14,35
7133,49,28,14,35
7134,194,141,70,124
7135,194,140,70,124
7136,75,49,24,51
7137,49,28,14,35
7138,75,49,24,51
7139,75,48,24,51
7140,31,15,7,24
7141,31,14,7,24
7142,31,15,7,24
7143,194,140,70,124
7144,75,49,24,51
7145,194,140,70,124
7146,75,49,24,51
7147,101,68,34,67
7148,49,29,14,35
7149,49,28,14,35
7150,49,29,14,35
7151,101,68,34,67
7152,101,69,34,67
7153,75,48,24,51
7154,75,49,24,51
7155,75,48,24,51
7156,101,69,34,67
7157,101,68,34,67
7158,75,49,24,51
7159,75,48,24,51
7160,101,69,34,67
7161,132,92,46,86
7162,101,69,34,67
7163,57,34,17,40
7164,101,69,34,67
7165,101,68,34,67
7166,101,69,34,67
7167,194,140,70,124
7168,26,11,5,21
7169,75,48,24,51
7170,75,49,24,51
7171,75,48,24,51
7172,119,83,41,78
7173,119,82,41,78
7174,119,83,41,78
7175,75,48,24,51
7176,70,45,22,48
7177,75,48,24,51
7178,70,45,22,48
7179,119,82,41,78
7180,70,45,22,48
7181,70,44,22,48
7182,150,107,53,97
7183,150,106,53,97
7184,119,83,41,78
7185,70,44,22,48
7186,31,15,7,24
7187,31,14,7,24
7188,119,83,41,78
7189,119,82,41,78
7190,70,45,22,48
7191,70,44,22,48
7192,119,83,41,78
7193,163,116,58,105
7194,119,83,41,78
7195,119,82,41,78
7196,70,45,22,48
7197,70,44,22,48
7198,70,45,22,48
7199,163,116,58,105
7200,57,35,17,40
7201,163,116,58,105
7202,119,83,41,78
7203,119,82,41,78
7204,163,117,58,105
7205,163,116,58,105
7206,163,117,58,105
7207,70,44,22,48
7208,57,35,17,40
7209,70,44,22,48
7210,57,35,17,40
7211,119,82,41,78
7212,44,25,12,32
7213,44,24,12,32
7214,44,25,12,32
7215,70,44,22,48
7216,57,35,17,40
7217,44,24,12,32
7218,44,25,12,32
7219,44,24,12,32
7220,57,35,17,40
7221,57,34,17,40
7222,70,45,22,48
7223,70,44,22,48
7224,119,83,41,78
7225,44,24,12,32
7226,119,83,41,78
7227,132,92,46,86
7228,119,83,41,78
7229,119,82,41,78
7230,70,45,22,48
7231,70,44,22,48
7232,18,5,2,16
7233,163,116,58,105
7234,163,117,58,105
7235,163,116,58,105
7236,57,35,17,40
7237,57,34,17,40
7238,57,35,17,40
7239,44,24,12,32
7240,70,45,22,48
7241,101,68,34,67
7242,70,45,22,48
7243,57,34,17,40
7244,70,45,22,48
7245,70,44,22,48
7246,119,83,41,78
7247,119,82,41,78
7248,18,5,2,16
7249,70,44,22,48
7250,70,45,22,48
7251,70,44,22,48
7252,18,5,2,16
7253,18,4,2,16
7254,57,35,17,40
7255,57,34,17,40
7256,57,35,17,40
7257,70,44,22,48
7258,57,35,17,40
7259,163,116,58,105
7260,57,35,17,40
7261,57,34,17,40
7262,101,69,34,67
7263,101,68,34,67
7264,18,5,2,16
7265,163,116,58,105
7266,70,45,22,48
7267,70,44,22,48
7268,70,45,22,48
7269,70,44,22,48
7270,70,45,22,48
7271,163,116,58,105
7272,18,5,2,16
7273,132,92,46,86
7274,18,5,2,16
7275,132,92,46,86
7276,163,117,58,105
7277,163,116,58,105
7278,163,117,58,105
7279,176,126,63,113
7280,44,25,12,32
7281,18,4,2,16
7282,119,83,41,78
7283,119,82,41,78
7284,44,25,12,32
7285,44,24,12,32
7286,163,117,58,105
7287,163,116,58,105
7288,44,25,12,32
7289,119,82,41,78
7290,44,25,12,32
7291,163,116,58,105
7292,163,117,58,105
7293,163,116,58,105
7294,163,117,58,105
7295,88,58,29,59
7296,39,21,10,29
7297,163,116,58,105
7298,44,25,12,32
7299,44,24,12,32
7300,44,25,12,32
7301,44,24,12,32
7302,44,25,12,32
7303,163,116,58,105
7304,132,93,46,86
7305,194,140,70,124
7306,132,93,46,86
7307,44,24,12,32
7308,132,93,46,86
7309,132,92,46,86
7310,119,83,41,78
7311,119,82,41,78
7312,132,93,46,86
7313,119,82,41,78
7314,119,83,41,78
7315,119,82,41,78
7316,132,93,46,86
7317,132,92,46,86
7318,132,93,46,86
7319,132,92,46,86
7320,132,93,46,86
7321,44,24,12,32
7322,132,93,46,86
7323,163,116,58,105
7324,70,45,22,48
7325,70,44,22,48
7326,70,45,22,48
7327,101,68,34,67
7328,39,21,10,29
7329,101,68,34,67
7330,44,25,12,32
7331,44,24,12,32
7332,44,25,12,32
7333,44,24,12,32
7334,44,25,12,32
7335,75,48,24,51
7336,39,21,10,29
7337,176,126,63,113
7338,39,21,10,29
7339,194,140,70,124
7340,132,93,46,86
7341,132,92,46,86
7342,132,93,46,86
7343,70,44,22,48
7344,132,93,46,86
7345,163,116,58,105
7346,163,117,58,105
7347,163,116,58,105
7348,132,93,46,86
7349,132,92,46,86
7350,101,69,34,67
7351,101,68,34,67
7352,132,93,46,86
7353,163,116,58,105
7354,132,93,46,86
7355,101,68,34,67
7356,163,117,58,105
7357,163,116,58,105
7358,163,117,58,105
7359,145,102,51,94
7360,39,21,10,29
7361,132,92,46,86
7362,132,93,46,86
7363,132,92,46,86
7364,132,93,46,86
7365,132,92,46,86
7366,132,93,46,86
7367,119,82,41,78
7368,132,93,46,86
7369,44,24,12,32
7370,132,93,46,86
7371,44,24,12,32
7372,132,93,46,86
7373,132,92,46,86
7374,44,25,12,32
7375,44,24,12,32
7376,39,21,10,29
7377,101,68,34,67
7378,101,69,34,67
7379,101,68,34,67
7380,39,21,10,29
7381,39,20,10,29
7382,70,45,22,48
7383,70,44,22,48
7384,70,45,22,48
7385,70,44,22,48
7386,70,45,22,48
7387,70,44,22,48
7388,70,45,22,48
7389,70,44,22,48
7390,207,151,75,132
7391,207,150,75,132
7392,132,93,46,86
7393,57,34,17,40
7394,39,21,10,29
7395,39,20,10,29
7396,70,45,22,48
7397,70,44,22,48
7398,70,45,22,48
7399,93,62,31,62
7400,132,93,46,86
7401,70,44,22,48
7402,132,93,46,86
7403,194,140,70,124
7404,132,93,46,86
7405,132,92,46,86
7406,132,93,46,86
7407,57,34,17,40
7408,132,93,46,86
7409,132,92,46,86
7410,163,117,58,105
7411,163,116,58,105
7412,132,93,46,86
7413,132,92,46,86
7414,132,93,46,86
7415,132,92,46,86
7416,119,83,41,78
7417,119,82,41,78
7418,119,83,41,78
7419,70,44,22,48
7420,119,83,41,78
7421,119,82,41,78
7422,238,175,87,151
7423,238,174,87,151
7424,26,11,5,21
7425,132,92,46,86
7426,70,45,22,48
7427,70,44,22,48
7428,39,21,10,29
7429,39,20,10,29
7430,39,21,10,29
7431,70,44,22,48
7432,132,93,46,86
7433,70,44,22,48
7434,132,93,46,86
7435,44,24,12,32
7436,132,93,46,86
7437,132,92,46,86
7438,44,25,12,32
7439,44,24,12,32
7440,39,21,10,29
7441,132,92,46,86
7442,70,45,22,48
7443,70,44,22,48
7444,39,21,10,29
7445,39,20,10,29
7446,132,93,46,86
7447,132,92,46,86
7448,39,21,10,29
7449,114,78,39,75
7450,39,21,10,29
7451,163,116,58,105
7452,70,45,22,48
7453,70,44,22,48
7454,70,45,22,48
7455,70,44,22,48
7456,88,59,29,59
7457,70,44,22,48
7458,70,45,22,48
7459,70,44,22,48
7460,70,45,22,48
7461,70,44,22,48
7462,70,45,22,48
7463,70,44,22,48
7464,88,59,29,59
7465,70,44,22,48
7466,88,59,29,59
7467,70,44,22,48
7468,39,21,10,29
7469,39,20,10,29
7470,39,21,10,29
7471,70,44,22,48
7472,88,59,29,59
7473,101,68,34,67
7474,101,69,34,67
7475,101,68,34,67
7476,88,59,29,59
7477,88,58,29,59
7478,114,79,39,75
7479,114,78,39,75
7480,132,93,46,86
7481,163,116,58,105
7482,132,93,46,86
7483,39,20,10,29
7484,132,93,46,86
7485,132,92,46,86
7486,70,45,22,48
7487,70,44,22,48
7488,26,11,5,21
7489,88,58,29,59
7490,163,117,58,105
7491,163,116,58,105
7492,88,59,29,59
7493,88,58,29,59
7494,88,59,29,59
7495,70,44,22,48
7496,176,127,63,113
7497,62,38,19,43
7498,176,127,63,113
7499,88,58,29,59
7500,176,127,63,113
7501,176,126,63,113
7502,62,39,19,43
7503,62,38,19,43
7504,26,11,5,21
7505,176,126,63,113
7506,163,117,58,105
7507,163,116,58,105
7508,26,11,5,21
7509,26,10,5,21
7510,62,39,19,43
7511,62,38,19,43
7512,88,59,29,59
7513,88,58,29,59
7514,88,59,29,59
7515,207,150,75,132
7516,88,59,29,59
7517,88,58,29,59
7518,88,59,29,59
7519,88,58,29,59
7520,132,93,46,86
7521,44,24,12,32
7522,39,21,10,29
7523,39,20,10,29
7524,39,21,10,29
7525,39,20,10,29
7526,39,21,10,29
7527,150,106,53,97
7528,132,93,46,86
7529,62,38,19,43
7530,132,93,46,86
7531,62,38,19,43
7532,88,59,29,59
7533,88,58,29,59
7534,88,59,29,59
7535,88,58,29,59
7536,132,93,46,86
7537,132,92,46,86
7538,114,79,39,75
7539,114,78,39,75
7540,132,93,46,86
7541,132,92,46,86
7542,114,79,39,75
7543,114,78,39,75
7544,39,21,10,29
7545,70,44,22,48
7546,39,21,10,29
7547,114,78,39,75
7548,39,21,10,29
7549,39,20,10,29
7550,88,59,29,59
7551,88,58,29,59
7552,39,21,10,29
7553,132,92,46,86
7554,132,93,46,86
7555,132,92,46,86
7556,83,55,27,56
7557,83,54,27,56
7558,83,55,27,56
7559,132,92,46,86
7560,39,21,10,29
7561,83,54,27,56
7562,39,21,10,29
7563,83,54,27,56
7564,39,21,10,29
7565,39,20,10,29
7566,132,93,46,86
7567,132,92,46,86
7568,39,21,10,29
7569,132,92,46,86
7570,132,93,46,86
7571,132,92,46,86
7572,39,21,10,29
7573,39,20,10,29
7574,83,55,27,56
7575,83,54,27,56
7576,39,21,10,29
7577,83,54,27,56
7578,39,21,10,29
7579,132,92,46,86
7580,176,127,63,113
7581,176,126,63,113
7582,176,127,63,113
7583,83,54,27,56
7584,39,21,10,29
7585,132,92,46,86
7586,70,45,22,48
7587,70,44,22,48
7588,70,45,22,48
7589,70,44,22,48
7590,70,45,22,48
7591,176,126,63,113
7592,39,21,10,29
7593,176,126,63,113
7594,39,21,10,29
7595,132,92,46,86
7596,70,45,22,48
7597,70,44,22,48
7598,70,45,22,48
7599,57,34,17,40
7600,31,15,7,24
7601,31,14,7,24
7602,31,15,7,24
7603,31,14,7,24
7604,31,15,7,24
7605,31,14,7,24
7606,83,55,27,56
7607,83,54,27,56
7608,31,15,7,24
7609,31,14,7,24
7610,31,15,7,24
7611,132,92,46,86
7612,132,93,46,86
7613,132,92,46,86
7614,132,93,46,86
7615,57,34,17,40
7616,39,21,10,29
7617,176,126,63,113
7618,176,127,63,113
7619,176,126,63,113
7620,39,21,10,29
7621,39,20,10,29
7622,39,21,10,29
7623,70,44,22,48
7624,31,15,7,24
7625,83,54,27,56
7626,31,15,7,24
7627,83,54,27,56
7628,31,15,7,24
7629,31,14,7,24
7630,176,127,63,113
7631,176,126,63,113
7632,39,21,10,29
7633,31,14,7,24
7634,83,55,27,56
7635,83,54,27,56
7636,39,21,10,29
7637,39,20,10,29
7638,31,15,7,24
7639,31,14,7,24
7640,31,15,7,24
7641,31,14,7,24
7642,31,15,7,24
7643,70,44,22,48
7644,31,15,7,24
7645,31,14,7,24
7646,176,127,63,113
7647,176,126,63,113
7648,57,35,17,40
7649,114,78,39,75
7650,39,21,10,29
7651,39,20,10,29
7652,83,55,27,56
7653,83,54,27,56
7654,83,55,27,56
7655,83,54,27,56
7656,57,35,17,40
7657,83,54,27,56
7658,57,35,17,40
7659,176,126,63,113
7660,176,127,63,113
7661,176,126,63,113
7662,176,127,63,113
7663,88,58,29,59
7664,57,35,17,40
7665,57,34,17,40
7666,57,35,17,40
7667,57,34,17,40
7668,57,35,17,40
7669,57,34,17,40
7670,132,93,46,86
7671,132,92,46,86
7672,132,93,46,86
7673,57,34,17,40
7674,132,93,46,86
7675,176,126,63,113
7676,132,93,46,86
7677,132,92,46,86
7678,114,79,39,75
7679,114,78,39,75
7680,26,11,5,21
7681,176,126,63,113
7682,39,21,10,29
7683,39,20,10,29
7684,145,103,51,94
7685,145,102,51,94
7686,145,103,51,94
7687,57,34,17,40
7688,52,31,15,37
7689,57,34,17,40
7690,52,31,15,37
7691,145,102,51,94
7692,52,31,15,37
7693,52,30,15,37
7694,145,103,51,94
7695,145,102,51,94
7696,52,31,15,37
7697,52,30,15,37
7698,132,93,46,86
7699,132,92,46,86
7700,52,31,15,37
7701,52,30,15,37
7702,145,103,51,94
7703,145,102,51,94
7704,52,31,15,37
7705,145,102,51,94
7706,52,31,15,37
7707,70,44,22,48
7708,52,31,15,37
7709,52,30,15,37
7710,52,31,15,37
7711,132,92,46,86
7712,26,11,5,21
7713,83,54,27,56
7714,52,31,15,37
7715,52,30,15,37
7716,57,35,17,40
7717,57,34,17,40
7718,57,35,17,40
7719,52,30,15,37
7720,26,11,5,21
7721,114,78,39,75
7722,26,11,5,21
7723,52,30,15,37
7724,145,103,51,94
7725,145,102,51,94
7726,145,103,51,94
7727,88,58,29,59
7728,26,11,5,21
7729,145,102,51,94
7730,145,103,51,94
7731,145,102,51,94
7732,26,11,5,21
7733,26,10,5,21
7734,83,55,27,56
7735,83,54,27,56
7736,145,103,51,94
7737,176,126,63,113
7738,145,103,51,94
7739,145,102,51,94
7740,145,103,51,94
7741,145,102,51,94
7742,114,79,39,75
7743,114,78,39,75
7744,101,69,34,67
7745,52,30,15,37
7746,52,31,15,37
7747,52,30,15,37
7748,52,31,15,37
7749,52,30,15,37
7750,52,31,15,37
7751,176,126,63,113
7752,52,31,15,37
7753,145,102,51,94
7754,52,31,15,37
7755,52,30,15,37
7756,52,31,15,37
7757,52,30,15,37
7758,145,103,51,94
7759,145,102,51,94
7760,101,69,34,67
7761,145,102,51,94
7762,145,103,51,94
7763,145,102,51,94
7764,101,69,34,67
7765,101,68,34,67
7766,52,31,15,37
7767,52,30,15,37
7768,39,21,10,29
7769,114,78,39,75
7770,39,21,10,29
7771,114,78,39,75
7772,39,21,10,29
7773,39,20,10,29
7774,52,31,15,37
7775,52,30,15,37
7776,101,69,34,67
7777,83,54,27,56
7778,39,21,10,29
7779,39,20,10,29
7780,39,21,10,29
7781,39,20,10,29
7782,39,21,10,29
7783,83,54,27,56
7784,101,69,34,67
7785,220,160,80,140
7786,101,69,34,67
7787,70,44,22,48
7788,83,55,27,56
7789,83,54,27,56
7790,83,55,27,56
7791,70,44,22,48
7792,145,103,51,94
7793,101,68,34,67
7794,145,103,51,94
7795,145,102,51,94
7796,145,103,51,94
7797,145,102,51,94
7798,145,103,51,94
7799,145,102,51,94
7800,145,103,51,94
7801,145,102,51,94
7802,145,103,51,94
7803,145,102,51,94
7804,176,127,63,113
7805,176,126,63,113
7806,176,127,63,113
7807,83,54,27,56
7808,26,11,5,21
7809,145,102,51,94
7810,101,69,34,67
7811,101,68,34,67
7812,39,21,10,29
7813,39,20,10,29
7814,39,21,10,29
7815,132,92,46,86
7816,101,69,34,67
7817,132,92,46,86
7818,101,69,34,67
7819,39,20,10,29
7820,101,69,34,67
7821,101,68,34,67
7822,83,55,27,56
7823,83,54,27,56
7824,52,31,15,37
7825,145,102,51,94
7826,145,103,51,94
7827,145,102,51,94
7828,52,31,15,37
7829,52,30,15,37
7830,101,69,34,67
7831,101,68,34,67
7832,52,31,15,37
7833,57,34,17,40
7834,52,31,15,37
7835,57,34,17,40
7836,83,55,27,56
7837,83,54,27,56
7838,83,55,27,56
7839,83,54,27,56
7840,26,11,5,21
7841,52,30,15,37
7842,52,31,15,37
7843,52,30,15,37
7844,176,127,63,113
7845,176,126,63,113
7846,176,127,63,113
7847,127,88,44,83
7848,26,11,5,21
7849,127,88,44,83
7850,26,11,5,21
7851,83,54,27,56
7852,83,55,27,56
7853,83,54,27,56
7854,83,55,27,56
7855,83,54,27,56
7856,145,103,51,94
7857,101,68,34,67
7858,101,69,34,67
7859,101,68,34,67
7860,145,103,51,94
7861,145,102,51,94
7862,83,55,27,56
7863,83,54,27,56
7864,145,103,51,94
7865,52,30,15,37
7866,145,103,51,94
7867,52,30,15,37
7868,101,69,34,67
7869,101,68,34,67
7870,101,69,34,67
7871,83,54,27,56
7872,52,31,15,37
7873,145,102,51,94
7874,127,89,44,83
7875,127,88,44,83
7876,26,11,5,21
7877,26,10,5,21
7878,26,11,5,21
7879,145,102,51,94
7880,26,11,5,21
7881,145,102,51,94
7882,26,11,5,21
7883,83,54,27,56
7884,26,11,5,21
7885,26,10,5,21
7886,176,127,63,113
7887,176,126,63,113
7888,52,31,15,37
7889,101,68,34,67
7890,101,69,34,67
7891,101,68,34,67
7892,52,31,15,37
7893,52,30,15,37
7894,189,137,68,121
7895,189,136,68,121
7896,39,21,10,29
7897,39,20,10,29
7898,39,21,10,29
7899,101,68,34,67
7900,39,21,10,29
7901,39,20,10,29
7902,75,49,24,51
7903,75,48,24,51
7904,52,31,15,37
7905,189,136,68,121
7906,52,31,15,37
7907,52,30,15,37
7908,145,103,51,94
7909,145,102,51,94
7910,145,103,51,94
7911,75,48,24,51
7912,52,31,15,37
7913,101,68,34,67
7914,52,31,15,37
7915,101,68,34,67
7916,145,103,51,94
7917,145,102,51,94
7918,145,103,51,94
7919,75,48,24,51
7920,101,69,34,67
7921,52,30,15,37
7922,52,31,15,37
7923,52,30,15,37
7924,101,69,34,67
7925,101,68,34,67
7926,52,31,15,37
7927,52,30,15,37
7928,101,69,34,67
7929,145,102,51,94
7930,101,69,34,67
7931,75,48,24,51
7932,52,31,15,37
7933,52,30,15,37
7934,52,31,15,37
7935,127,88,44,83
7936,114,79,39,75
7937,52,30,15,37
7938,145,103,51,94
7939,145,102,51,94
7940,52,31,15,37
7941,52,30,15,37
7942,52,31,15,37
7943,145,102,51,94
7944,96,65,32,64
7945,127,88,44,83
7946,96,65,32,64
7947,52,30,15,37
7948,96,65,32,64
7949,96,64,32,64
7950,52,31,15,37
7951,52,30,15,37
7952,26,11,5,21
7953,96,64,32,64
7954,145,103,51,94
7955,145,102,51,94
7956,26,11,5,21
7957,26,10,5,21
7958,96,65,32,64
7959,96,64,32,64
7960,26,11,5,21
7961,145,102,51,94
7962,26,11,5,21
7963,251,184,92,159
7964,52,31,15,37
7965,52,30,15,37
7966,52,31,15,37
7967,96,64,32,64
7968,52,31,15,37
7969,52,30,15,37
7970,52,31,15,37
7971,52,30,15,37
7972,52,31,15,37
7973,52,30,15,37
7974,52,31,15,37
7975,145,102,51,94
7976,52,31,15,37
7977,52,30,15,37
7978,52,31,15,37
7979,52,30,15,37
7980,52,31,15,37
7981,52,30,15,37
7982,52,31,15,37
7983,52,30,15,37
7984,52,31,15,37
7985,52,30,15,37
7986,52,31,15,37
7987,52,30,15,37
7988,52,31,15,37
7989,52,30,15,37
7990,83,55,27,56
7991,83,54,27,56
7992,52,31,15,37
7993,83,54,27,56
7994,52,31,15,37
7995,52,30,15,37
7996,52,31,15,37
7997,52,30,15,37
7998,189,137,68,121
7999,189,136,68,121
8000,114,79,39,75
8001,52,30,15,37
8002,44,25,12,32
8003,44,24,12,32
8004,52,31,15,37
8005,52,30,15,37
8006,52,31,15,37
8007,44,24,12,32
8008,145,103,51,94
8009,44,24,12,32
8010,145,103,51,94
8011,52,30,15,37
8012,145,103,51,94
8013,145,102,51,94
8014,44,25,12,32
8015,44,24,12,32
8016,114,79,39,75
8017,145,102,51,94
8018,158,113,56,102
8019,158,112,56,102
8020,114,79,39,75
8021,114,78,39,75
8022,189,137,68,121
8023,189,136,68,121
8024,44,25,12,32
8025,44,24,12,32
8026,44,25,12,32
8027,189,136,68,121
8028,44,25,12,32
8029,44,24,12,32
8030,44,25,12,32
8031,44,24,12,32
8032,70,45,22,48
8033,96,64,32,64
8034,26,11,5,21
8035,26,10,5,21
8036,26,11,5,21
8037,26,10,5,21
8038,26,11,5,21
8039,189,136,68,121
8040,70,45,22,48
8041,96,64,32,64
8042,70,45,22,48
8043,52,30,15,37
8044,44,25,12,32
8045,44,24,12,32
8046,44,25,12,32
8047,44,24,12,32
8048,70,45,22,48
8049,70,44,22,48
8050,70,45,22,48
8051,70,44,22,48
8052,70,45,22,48
8053,70,44,22,48
8054,70,45,22,48
8055,70,44,22,48
8056,96,65,32,64
8057,127,88,44,83
8058,96,65,32,64
8059,52,30,15,37
8060,96,65,32,64
8061,96,64,32,64
8062,96,65,32,64
8063,96,64,32,64
8064,114,79,39,75
8065,70,44,22,48
8066,70,45,22,48
8067,70,44,22,48
8068,70,45,22,48
8069,70,44,22,48
8070,70,45,22,48
8071,70,44,22,48
8072,114,79,39,75
8073,96,64,32,64
8074,114,79,39,75
8075,70,44,22,48
8076,114,79,39,75
8077,114,78,39,75
8078,145,103,51,94
8079,145,102,51,94
8080,65,41,20,45
8081,145,102,51,94
8082,145,103,51,94
8083,145,102,51,94
8084,65,41,20,45
8085,65,40,20,45
8086,26,11,5,21
8087,26,10,5,21
8088,65,41,20,45
8089,26,10,5,21
8090,65,41,20,45
8091,189,136,68,121
8092,158,113,56,102
8093,158,112,56,102
8094,158,113,56,102
8095,114,78,39,75
8096,114,79,39,75
8097,65,40,20,45
8098,65,41,20,45
8099,65,40,20,45
8100,158,113,56,102
8101,158,112,56,102
8102,158,113,56,102
8103,189,136,68,121
8104,114,79,39,75
8105,70,44,22,48
8106,114,79,39,75
8107,65,40,20,45
8108,158,113,56,102
8109,158,112,56,102
8110,158,113,56,102
8111,65,40,20,45
8112,39,21,10,29
8113,114,78,39,75
8114,114,79,39,75
8115,114,78,39,75
8116,39,21,10,29
8117,39,20,10,29
8118,65,41,20,45
8119,65,40,20,45
8120,39,21,10,29
8121,39,20,10,29
8122,39,21,10,29
8123,39,20,10,29
8124,65,41,20,45
8125,65,40,20,45
8126,65,41,20,45
8127,189,136,68,121
8128,52,31,15,37
8129,39,20,10,29
8130,127,89,44,83
8131,127,88,44,83
8132,114,79,39,75
8133,114,78,39,75
8134,114,79,39,75
8135,65,40,20,45
8136,158,113,56,102
8137,158,112,56,102
8138,158,113,56,102
8139,114,78,39,75
8140,158,113,56,102
8141,158,112,56,102
8142,158,113,56,102
8143,158,112,56,102
8144,52,31,15,37
8145,158,112,56,102
8146,96,65,32,64
8147,96,64,32,64
8148,52,31,15,37
8149,52,30,15,37
8150,158,113,56,102
8151,158,112,56,102
8152,65,41,20,45
8153,114,78,39,75
8154,65,41,20,45
8155,127,88,44,83
8156,65,41,20,45
8157,65,40,20,45
8158,65,41,20,45
8159,65,40,20,45
8160,52,31,15,37
8161,176,126,63,113
8162,52,31,15,37
8163,52,30,15,37
8164,65,41,20,45
8165,65,40,20,45
8166,65,41,20,45
8167,158,112,56,102
8168,52,31,15,37
8169,65,40,20,45
8170,52,31,15,37
8171,96,64,32,64
8172,158,113,56,102
8173,158,112,56,102
8174,158,113,56,102
8175,145,102,51,94
8176,65,41,20,45
8177,52,30,15,37
8178,65,41,20,45
8179,65,40,20,45
8180,65,41,20,45
8181,65,40,20,45
8182,127,89,44,83
8183,127,88,44,83
8184,65,41,20,45
8185,127,88,44,83
8186,65,41,20,45
8187,127,88,44,83
8188,158,113,56,102
8189,158,112,56,102
8190,158,113,56,102
8191,158,112,56,102
8192,13,1,0,13
8193,52,30,15,37
8194,114,79,39,75
8195,114,78,39,75
8196,158,113,56,102
8197,158,112,56,102
8198,158,113,56,102
8199,114,78,39,75
8200,39,21,10,29
8201,114,78,39,75
8202,39,21,10,29
8203,158,112,56,102
8204,39,21,10,29
8205,39,20,10,29
8206,158,113,56,102
8207,158,112,56,102
8208,39,21,10,29
8209,39,20,10,29
8210,158,113,56,102
8211,158,112,56,102
8212,39,21,10,29
8213,39,20,10,29
8214,39,21,10,29
8215,39,20,10,29
8216,39,21,10,29
8217,158,112,56,102
8218,39,21,10,29
8219,189,136,68,121
8220,39,21,10,29
8221,39,20,10,29
8222,39,21,10,29
8223,189,136,68,121
8224,127,89,44,83
8225,114,78,39,75
8226,39,21,10,29
8227,39,20,10,29
8228,114,79,39,75
8229,114,78,39,75
8230,114,79,39,75
8231,52,30,15,37
8232,127,89,44,83
8233,145,102,51,94
8234,127,89,44,83
8235,114,78,39,75
8236,39,21,10,29
8237,39,20,10,29
8238,39,21,10,29
8239,158,112,56,102
8240,127,89,44,83
8241,65,40,20,45
8242,65,41,20,45
8243,65,40,20,45
8244,127,89,44,83
8245,127,88,44,83
8246,96,65,32,64
8247,96,64,32,64
8248,39,21,10,29
8249,65,40,20,45
8250,39,21,10,29
8251,65,40,20,45
8252,39,21,10,29
8253,39,20,10,29
8254,171,123,61,110
8255,171,122,61,110
8256,127,89,44,83
8257,189,136,68,121
8258,189,137,68,121
8259,189,136,68,121
8260,127,89,44,83
8261,127,88,44,83
8262,127,89,44,83
8263,158,112,56,102
8264,158,113,56,102
8265,140,98,49,91
8266,158,113,56,102
8267,127,88,44,83
8268,158,113,56,102
8269,158,112,56,102
8270,96,65,32,64
8271,96,64,32,64
8272,127,89,44,83
8273,158,112,56,102
8274,96,65,32,64
8275,96,64,32,64
8276,127,89,44,83
8277,127,88,44,83
8278,158,113,56,102
8279,158,112,56,102
8280,127,89,44,83
8281,158,112,56,102
8282,127,89,44,83
8283,96,64,32,64
8284,127,89,44,83
8285,127,88,44,83
8286,65,41,20,45
8287,65,40,20,45
8288,127,89,44,83
8289,114,78,39,75
8290,39,21,10,29
8291,39,20,10,29
8292,39,21,10,29
8293,39,20,10,29
8294,39,21,10,29
8295,96,64,32,64
8296,127,89,44,83
8297,39,20,10,29
8298,127,89,44,83
8299,158,112,56,102
8300,96,65,32,64
8301,96,64,32,64
8302,96,65,32,64
8303,127,88,44,83
8304,65,41,20,45
8305,127,88,44,83
8306,65,41,20,45
8307,65,40,20,45
8308,65,41,20,45
8309,65,40,20,45
8310,65,41,20,45
8311,65,40,20,45
8312,65,41,20,45
8313,189,136,68,121
8314,65,41,20,45
8315,202,146,73,129
8316,52,31,15,37
8317,52,30,15,37
8318,52,31,15,37
8319,88,58,29,59
8320,34,17,8,26
8321,52,30,15,37
8322,65,41,20,45
8323,65,40,20,45
8324,65,41,20,45
8325,65,40,20,45
8326,65,41,20,45
8327,65,40,20,45
8328,127,89,44,83
8329,189,136,68,121
8330,127,89,44,83
8331,158,112,56,102
8332,127,89,44,83
8333,127,88,44,83
8334,114,79,39,75
8335,114,78,39,75
8336,127,89,44,83
8337,158,112,56,102
8338,158,113,56,102
8339,158,112,56,102
8340,127,89,44,83
8341,127,88,44,83
8342,127,89,44,83
8343,127,88,44,83
8344,127,89,44,83
8345,114,78,39,75
8346,127,89,44,83
8347,65,40,20,45
8348,114,79,39,75
8349,114,78,39,75
8350,114,79,39,75
8351,233,170,85,148
8352,34,17,8,26
8353,88,58,29,59
8354,127,89,44,83
8355,127,88,44,83
8356,65,41,20,45
8357,65,40,20,45
8358,65,41,20,45
8359,140,98,49,91
8360,34,17,8,26
8361,114,78,39,75
8362,34,17,8,26
8363,65,40,20,45
8364,39,21,10,29
8365,39,20,10,29
8366,39,21,10,29
8367,158,112,56,102
8368,127,89,44,83
8369,39,20,10,29
8370,39,21,10,29
8371,39,20,10,29
8372,127,89,44,83
8373,127,88,44,83
8374,65,41,20,45
8375,65,40,20,45
8376,127,89,44,83
8377,158,112,56,102
8378,127,89,44,83
8379,158,112,56,102
8380,109,75,37,72
8381,109,74,37,72
8382,109,75,37,72
8383,158,112,56,102
8384,34,17,8,26
8385,65,40,20,45
8386,65,41,20,45
8387,65,40,20,45
8388,65,41,20,45
8389,65,40,20,45
8390,65,41,20,45
8391,65,40,20,45
8392,65,41,20,45
8393,127,88,44,83
8394,65,41,20,45
8395,65,40,20,45
8396,65,41,20,45
8397,65,40,20,45
8398,65,41,20,45
8399,65,40,20,45
8400,34,17,8,26
8401,65,40,20,45
8402,65,41,20,45
8403,65,40,20,45
8404,34,17,8,26
8405,34,16,8,26
8406,65,41,20,45
8407,65,40,20,45
8408,96,65,32,64
8409,65,40,20,45
8410,96,65,32,64
8411,65,40,20,45
8412,96,65,32,64
8413,96,64,32,64
8414,109,75,37,72
8415,109,74,37,72
8416,83,55,27,56
8417,158,112,56,102
8418,34,17,8,26
8419,34,16,8,26
8420,127,89,44,83
8421,127,88,44,83
8422,127,89,44,83
8423,65,40,20,45
8424,83,55,27,56
8425,202,146,73,129
8426,83,55,27,56
8427,158,112,56,102
8428,158,113,56,102
8429,158,112,56,102
8430,158,113,56,102
8431,96,64,32,64
8432,83,55,27,56
8433,83,54,27,56
8434,57,35,17,40
8435,57,34,17,40
8436,83,55,27,56
8437,83,54,27,56
8438,158,113,56,102
8439,158,112,56,102
8440,171,123,61,110
8441,57,34,17,40
8442,171,123,61,110
8443,109,74,37,72
8444,171,123,61,110
8445,171,122,61,110
8446,158,113,56,102
8447,158,112,56,102
8448,34,17,8,26
8449,57,34,17,40
8450,57,35,17,40
8451,57,34,17,40
8452,83,55,27,56
8453,83,54,27,56
8454,83,55,27,56
8455,202,146,73,129
8456,83,55,27,56
8457,57,34,17,40
8458,83,55,27,56
8459,83,54,27,56
8460,83,55,27,56
8461,83,54,27,56
8462,39,21,10,29
8463,39,20,10,29
8464,34,17,8,26
8465,83,54,27,56
8466,202,147,73,129
8467,202,146,73,129
8468,34,17,8,26
8469,34,16,8,26
8470,57,35,17,40
8471,57,34,17,40
8472,34,17,8,26
8473,57,34,17,40
8474,34,17,8,26
8475,109,74,37,72
8476,83,55,27,56
8477,83,54,27,56
8478,83,55,27,56
8479,83,54,27,56
8480,127,89,44,83
8481,109,74,37,72
8482,109,75,37,72
8483,109,74,37,72
8484,109,75,37,72
8485,109,74,37,72
8486,109,75,37,72
8487,140,98,49,91
8488,127,89,44,83
8489,65,40,20,45
8490,127,89,44,83
8491,109,74,37,72
8492,34,17,8,26
8493,34,16,8,26
8494,34,17,8,26
8495,83,54,27,56
8496,127,89,44,83
8497,127,88,44,83
8498,127,89,44,83
8499,127,88,44,83
8500,127,89,44,83
8501,127,88,44,83
8502,83,55,27,56
8503,83,54,27,56
8504,78,51,25,53
8505,83,54,27,56
8506,78,51,25,53
8507,78,50,25,53
8508,78,51,25,53
8509,78,50,25,53
8510,202,147,73,129
8511,202,146,73,129
8512,34,17,8,26
8513,127,88,44,83
8514,39,21,10,29
8515,39,20,10,29
8516,127,89,44,83
8517,127,88,44,83
8518,127,89,44,83
8519,158,112,56,102
8520,78,51,25,53
8521,78,50,25,53
8522,78,51,25,53
8523,127,88,44,83
8524,78,51,25,53
8525,78,50,25,53
8526,127,89,44,83
8527,127,88,44,83
8528,34,17,8,26
8529,78,50,25,53
8530,171,123,61,110
8531,171,122,61,110
8532,34,17,8,26
8533,34,16,8,26
8534,127,89,44,83
8535,127,88,44,83
8536,65,41,20,45
8537,171,122,61,110
8538,65,41,20,45
8539,127,88,44,83
8540,65,41,20,45
8541,65,40,20,45
8542,171,123,61,110
8543,171,122,61,110
8544,26,11,5,21
8545,127,88,44,83
8546,65,41,20,45
8547,65,40,20,45
8548,65,41,20,45
8549,65,40,20,45
8550,65,41,20,45
8551,78,50,25,53
8552,26,11,5,21
8553,52,30,15,37
8554,26,11,5,21
8555,52,30,15,37
8556,78,51,25,53
8557,78,50,25,53
8558,78,51,25,53
8559,78,50,25,53
8560,26,11,5,21
8561,26,10,5,21
8562,127,89,44,83
8563,127,88,44,83
8564,26,11,5,21
8565,26,10,5,21
8566,127,89,44,83
8567,127,88,44,83
8568,171,123,61,110
8569,78,50,25,53
8570,171,123,61,110
8571,171,122,61,110
8572,171,123,61,110
8573,171,122,61,110
8574,127,89,44,83
8575,127,88,44,83
8576,34,17,8,26
8577,65,40,20,45
8578,78,51,25,53
8579,78,50,25,53
8580,78,51,25,53
8581,78,50,25,53
8582,78,51,25,53
8583,78,50,25,53
8584,26,11,5,21
8585,171,122,61,110
8586,26,11,5,21
8587,127,88,44,83
8588,26,11,5,21
8589,26,10,5,21
8590,78,51,25,53
8591,78,50,25,53
8592,26,11,5,21
8593,26,10,5,21
8594,26,11,5,21
8595,26,10,5,21
8596,26,11,5,21
8597,26,10,5,21
8598,65,41,20,45
8599,65,40,20,45
8600,26,11,5,21
8601,65,40,20,45
8602,26,11,5,21
8603,171,122,61,110
8604,109,75,37,72
8605,109,74,37,72
8606,109,75,37,72
8607,171,122,61,110
8608,34,17,8,26
8609,171,122,61,110
8610,78,51,25,53
8611,78,50,25,53
8612,78,51,25,53
8613,78,50,25,53
8614,78,51,25,53
8615,78,50,25,53
8616,34,17,8,26
8617,171,122,61,110
8618,34,17,8,26
8619,140,98,49,91
8620,171,123,61,110
8621,171,122,61,110
8622,171,123,61,110
8623,78,50,25,53
8624,52,31,15,37
8625,52,30,15,37
8626,52,31,15,37
8627,52,30,15,37
8628,52,31,15,37
8629,52,30,15,37
8630,127,89,44,83
8631,127,88,44,83
8632,52,31,15,37
8633,52,30,15,37
8634,52,31,15,37
8635,171,122,61,110
8636,127,89,44,83
8637,127,88,44,83
8638,127,89,44,83
8639,109,74,37,72
8640,47,27,13,34
8641,171,122,61,110
8642,171,123,61,110
8643,171,122,61,110
8644,34,17,8,26
8645,34,16,8,26
8646,34,17,8,26
8647,52,30,15,37
8648,140,99,49,91
8649,52,30,15,37
8650,140,99,49,91
8651,52,30,15,37
8652,140,99,49,91
8653,140,98,49,91
8654,171,123,61,110
8655,171,122,61,110
8656,47,27,13,34
8657,140,98,49,91
8658,52,31,15,37
8659,52,30,15,37
8660,47,27,13,34
8661,47,26,13,34
8662,127,89,44,83
8663,127,88,44,83
8664,140,99,49,91
8665,140,98,49,91
8666,140,99,49,91
8667,127,88,44,83
8668,140,99,49,91
8669,140,98,49,91
8670,65,41,20,45
8671,65,40,20,45
8672,47,27,13,34
8673,140,98,49,91
8674,47,27,13,34
8675,47,26,13,34
8676,78,51,25,53
8677,78,50,25,53
8678,78,51,25,53
8679,171,122,61,110
8680,47,27,13,34
8681,78,50,25,53
8682,47,27,13,34
8683,109,74,37,72
8684,52,31,15,37
8685,52,30,15,37
8686,52,31,15,37
8687,109,74,37,72
8688,140,99,49,91
8689,47,26,13,34
8690,52,31,15,37
8691,52,30,15,37
8692,140,99,49,91
8693,140,98,49,91
8694,184,133,66,118
8695,184,132,66,118
8696,140,99,49,91
8697,202,146,73,129
8698,140,99,49,91
8699,202,146,73,129
8700,78,51,25,53
8701,78,50,25,53
8702,78,51,25,53
8703,109,74,37,72
8704,21,7,3,18
8705,171,122,61,110
8706,140,99,49,91
8707,140,98,49,91
8708,140,99,49,91
8709,140,98,49,91
8710,140,99,49,91
8711,109,74,37,72
8712,47,27,13,34
8713,140,98,49,91
8714,47,27,13,34
8715,140,98,49,91
8716,47,27,13,34
8717,47,26,13,34
8718,171,123,61,110
8719,171,122,61,110
8720,47,27,13,34
8721,47,26,13,34
8722,140,99,49,91
8723,140,98,49,91
8724,47,27,13,34
8725,47,26,13,34
8726,140,99,49,91
8727,140,98,49,91
8728,47,27,13,34
8729,140,98,49,91
8730,47,27,13,34
8731,127,88,44,83
8732,140,99,49,91
8733,140,98,49,91
8734,140,99,49,91
8735,140,98,49,91
8736,34,17,8,26
8737,140,98,49,91
8738,47,27,13,34
8739,47,26,13,34
8740,109,75,37,72
8741,109,74,37,72
8742,109,75,37,72
8743,109,74,37,72
8744,34,17,8,26
8745,52,30,15,37
8746,34,17,8,26
8747,47,26,13,34
8748,78,51,25,53
8749,78,50,25,53
8750,78,51,25,53
8751,52,30,15,37
8752,34,17,8,26
8753,78,50,25,53
8754,78,51,25,53
8755,78,50,25,53
8756,34,17,8,26
8757,34,16,8,26
8758,215,157,78,137
8759,215,156,78,137
8760,78,51,25,53
8761,65,40,20,45
8762,78,51,25,53
8763,47,26,13,34
8764,78,51,25,53
8765,78,50,25,53
8766,78,51,25,53
8767,78,50,25,53
8768,96,65,32,64
8769,140,98,49,91
8770,140,99,49,91
8771,140,98,49,91
8772,140,99,49,91
8773,140,98,49,91
8774,140,99,49,91
8775,140,98,49,91
8776,140,99,49,91
8777,140,98,49,91
8778,140,99,49,91
8779,140,98,49,91
8780,140,99,49,91
8781,140,98,49,91
8782,171,123,61,110
8783,171,122,61,110
8784,96,65,32,64
8785,140,98,49,91
8786,140,99,49,91
8787,140,98,49,91
8788,96,65,32,64
8789,96,64,32,64
8790,127,89,44,83
8791,127,88,44,83
8792,34,17,8,26
8793,127,88,44,83
8794,34,17,8,26
8795,127,88,44,83
8796,34,17,8,26
8797,34,16,8,26
8798,101,69,34,67
8799,101,68,34,67
8800,96,65,32,64
8801,78,50,25,53
8802,140,99,49,91
8803,140,98,49,91
8804,140,99,49,91
8805,140,98,49,91
8806,140,99,49,91
8807,78,50,25,53
8808,96,65,32,64
8809,78,50,25,53
8810,96,65,32,64
8811,52,30,15,37
8812,52,31,15,37
8813,52,30,15,37
8814,52,31,15,37
8815,52,30,15,37
8816,47,27,13,34
8817,96,64,32,64
8818,78,51,25,53
8819,78,50,25,53
8820,47,27,13,34
8821,47,26,13,34
8822,47,27,13,34
8823,47,26,13,34
8824,47,27,13,34
8825,140,98,49,91
8826,47,27,13,34
8827,122,84,42,80
8828,171,123,61,110
8829,171,122,61,110
8830,171,123,61,110
8831,122,84,42,80
8832,21,7,3,18
8833,78,50,25,53
8834,96,65,32,64
8835,96,64,32,64
8836,78,51,25,53
8837,78,50,25,53
8838,78,51,25,53
8839,78,50,25,53
8840,96,65,32,64
8841,140,98,49,91
8842,96,65,32,64
8843,78,50,25,53
8844,96,65,32,64
8845,96,64,32,64
8846,78,51,25,53
8847,78,50,25,53
8848,140,99,49,91
8849,47,26,13,34
8850,47,27,13,34
8851,47,26,13,34
8852,140,99,49,91
8853,140,98,49,91
8854,96,65,32,64
8855,96,64,32,64
8856,140,99,49,91
8857,109,74,37,72
8858,140,99,49,91
8859,78,50,25,53
8860,122,85,42,80
8861,122,84,42,80
8862,122,85,42,80
8863,78,50,25,53
8864,21,7,3,18
8865,171,122,61,110
8866,140,99,49,91
8867,140,98,49,91
8868,78,51,25,53
8869,78,50,25,53
8870,78,51,25,53
8871,78,50,25,53
8872,21,7,3,18
8873,171,122,61,110
8874,21,7,3,18
8875,96,64,32,64
8876,96,65,32,64
8877,96,64,32,64
8878,96,65,32,64
8879,171,122,61,110
8880,34,17,8,26
8881,184,132,66,118
8882,184,133,66,118
8883,184,132,66,118
8884,34,17,8,26
8885,34,16,8,26
8886,96,65,32,64
8887,96,64,32,64
8888,34,17,8,26
8889,184,132,66,118
8890,34,17,8,26
8891,70,44,22,48
8892,184,133,66,118
8893,184,132,66,118
8894,184,133,66,118
8895,70,44,22,48
8896,47,27,13,34
8897,34,16,8,26
8898,70,45,22,48
8899,70,44,22,48
8900,140,99,49,91
8901,140,98,49,91
8902,140,99,49,91
8903,96,64,32,64
8904,140,99,49,91
8905,96,64,32,64
8906,140,99,49,91
8907,96,64,32,64
8908,140,99,49,91
8909,140,98,49,91
8910,96,65,32,64
8911,96,64,32,64
8912,47,27,13,34
8913,47,26,13,34
8914,47,27,13,34
8915,47,26,13,34
8916,47,27,13,34
8917,47,26,13,34
8918,47,27,13,34
8919,47,26,13,34
8920,96,65,32,64
8921,140,98,49,91
8922,96,65,32,64
8923,70,44,22,48
8924,96,65,32,64
8925,96,64,32,64
8926,47,27,13,34
8927,47,26,13,34
8928,47,27,13,34
8929,96,64,32,64
8930,47,27,13,34
8931,47,26,13,34
8932,140,99,49,91
8933,140,98,49,91
8934,140,99,49,91
8935,109,74,37,72
8936,47,27,13,34
8937,96,64,32,64
8938,47,27,13,34
8939,122,84,42,80
8940,47,27,13,34
8941,47,26,13,34
8942,47,27,13,34
8943,153,108,54,99
8944,91,61,30,61
8945,47,26,13,34
8946,96,65,32,64
8947,96,64,32,64
8948,91,61,30,61
8949,91,60,30,61
8950,140,99,49,91
8951,140,98,49,91
8952,91,61,30,61
8953,140,98,49,91
8954,91,61,30,61
8955,96,64,32,64
8956,140,99,49,91
8957,140,98,49,91
8958,140,99,49,91
8959,246,180,90,156
8960,21,7,3,18
8961,47,26,13,34
8962,47,27,13,34
8963,47,26,13,34
8964,47,27,13,34
8965,47,26,13,34
8966,47,27,13,34
8967,140,98,49,91
8968,47,27,13,34
8969,52,30,15,37
8970,47,27,13,34
8971,140,98,49,91
8972,47,27,13,34
8973,47,26,13,34
8974,47,27,13,34
8975,47,26,13,34
8976,47,27,13,34
8977,47,26,13,34
8978,91,61,30,61
8979,91,60,30,61
8980,47,27,13,34
8981,47,26,13,34
8982,184,133,66,118
8983,184,132,66,118
8984,47,27,13,34
8985,184,132,66,118
8986,47,27,13,34
8987,91,60,30,61
8988,78,51,25,53
8989,78,50,25,53
8990,78,51,25,53
8991,140,98,49,91
8992,47,27,13,34
8993,78,50,25,53
8994,47,27,13,34
8995,47,26,13,34
8996,47,27,13,34
8997,47,26,13,34
8998,47,27,13,34
8999,184,132,66,118
9000,47,27,13,34
9001,140,98,49,91
9002,47,27,13,34
9003,78,50,25,53
9004,39,21,10,29
9005,39,20,10,29
9006,39,21,10,29
9007,78,50,25,53
9008,47,27,13,34
9009,39,20,10,29
9010,39,21,10,29
9011,39,20,10,29
9012,47,27,13,34
9013,47,26,13,34
9014,91,61,30,61
9015,91,60,30,61
9016,140,99,49,91
9017,39,20,10,29
9018,140,99,49,91
9019,39,20,10,29
9020,140,99,49,91
9021,140,98,49,91
9022,153,109,54,99
9023,153,108,54,99
9024,21,7,3,18
9025,47,26,13,34
9026,184,133,66,118
9027,184,132,66,118
9028,39,21,10,29
9029,39,20,10,29
9030,39,21,10,29
9031,184,132,66,118
9032,39,21,10,29
9033,47,26,13,34
9034,39,21,10,29
9035,39,20,10,29
9036,39,21,10,29
9037,39,20,10,29
9038,91,61,30,61
9039,91,60,30,61
9040,21,7,3,18
9041,184,132,66,118
9042,184,133,66,118
9043,184,132,66,118
9044,21,7,3,18
9045,21,6,3,18
9046,91,61,30,61
9047,91,60,30,61
9048,39,21,10,29
9049,47,26,13,34
9050,39,21,10,29
9051,91,60,30,61
9052,39,21,10,29
9053,39,20,10,29
9054,39,21,10,29
9055,39,20,10,29
9056,65,41,20,45
9057,78,50,25,53
9058,65,41,20,45
9059,65,40,20,45
9060,65,41,20,45
9061,65,40,20,45
9062,65,41,20,45
9063,91,60,30,61
9064,65,41,20,45
9065,122,84,42,80
9066,65,41,20,45
9067,47,26,13,34
9068,91,61,30,61
9069,91,60,30,61
9070,91,61,30,61
9071,91,60,30,61
9072,65,41,20,45
9073,65,40,20,45
9074,65,41,20,45
9075,65,40,20,45
9076,65,41,20,45
9077,65,40,20,45
9078,184,133,66,118
9079,184,132,66,118
9080,65,41,20,45
9081,96,64,32,64
9082,65,41,20,45
9083,91,60,30,61
9084,65,41,20,45
9085,65,40,20,45
9086,184,133,66,118
9087,184,132,66,118
9088,109,75,37,72
9089,140,98,49,91
9090,140,99,49,91
9091,140,98,49,91
9092,140,99,49,91
9093,140,98,49,91
9094,140,99,49,91
9095,140,98,49,91
9096,21,7,3,18
9097,122,84,42,80
9098,21,7,3,18
9099,122,84,42,80
9100,21,7,3,18
9101,21,6,3,18
9102,184,133,66,118
9103,184,132,66,118
9104,60,37,18,42
9105,153,108,54,99
9106,153,109,54,99
9107,153,108,54,99
9108,60,37,18,42
9109,60,36,18,42
9110,60,37,18,42
9111,60,36,18,42
9112,60,37,18,42
9113,60,36,18,42
9114,60,37,18,42
9115,153,108,54,99
9116,153,109,54,99
9117,153,108,54,99
9118,153,109,54,99
9119,65,40,20,45
9120,109,75,37,72
9121,60,36,18,42
9122,60,37,18,42
9123,60,36,18,42
9124,153,109,54,99
9125,153,108,54,99
9126,153,109,54,99
9127,153,108,54,99
9128,109,75,37,72
9129,65,40,20,45
9130,109,75,37,72
9131,153,108,54,99
9132,60,37,18,42
9133,60,36,18,42
9134,60,37,18,42
9135,60,36,18,42
9136,34,17,8,26
9137,34,16,8,26
9138,34,17,8,26
9139,34,16,8,26
9140,34,17,8,26
9141,34,16,8,26
9142,60,37,18,42
9143,60,36,18,42
9144,34,17,8,26
9145,65,40,20,45
9146,34,17,8,26
9147,65,40,20,45
9148,122,85,42,80
9149,122,84,42,80
9150,122,85,42,80
9151,91,60,30,61
9152,109,75,37,72
9153,153,108,54,99
9154,153,109,54,99
9155,153,108,54,99
9156,109,75,37,72
9157,109,74,37,72
9158,109,75,37,72
9159,197,142,71,126
9160,153,109,54,99
9161,153,108,54,99
9162,153,109,54,99
9163,34,16,8,26
9164,153,109,54,99
9165,153,108,54,99
9166,91,61,30,61
9167,91,60,30,61
9168,109,75,37,72
9169,153,108,54,99
9170,153,109,54,99
9171,153,108,54,99
9172,109,75,37,72
9173,109,74,37,72
9174,122,85,42,80
9175,122,84,42,80
9176,60,37,18,42
9177,109,74,37,72
9178,60,37,18,42
9179,60,36,18,42
9180,60,37,18,42
9181,60,36,18,42
9182,171,123,61,110
9183,171,122,61,110
9184,47,27,13,34
9185,184,132,66,118
9186,109,75,37,72
9187,109,74,37,72
9188,60,37,18,42
9189,60,36,18,42
9190,60,37,18,42
9191,60,36,18,42
9192,47,27,13,34
9193,91,60,30,61
9194,47,27,13,34
9195,153,108,54,99
9196,153,109,54,99
9197,153,108,54,99
9198,153,109,54,99
9199,65,40,20,45
9200,47,27,13,34
9201,47,26,13,34
9202,60,37,18,42
9203,60,36,18,42
9204,47,27,13,34
9205,47,26,13,34
9206,122,85,42,80
9207,122,84,42,80
9208,60,37,18,42
9209,122,84,42,80
9210,60,37,18,42
9211,122,84,42,80
9212,60,37,18,42
9213,60,36,18,42
9214,153,109,54,99
9215,153,108,54,99
9216,29,13,6,23
9217,47,26,13,34
9218,47,27,13,34
9219,47,26,13,34
9220,109,75,37,72
9221,109,74,37,72
9222,109,75,37,72
9223,47,26,13,34
9224,153,109,54,99
9225,228,166,83,145
9226,153,109,54,99
9227,109,74,37,72
9228,153,109,54,99
9229,153,108,54,99
9230,91,61,30,61
9231,91,60,30,61
9232,34,17,8,26
9233,153,108,54,99
9234,109,75,37,72
9235,109,74,37,72
9236,34,17,8,26
9237,34,16,8,26
9238,153,109,54,99
9239,153,108,54,99
9240,34,17,8,26
9241,153,108,54,99
9242,34,17,8,26
9243,91,60,30,61
9244,153,109,54,99
9245,153,108,54,99
9246,153,109,54,99
9247,184,132,66,118
9248,34,17,8,26
9249,184,132,66,118
9250,34,17,8,26
9251,34,16,8,26
9252,109,75,37,72
9253,109,74,37,72
9254,109,75,37,72
9255,153,108,54,99
9256,34,17,8,26
9257,259,190,95,164
9258,34,17,8,26
9259,47,26,13,34
9260,109,75,37,72
9261,109,74,37,72
9262,109,75,37,72
9263,140,98,49,91
9264,34,17,8,26
9265,109,74,37,72
9266,109,75,37,72
9267,109,74,37,72
9268,34,17,8,26
9269,34,16,8,26
9270,91,61,30,61
9271,91,60,30,61
9272,60,37,18,42
9273,153,108,54,99
9274,60,37,18,42
9275,153,108,54,99
9276,60,37,18,42
9277,60,36,18,42
9278,91,61,30,61
9279,91,60,30,61
9280,122,85,42,80
9281,60,36,18,42
9282,60,37,18,42
9283,60,36,18,42
9284,34,17,8,26
9285,34,16,8,26
9286,34,17,8,26
9287,166,118,59,107
9288,184,133,66,118
9289,91,60,30,61
9290,184,133,66,118
9291,34,16,8,26
9292,184,133,66,118
9293,184,132,66,118
9294,60,37,18,42
9295,60,36,18,42
9296,122,85,42,80
9297,184,132,66,118
9298,135,95,47,88
9299,135,94,47,88
9300,122,85,42,80
9301,122,84,42,80
9302,34,17,8,26
9303,34,16,8,26
9304,153,109,54,99
9305,91,60,30,61
9306,153,109,54,99
9307,91,60,30,61
9308,153,109,54,99
9309,153,108,54,99
9310,91,61,30,61
9311,91,60,30,61
9312,122,85,42,80
9313,109,74,37,72
9314,153,109,54,99
9315,153,108,54,99
9316,153,109,54,99
9317,153,108,54,99
9318,153,109,54,99
9319,91,60,30,61
9320,122,85,42,80
9321,60,36,18,42
9322,122,85,42,80
9323,60,36,18,42
9324,109,75,37,72
9325,109,74,37,72
9326,109,75,37,72
9327,91,60,30,61
9328,34,17,8,26
9329,122,84,42,80
9330,135,95,47,88
9331,135,94,47,88
9332,34,17,8,26
9333,34,16,8,26
9334,34,17,8,26
9335,34,16,8,26
9336,34,17,8,26
9337,153,108,54,99
9338,34,17,8,26
9339,153,108,54,99
9340,91,61,30,61
9341,91,60,30,61
9342,91,61,30,61
9343,60,36,18,42
9344,122,85,42,80
9345,184,132,66,118
9346,60,37,18,42
9347,60,36,18,42
9348,60,37,18,42
9349,60,36,18,42
9350,60,37,18,42
9351,109,74,37,72
9352,60,37,18,42
9353,184,132,66,118
9354,60,37,18,42
9355,197,142,71,126
9356,60,37,18,42
9357,60,36,18,42
9358,47,27,13,34
9359,47,26,13,34
9360,60,37,18,42
9361,47,26,13,34
9362,47,27,13,34
9363,47,26,13,34
9364,60,37,18,42
9365,60,36,18,42
9366,60,37,18,42
9367,60,36,18,42
9368,60,37,18,42
9369,60,36,18,42
9370,60,37,18,42
9371,184,132,66,118
9372,153,109,54,99
9373,153,108,54,99
9374,153,109,54,99
9375,47,26,13,34
9376,122,85,42,80
9377,109,74,37,72
9378,153,109,54,99
9379,153,108,54,99
9380,153,109,54,99
9381,153,108,54,99
9382,153,109,54,99
9383,109,74,37,72
9384,122,85,42,80
9385,83,54,27,56
9386,122,85,42,80
9387,60,36,18,42
9388,109,75,37,72
9389,109,74,37,72
9390,109,75,37,72
9391,60,36,18,42
9392,122,85,42,80
9393,109,74,37,72
9394,109,75,37,72
9395,109,74,37,72
9396,122,85,42,80
9397,122,84,42,80
9398,83,55,27,56
9399,83,54,27,56
9400,122,85,42,80
9401,60,36,18,42
9402,122,85,42,80
9403,60,36,18,42
9404,60,37,18,42
9405,60,36,18,42
9406,60,37,18,42
9407,109,74,37,72
9408,122,85,42,80
9409,60,36,18,42
9410,60,37,18,42
9411,60,36,18,42
9412,34,17,8,26
9413,34,16,8,26
9414,34,17,8,26
9415,60,36,18,42
9416,34,17,8,26
9417,104,70,35,69
9418,34,17,8,26
9419,104,70,35,69
9420,34,17,8,26
9421,34,16,8,26
9422,60,37,18,42
9423,60,36,18,42
9424,122,85,42,80
9425,153,108,54,99
9426,153,109,54,99
9427,153,108,54,99
9428,122,85,42,80
9429,122,84,42,80
9430,104,71,35,69
9431,104,70,35,69
9432,60,37,18,42
9433,34,16,8,26
9434,60,37,18,42
9435,153,108,54,99
9436,60,37,18,42
9437,60,36,18,42
9438,104,71,35,69
9439,104,70,35,69
9440,60,37,18,42
9441,104,70,35,69
9442,122,85,42,80
9443,122,84,42,80
9444,60,37,18,42
9445,60,36,18,42
9446,60,37,18,42
9447,153,108,54,99
9448,60,37,18,42
9449,60,36,18,42
9450,60,37,18,42
9451,153,108,54,99
9452,60,37,18,42
9453,60,36,18,42
9454,60,37,18,42
9455,153,108,54,99
9456,60,37,18,42
9457,60,36,18,42
9458,60,37,18,42
9459,60,36,18,42
9460,60,37,18,42
9461,60,36,18,42
9462,60,37,18,42
9463,60,36,18,42
9464,91,61,30,61
9465,60,36,18,42
9466,91,61,30,61
9467,104,70,35,69
9468,91,61,30,61
9469,91,60,30,61
9470,153,109,54,99
9471,153,108,54,99
9472,29,13,6,23
9473,60,36,18,42
9474,60,37,18,42
9475,60,36,18,42
9476,122,85,42,80
9477,122,84,42,80
9478,122,85,42,80
9479,197,142,71,126
9480,153,109,54,99
9481,153,108,54,99
9482,153,109,54,99
9483,52,30,15,37
9484,153,109,54,99
9485,153,108,54,99
9486,60,37,18,42
9487,60,36,18,42
9488,78,51,25,53
9489,153,108,54,99
9490,52,31,15,37
9491,52,30,15,37
9492,78,51,25,53
9493,78,50,25,53
9494,153,109,54,99
9495,153,108,54,99
9496,78,51,25,53
9497,52,30,15,37
9498,78,51,25,53
9499,104,70,35,69
9500,166,119,59,107
9501,166,118,59,107
9502,166,119,59,107
9503,153,108,54,99
9504,78,51,25,53
9505,122,84,42,80
9506,52,31,15,37
9507,52,30,15,37
9508,52,31,15,37
9509,52,30,15,37
9510,52,31,15,37
9511,52,30,15,37
9512,78,51,25,53
9513,197,142,71,126
9514,78,51,25,53
9515,52,30,15,37
9516,78,51,25,53
9517,78,50,25,53
9518,78,51,25,53
9519,104,70,35,69
9520,78,51,25,53
9521,34,16,8,26
9522,34,17,8,26
9523,34,16,8,26
9524,78,51,25,53
9525,78,50,25,53
9526,197,143,71,126
9527,197,142,71,126
9528,52,31,15,37
9529,104,70,35,69
9530,52,31,15,37
9531,78,50,25,53
9532,52,31,15,37
9533,52,30,15,37
9534,104,71,35,69
9535,104,70,35,69
9536,29,13,6,23
9537,78,50,25,53
9538,78,51,25,53
9539,78,50,25,53
9540,104,71,35,69
9541,104,70,35,69
9542,104,71,35,69
9543,52,30,15,37
9544,104,71,35,69
9545,78,50,25,53
9546,104,71,35,69
9547,104,70,35,69
9548,104,71,35,69
9549,104,70,35,69
9550,60,37,18,42
9551,60,36,18,42
9552,29,13,6,23
9553,104,70,35,69
9554,104,71,35,69
9555,104,70,35,69
9556,29,13,6,23
9557,29,12,6,23
9558,78,51,25,53
9559,78,50,25,53
9560,122,85,42,80
9561,78,50,25,53
9562,122,85,42,80
9563,197,142,71,126
9564,122,85,42,80
9565,122,84,42,80
9566,78,51,25,53
9567,78,50,25,53
9568,122,85,42,80
9569,78,50,25,53
9570,73,47,23,50
9571,73,46,23,50
9572,73,47,23,50
9573,73,46,23,50
9574,73,47,23,50
9575,197,142,71,126
9576,122,85,42,80
9577,153,108,54,99
9578,122,85,42,80
9579,153,108,54,99
9580,34,17,8,26
9581,34,16,8,26
9582,34,17,8,26
9583,135,94,47,88
9584,122,85,42,80
9585,122,84,42,80
9586,73,47,23,50
9587,73,46,23,50
9588,122,85,42,80
9589,122,84,42,80
9590,166,119,59,107
9591,166,118,59,107
9592,73,47,23,50
9593,122,84,42,80
9594,73,47,23,50
9595,73,46,23,50
9596,73,47,23,50
9597,73,46,23,50
9598,166,119,59,107
9599,166,118,59,107
9600,21,7,3,18
9601,166,118,59,107
9602,122,85,42,80
9603,122,84,42,80
9604,166,119,59,107
9605,166,118,59,107
9606,166,119,59,107
9607,122,84,42,80
9608,60,37,18,42
9609,73,46,23,50
9610,60,37,18,42
9611,166,118,59,107
9612,60,37,18,42
9613,60,36,18,42
9614,122,85,42,80
9615,122,84,42,80
9616,60,37,18,42
9617,47,26,13,34
9618,47,27,13,34
9619,47,26,13,34
9620,60,37,18,42
9621,60,36,18,42
9622,47,27,13,34
9623,47,26,13,34
9624,60,37,18,42
9625,47,26,13,34
9626,60,37,18,42
9627,47,26,13,34
9628,73,47,23,50
9629,73,46,23,50
9630,73,47,23,50
9631,158,112,56,102
9632,21,7,3,18
9633,47,26,13,34
9634,122,85,42,80
9635,122,84,42,80
9636,122,85,42,80
9637,122,84,42,80
9638,122,85,42,80
9639,135,94,47,88
9640,21,7,3,18
9641,73,46,23,50
9642,21,7,3,18
9643,166,118,59,107
9644,166,119,59,107
9645,166,118,59,107
9646,166,119,59,107
9647,122,84,42,80
9648,73,47,23,50
9649,60,36,18,42
9650,60,37,18,42
9651,60,36,18,42
9652,73,47,23,50
9653,73,46,23,50
9654,104,71,35,69
9655,104,70,35,69
9656,73,47,23,50
9657,60,36,18,42
9658,73,47,23,50
9659,166,118,59,107
9660,122,85,42,80
9661,122,84,42,80
9662,122,85,42,80
9663,184,132,66,118
9664,21,7,3,18
9665,73,46,23,50
9666,73,47,23,50
9667,73,46,23,50
9668,21,7,3,18
9669,21,6,3,18
9670,21,7,3,18
9671,73,46,23,50
9672,60,37,18,42
9673,60,36,18,42
9674,60,37,18,42
9675,73,46,23,50
9676,60,37,18,42
9677,60,36,18,42
9678,166,119,59,107
9679,166,118,59,107
9680,21,7,3,18
9681,60,36,18,42
9682,104,71,35,69
9683,104,70,35,69
9684,21,7,3,18
9685,21,6,3,18
9686,166,119,59,107
9687,166,118,59,107
9688,73,47,23,50
9689,73,46,23,50
9690,73,47,23,50
9691,60,36,18,42
9692,73,47,23,50
9693,73,46,23,50
9694,166,119,59,107
9695,166,118,59,107
9696,47,27,13,34
9697,135,94,47,88
9698,21,7,3,18
9699,21,6,3,18
9700,166,119,59,107
9701,166,118,59,107
9702,166,119,59,107
9703,135,94,47,88
9704,47,27,13,34
9705,179,128,64,115
9706,47,27,13,34
9707,166,118,59,107
9708,122,85,42,80
9709,122,84,42,80
9710,122,85,42,80
9711,60,36,18,42
9712,47,27,13,34
9713,47,26,13,34
9714,166,119,59,107
9715,166,118,59,107
9716,47,27,13,34
9717,47,26,13,34
9718,122,85,42,80
9719,122,84,42,80
9720,166,119,59,107
9721,166,118,59,107
9722,166,119,59,107
9723,104,70,35,69
9724,166,119,59,107
9725,166,118,59,107
9726,91,61,30,61
9727,91,60,30,61
9728,29,13,6,23
9729,166,118,59,107
9730,47,27,13,34
9731,47,26,13,34
9732,47,27,13,34
9733,47,26,13,34
9734,47,27,13,34
9735,47,26,13,34
9736,135,95,47,88
9737,166,118,59,107
9738,135,95,47,88
9739,47,26,13,34
9740,135,95,47,88
9741,135,94,47,88
9742,47,27,13,34
9743,47,26,13,34
9744,135,95,47,88
9745,135,94,47,88
9746,122,85,42,80
9747,122,84,42,80
9748,135,95,47,88
9749,135,94,47,88
9750,122,85,42,80
9751,122,84,42,80
9752,135,95,47,88
9753,122,84,42,80
9754,135,95,47,88
9755,60,36,18,42
9756,135,95,47,88
9757,135,94,47,88
9758,135,95,47,88
9759,153,108,54,99
9760,42,23,11,31
9761,47,26,13,34
9762,135,95,47,88
9763,135,94,47,88
9764,73,47,23,50
9765,73,46,23,50
9766,73,47,23,50
9767,73,46,23,50
9768,42,23,11,31
9769,104,70,35,69
9770,42,23,11,31
9771,135,94,47,88
9772,47,27,13,34
9773,47,26,13,34
9774,47,27,13,34
9775,153,108,54,99
9776,42,23,11,31
9777,47,26,13,34
9778,47,27,13,34
9779,47,26,13,34
9780,42,23,11,31
9781,42,22,11,31
9782,179,129,64,115
9783,179,128,64,115
9784,135,95,47,88
9785,197,142,71,126
9786,135,95,47,88
9787,197,142,71,126
9788,135,95,47,88
9789,135,94,47,88
9790,73,47,23,50
9791,73,46,23,50
9792,42,23,11,31
9793,166,118,59,107
9794,166,119,59,107
9795,166,118,59,107
9796,135,95,47,88
9797,135,94,47,88
9798,135,95,47,88
9799,47,26,13,34
9800,135,95,47,88
9801,104,70,35,69
9802,135,95,47,88
9803,135,94,47,88
9804,135,95,47,88
9805,135,94,47,88
9806,104,71,35,69
9807,104,70,35,69
9808,42,23,11,31
9809,166,118,59,107
9810,166,119,59,107
9811,166,118,59,107
9812,42,23,11,31
9813,42,22,11,31
9814,135,95,47,88
9815,135,94,47,88
9816,135,95,47,88
9817,135,94,47,88
9818,135,95,47,88
9819,73,46,23,50
9820,135,95,47,88
9821,135,94,47,88
9822,122,85,42,80
9823,122,84,42,80
9824,42,23,11,31
9825,47,26,13,34
9826,135,95,47,88
9827,135,94,47,88
9828,135,95,47,88
9829,135,94,47,88
9830,135,95,47,88
9831,104,70,35,69
9832,42,23,11,31
9833,47,26,13,34
9834,42,23,11,31
9835,166,118,59,107
9836,104,71,35,69
9837,104,70,35,69
9838,104,71,35,69
9839,47,26,13,34
9840,73,47,23,50
9841,42,22,11,31
9842,73,47,23,50
9843,73,46,23,50
9844,73,47,23,50
9845,73,46,23,50
9846,73,47,23,50
9847,73,46,23,50
9848,73,47,23,50
9849,73,46,23,50
9850,73,47,23,50
9851,73,46,23,50
9852,210,153,76,134
9853,210,152,76,134
9854,210,153,76,134
9855,96,64,32,64
9856,29,13,6,23
9857,60,36,18,42
9858,42,23,11,31
9859,42,22,11,31
9860,73,47,23,50
9861,73,46,23,50
9862,73,47,23,50
9863,73,46,23,50
9864,135,95,47,88
9865,96,64,32,64
9866,135,95,47,88
9867,73,46,23,50
9868,135,95,47,88
9869,135,94,47,88
9870,197,143,71,126
9871,197,142,71,126
9872,135,95,47,88
9873,135,94,47,88
9874,135,95,47,88
9875,135,94,47,88
9876,135,95,47,88
9877,135,94,47,88
9878,135,95,47,88
9879,135,94,47,88
9880,135,95,47,88
9881,166,118,59,107
9882,135,95,47,88
9883,166,118,59,107
9884,135,95,47,88
9885,135,94,47,88
9886,135,95,47,88
9887,241,176,88,153
9888,29,13,6,23
9889,122,84,42,80
9890,122,85,42,80
9891,122,84,42,80
9892,122,85,42,80
9893,122,84,42,80
9894,122,85,42,80
9895,122,84,42,80
9896,29,13,6,23
9897,241,176,88,153
9898,29,13,6,23
9899,96,64,32,64
9900,73,47,23,50
9901,73,46,23,50
9902,73,47,23,50
9903,73,46,23,50
9904,135,95,47,88
9905,42,22,11,31
9906,42,23,11,31
9907,42,22,11,31
9908,135,95,47,88
9909,135,94,47,88
9910,73,47,23,50
9911,73,46,23,50
9912,135,95,47,88
9913,47,26,13,34
9914,135,95,47,88
9915,47,26,13,34
9916,47,27,13,34
9917,47,26,13,34
9918,47,27,13,34
9919,148,104,52,96
9920,91,61,30,61
9921,135,94,47,88
9922,73,47,23,50
9923,73,46,23,50
9924,42,23,11,31
9925,42,22,11,31
9926,42,23,11,31
9927,135,94,47,88
9928,42,23,11,31
9929,135,94,47,88
9930,42,23,11,31
9931,117,80,40,77
9932,42,23,11,31
9933,42,22,11,31
9934,166,119,59,107
9935,166,118,59,107
9936,91,61,30,61
9937,73,46,23,50
9938,73,47,23,50
9939,73,46,23,50
9940,91,61,30,61
9941,91,60,30,61
9942,73,47,23,50
9943,73,46,23,50
9944,73,47,23,50
9945,73,46,23,50
9946,73,47,23,50
9947,135,94,47,88
9948,73,47,23,50
9949,73,46,23,50
9950,73,47,23,50
9951,73,46,23,50
9952,91,61,30,61
9953,73,46,23,50
9954,91,61,30,61
9955,91,60,30,61
9956,42,23,11,31
9957,42,22,11,31
9958,42,23,11,31
9959,73,46,23,50
9960,91,61,30,61
9961,73,46,23,50
9962,91,61,30,61
9963,73,46,23,50
9964,104,71,35,69
9965,104,70,35,69
9966,104,71,35,69
9967,73,46,23,50
9968,135,95,47,88
9969,91,60,30,61
9970,117,81,40,77
9971,117,80,40,77
9972,135,95,47,88
9973,135,94,47,88
9974,166,119,59,107
9975,166,118,59,107
9976,135,95,47,88
9977,42,22,11,31
9978,135,95,47,88
9979,73,46,23,50
9980,73,47,23,50
9981,73,46,23,50
9982,73,47,23,50
9983,166,118,59,107
9984,42,23,11,31
9985,91,60,30,61
9986,166,119,59,107
9987,166,118,59,107
9988,91,61,30,61
9989,91,60,30,61
9990,91,61,30,61
9991,166,118,59,107
9992,179,129,64,115
9993,73,46,23,50
9994,179,129,64,115
9995,65,40,20,45
9996,179,129,64,115
9997,179,128,64,115
9998,91,61,30,61
9999,91,60,30,61
10000,29,13,6,23
10001,179,128,64,115
10002,65,41,20,45
10003,65,40,20,45
10004,29,13,6,23
10005,29,12,6,23
10006,179,129,64,115
10007,179,128,64,115
10008,29,13,6,23
10009,166,118,59,107
10010,29,13,6,23
10011,210,152,76,134
10012,65,41,20,45
10013,65,40,20,45
10014,65,41,20,45
10015,65,40,20,45
10016,135,95,47,88
10017,91,60,30,61
10018,91,61,30,61
10019,91,60,30,61
10020,91,61,30,61
10021,91,60,30,61
10022,91,61,30,61
10023,65,40,20,45
10024,135,95,47,88
10025,91,60,30,61
10026,135,95,47,88
10027,91,60,30,61
10028,42,23,11,31
10029,42,22,11,31
10030,42,23,11,31
10031,47,26,13,34
10032,135,95,47,88
10033,42,22,11,31
10034,42,23,11,31
10035,42,22,11,31
10036,135,95,47,88
10037,135,94,47,88
10038,65,41,20,45
10039,65,40,20,45
10040,91,61,30,61
10041,65,40,20,45
10042,91,61,30,61
10043,42,22,11,31
10044,91,61,30,61
10045,91,60,30,61
10046,91,61,30,61
10047,91,60,30,61
10048,42,23,11,31
10049,135,94,47,88
10050,117,81,40,77
10051,117,80,40,77
10052,135,95,47,88
10053,135,94,47,88
10054,135,95,47,88
10055,91,60,30,61
10056,42,23,11,31
10057,117,80,40,77
10058,42,23,11,31
10059,135,94,47,88
10060,42,23,11,31
10061,42,22,11,31
10062,117,81,40,77
10063,117,80,40,77
10064,42,23,11,31
10065,42,22,11,31
10066,91,61,30,61
10067,91,60,30,61
10068,42,23,11,31
10069,42,22,11,31
10070,135,95,47,88
10071,135,94,47,88
10072,86,57,28,58
10073,135,94,47,88
10074,86,57,28,58
10075,91,60,30,61
10076,86,57,28,58
10077,86,56,28,58
10078,135,95,47,88
10079,135,94,47,88
10080,42,23,11,31
10081,86,56,28,58
10082,42,23,11,31
10083,42,22,11,31
10084,42,23,11,31
10085,42,22,11,31
10086,42,23,11,31
10087,223,162,81,142
10088,42,23,11,31
10089,135,94,47,88
10090,42,23,11,31
10091,47,26,13,34
10092,135,95,47,88
10093,135,94,47,88
10094,135,95,47,88
10095,148,104,52,96
10096,42,23,11,31
10097,42,22,11,31
10098,86,57,28,58
10099,86,56,28,58
10100,42,23,11,31
10101,42,22,11,31
10102,86,57,28,58
10103,86,56,28,58
10104,179,129,64,115
10105,135,94,47,88
10106,179,129,64,115
10107,86,56,28,58
10108,179,129,64,115
10109,179,128,64,115
10110,86,57,28,58
10111,86,56,28,58
10112,42,23,11,31
10113,135,94,47,88
10114,73,47,23,50
10115,73,46,23,50
10116,73,47,23,50
10117,73,46,23,50
10118,73,47,23,50
10119,73,46,23,50
10120,42,23,11,31
10121,179,128,64,115
10122,42,23,11,31
10123,179,128,64,115
10124,42,23,11,31
10125,42,22,11,31
10126,135,95,47,88
10127,135,94,47,88
10128,34,17,8,26
10129,73,46,23,50
10130,73,47,23,50
10131,73,46,23,50
10132,34,17,8,26
10133,34,16,8,26
10134,34,17,8,26
10135,34,16,8,26
10136,34,17,8,26
10137,34,16,8,26
10138,34,17,8,26
10139,60,36,18,42
10140,86,57,28,58
10141,86,56,28,58
10142,86,57,28,58
10143,117,80,40,77
10144,42,23,11,31
10145,34,16,8,26
10146,34,17,8,26
10147,34,16,8,26
10148,135,95,47,88
10149,135,94,47,88
10150,135,95,47,88
10151,148,104,52,96
10152,42,23,11,31
10153,60,36,18,42
10154,42,23,11,31
10155,86,56,28,58
10156,179,129,64,115
10157,179,128,64,115
10158,179,129,64,115
10159,179,128,64,115
10160,34,17,8,26
10161,42,22,11,31
10162,42,23,11,31
10163,42,22,11,31
10164,34,17,8,26
10165,34,16,8,26
10166,86,57,28,58
10167,86,56,28,58
10168,34,17,8,26
10169,86,56,28,58
10170,34,17,8,26
10171,86,56,28,58
10172,179,129,64,115
10173,179,128,64,115
10174,179,129,64,115
10175,179,128,64,115
10176,60,37,18,42
10177,34,16,8,26
10178,86,57,28,58
10179,86,56,28,58
10180,42,23,11,31
10181,42,22,11,31
10182,42,23,11,31
10183,86,56,28,58
10184,34,17,8,26
10185,34,16,8,26
10186,34,17,8,26
10187,34,16,8,26
10188,34,17,8,26
10189,34,16,8,26
10190,73,47,23,50
10191,73,46,23,50
10192,60,37,18,42
10193,34,16,8,26
10194,179,129,64,115
10195,179,128,64,115
10196,60,37,18,42
10197,60,36,18,42
10198,117,81,40,77
10199,117,80,40,77
10200,86,57,28,58
10201,42,22,11,31
10202,86,57,28,58
10203,179,128,64,115
10204,86,57,28,58
10205,86,56,28,58
10206,86,57,28,58
10207,86,56,28,58
10208,60,37,18,42
10209,86,56,28,58
10210,60,37,18,42
10211,60,36,18,42
10212,179,129,64,115
10213,179,128,64,115
10214,179,129,64,115
10215,148,104,52,96
10216,60,37,18,42
10217,91,60,30,61
10218,60,37,18,42
10219,86,56,28,58
10220,60,37,18,42
10221,60,36,18,42
10222,60,37,18,42
10223,179,128,64,115
10224,135,95,47,88
10225,60,36,18,42
10226,135,95,47,88
10227,135,94,47,88
10228,135,95,47,88
10229,135,94,47,88
10230,60,37,18,42
10231,60,36,18,42
10232,135,95,47,88
10233,179,128,64,115
10234,135,95,47,88
10235,117,80,40,77
10236,117,81,40,77
10237,117,80,40,77
10238,117,81,40,77
10239,241,176,88,153
10240,16,3,1,15
10241,179,128,64,115
10242,42,23,11,31
10243,42,22,11,31
10244,148,105,52,96
10245,148,104,52,96
10246,148,105,52,96
10247,42,22,11,31
10248,55,33,16,39
10249,60,36,18,42
10250,55,33,16,39
10251,148,104,52,96
10252,55,33,16,39
10253,55,32,16,39
10254,148,105,52,96
10255,148,104,52,96
10256,55,33,16,39
10257,55,32,16,39
10258,148,105,52,96
10259,148,104,52,96
10260,55,33,16,39
10261,55,32,16,39
10262,55,33,16,39
10263,55,32,16,39
10264,55,33,16,39
10265,135,94,47,88
10266,55,33,16,39
10267,148,104,52,96
10268,148,105,52,96
10269,148,104,52,96
10270,148,105,52,96
10271,60,36,18,42
10272,29,13,6,23
10273,148,104,52,96
10274,55,33,16,39
10275,55,32,16,39
10276,55,33,16,39
10277,55,32,16,39
10278,55,33,16,39
10279,148,104,52,96
10280,29,13,6,23
10281,135,94,47,88
10282,29,13,6,23
10283,86,56,28,58
10284,55,33,16,39
10285,55,32,16,39
10286,55,33,16,39
10287,148,104,52,96
10288,29,13,6,23
10289,60,36,18,42
10290,60,37,18,42
10291,60,36,18,42
10292,29,13,6,23
10293,29,12,6,23
10294,117,81,40,77
10295,117,80,40,77
10296,148,105,52,96
10297,55,32,16,39
10298,148,105,52,96
10299,60,36,18,42
10300,148,105,52,96
10301,148,104,52,96
10302,91,61,30,61
10303,91,60,30,61
10304,104,71,35,69
10305,148,104,52,96
10306,148,105,52,96
10307,148,104,52,96
10308,29,13,6,23
10309,29,12,6,23
10310,29,13,6,23
10311,86,56,28,58
10312,148,105,52,96
10313,86,56,28,58
10314,148,105,52,96
10315,29,12,6,23
10316,148,105,52,96
10317,148,104,52,96
10318,148,105,52,96
10319,148,104,52,96
10320,104,71,35,69
10321,148,104,52,96
10322,117,81,40,77
10323,117,80,40,77
10324,104,71,35,69
10325,104,70,35,69
10326,55,33,16,39
10327,55,32,16,39
10328,55,33,16,39
10329,55,32,16,39
10330,55,33,16,39
10331,166,118,59,107
10332,55,33,16,39
10333,55,32,16,39
10334,179,129,64,115
10335,179,128,64,115
10336,104,71,35,69
10337,148,104,52,96
10338,55,33,16,39
10339,55,32,16,39
10340,55,33,16,39
10341,55,32,16,39
10342,55,33,16,39
10343,86,56,28,58
10344,104,71,35,69
10345,148,104,52,96
10346,104,71,35,69
10347,135,94,47,88
10348,148,105,52,96
10349,148,104,52,96
10350,148,105,52,96
10351,117,80,40,77
10352,42,23,11,31
10353,104,70,35,69
10354,55,33,16,39
10355,55,32,16,39
10356,42,23,11,31
10357,42,22,11,31
10358,117,81,40,77
10359,117,80,40,77
10360,42,23,11,31
10361,117,80,40,77
10362,42,23,11,31
10363,117,80,40,77
10364,55,33,16,39
10365,55,32,16,39
10366,55,33,16,39
10367,148,104,52,96
10368,29,13,6,23
10369,86,56,28,58
10370,42,23,11,31
10371,42,22,11,31
10372,42,23,11,31
10373,42,22,11,31
10374,42,23,11,31
10375,86,56,28,58
10376,104,71,35,69
10377,86,56,28,58
10378,104,71,35,69
10379,223,162,81,142
10380,104,71,35,69
10381,104,70,35,69
10382,73,47,23,50
10383,73,46,23,50
10384,148,105,52,96
10385,86,56,28,58
10386,86,57,28,58
10387,86,56,28,58
10388,148,105,52,96
10389,148,104,52,96
10390,104,71,35,69
10391,104,70,35,69
10392,148,105,52,96
10393,148,104,52,96
10394,148,105,52,96
10395,86,56,28,58
10396,148,105,52,96
10397,148,104,52,96
10398,148,105,52,96
10399,86,56,28,58
10400,29,13,6,23
10401,148,104,52,96
10402,148,105,52,96
10403,148,104,52,96
10404,179,129,64,115
10405,179,128,64,115
10406,179,129,64,115
10407,109,74,37,72
10408,29,13,6,23
10409,86,56,28,58
10410,29,13,6,23
10411,148,104,52,96
10412,104,71,35,69
10413,104,70,35,69
10414,104,71,35,69
10415,254,186,93,161
10416,104,71,35,69
10417,42,22,11,31
10418,42,23,11,31
10419,42,22,11,31
10420,104,71,35,69
10421,104,70,35,69
10422,135,95,47,88
10423,135,94,47,88
10424,104,71,35,69
10425,42,22,11,31
10426,104,71,35,69
10427,109,74,37,72
10428,86,57,28,58
10429,86,56,28,58
10430,86,57,28,58
10431,86,56,28,58
10432,29,13,6,23
10433,148,104,52,96
10434,148,105,52,96
10435,148,104,52,96
10436,55,33,16,39
10437,55,32,16,39
10438,55,33,16,39
10439,86,56,28,58
10440,55,33,16,39
10441,104,70,35,69
10442,55,33,16,39
10443,60,36,18,42
10444,55,33,16,39
10445,55,32,16,39
10446,60,37,18,42
10447,60,36,18,42
10448,29,13,6,23
10449,86,56,28,58
10450,86,57,28,58
10451,86,56,28,58
10452,29,13,6,23
10453,29,12,6,23
10454,55,33,16,39
10455,55,32,16,39
10456,179,129,64,115
10457,55,32,16,39
10458,179,129,64,115
10459,148,104,52,96
10460,179,129,64,115
10461,179,128,64,115
10462,130,91,45,85
10463,130,90,45,85
10464,148,105,52,96
10465,130,90,45,85
10466,29,13,6,23
10467,29,12,6,23
10468,86,57,28,58
10469,86,56,28,58
10470,86,57,28,58
10471,86,56,28,58
10472,148,105,52,96
10473,86,56,28,58
10474,148,105,52,96
10475,86,56,28,58
10476,104,71,35,69
10477,104,70,35,69
10478,104,71,35,69
10479,130,90,45,85
10480,148,105,52,96
10481,148,104,52,96
10482,86,57,28,58
10483,86,56,28,58
10484,148,105,52,96
10485,148,104,52,96
10486,55,33,16,39
10487,55,32,16,39
10488,104,71,35,69
10489,55,32,16,39
10490,104,71,35,69
10491,86,56,28,58
10492,104,71,35,69
10493,104,70,35,69
10494,86,57,28,58
10495,86,56,28,58
10496,117,81,40,77
10497,148,104,52,96
10498,130,91,45,85
10499,130,90,45,85
10500,29,13,6,23
10501,29,12,6,23
10502,29,13,6,23
10503,130,90,45,85
10504,29,13,6,23
10505,148,104,52,96
10506,29,13,6,23
10507,148,104,52,96
10508,29,13,6,23
10509,29,12,6,23
10510,86,57,28,58
10511,86,56,28,58
10512,55,33,16,39
10513,29,12,6,23
10514,179,129,64,115
10515,179,128,64,115
10516,55,33,16,39
10517,55,32,16,39
10518,104,71,35,69
10519,104,70,35,69
10520,55,33,16,39
10521,104,70,35,69
10522,55,33,16,39
10523,179,128,64,115
10524,192,139,69,123
10525,192,138,69,123
10526,192,139,69,123
10527,86,56,28,58
10528,55,33,16,39
10529,42,22,11,31
10530,42,23,11,31
10531,42,22,11,31
10532,42,23,11,31
10533,42,22,11,31
10534,42,23,11,31
10535,192,138,69,123
10536,55,33,16,39
10537,78,50,25,53
10538,55,33,16,39
10539,192,138,69,123
10540,55,33,16,39
10541,55,32,16,39
10542,55,33,16,39
10543,179,128,64,115
10544,55,33,16,39
10545,148,104,52,96
10546,148,105,52,96
10547,148,104,52,96
10548,55,33,16,39
10549,55,32,16,39
10550,104,71,35,69
10551,104,70,35,69
10552,148,105,52,96
10553,104,70,35,69
10554,148,105,52,96
10555,148,104,52,96
10556,148,105,52,96
10557,148,104,52,96
10558,78,51,25,53
10559,78,50,25,53
10560,117,81,40,77
10561,55,32,16,39
10562,55,33,16,39
10563,55,32,16,39
10564,104,71,35,69
10565,104,70,35,69
10566,104,71,35,69
10567,60,36,18,42
10568,104,71,35,69
10569,55,32,16,39
10570,104,71,35,69
10571,104,70,35,69
10572,104,71,35,69
10573,104,70,35,69
10574,78,51,25,53
10575,78,50,25,53
10576,117,81,40,77
10577,55,32,16,39
10578,55,33,16,39
10579,55,32,16,39
10580,117,81,40,77
10581,117,80,40,77
10582,55,33,16,39
10583,55,32,16,39
10584,55,33,16,39
10585,148,104,52,96
10586,55,33,16,39
10587,130,90,45,85
10588,55,33,16,39
10589,55,32,16,39
10590,148,105,52,96
10591,148,104,52,96
10592,29,13,6,23
10593,130,90,45,85
10594,99,67,33,66
10595,99,66,33,66
10596,99,67,33,66
10597,99,66,33,66
10598,99,67,33,66
10599,161,114,57,104
10600,29,13,6,23
10601,55,32,16,39
10602,29,13,6,23
10603,104,70,35,69
10604,148,105,52,96
10605,148,104,52,96
10606,148,105,52,96
10607,55,32,16,39
10608,29,13,6,23
10609,29,12,6,23
10610,99,67,33,66
10611,99,66,33,66
10612,29,13,6,23
10613,29,12,6,23
10614,148,105,52,96
10615,148,104,52,96
10616,55,33,16,39
10617,254,186,93,161
10618,55,33,16,39
10619,99,66,33,66
10620,55,33,16,39
10621,55,32,16,39
10622,99,67,33,66
10623,99,66,33,66
10624,117,81,40,77
10625,55,32,16,39
10626,55,33,16,39
10627,55,32,16,39
10628,55,33,16,39
10629,55,32,16,39
10630,55,33,16,39
10631,55,32,16,39
10632,55,33,16,39
10633,148,104,52,96
10634,55,33,16,39
10635,55,32,16,39
10636,55,33,16,39
10637,55,32,16,39
10638,55,33,16,39
10639,55,32,16,39
10640,55,33,16,39
10641,55,32,16,39
10642,55,33,16,39
10643,55,32,16,39
10644,55,33,16,39
10645,55,32,16,39
10646,55,33,16,39
10647,55,32,16,39
10648,55,33,16,39
10649,55,32,16,39
10650,55,33,16,39
10651,99,66,33,66
10652,86,57,28,58
10653,86,56,28,58
10654,86,57,28,58
10655,148,104,52,96
10656,117,81,40,77
10657,86,56,28,58
10658,55,33,16,39
10659,55,32,16,39
10660,55,33,16,39
10661,55,32,16,39
10662,55,33,16,39
10663,55,32,16,39
10664,117,81,40,77
10665,192,138,69,123
10666,117,81,40,77
10667,148,104,52,96
10668,47,27,13,34
10669,47,26,13,34
10670,47,27,13,34
10671,86,56,28,58
10672,148,105,52,96
10673,55,32,16,39
10674,55,33,16,39
10675,55,32,16,39
10676,148,105,52,96
10677,148,104,52,96
10678,47,27,13,34
10679,47,26,13,34
10680,148,105,52,96
10681,55,32,16,39
10682,148,105,52,96
10683,99,66,33,66
10684,47,27,13,34
10685,47,26,13,34
10686,47,27,13,34
10687,99,66,33,66
10688,73,47,23,50
10689,148,104,52,96
10690,161,115,57,104
10691,161,114,57,104
10692,117,81,40,77
10693,117,80,40,77
10694,117,81,40,77
10695,73,46,23,50
10696,47,27,13,34
10697,192,138,69,123
10698,47,27,13,34
10699,47,26,13,34
10700,47,27,13,34
10701,47,26,13,34
10702,192,139,69,123
10703,192,138,69,123
10704,73,47,23,50
10705,47,26,13,34
10706,47,27,13,34
10707,47,26,13,34
10708,73,47,23,50
10709,73,46,23,50
10710,99,67,33,66
10711,99,66,33,66
10712,29,13,6,23
10713,29,12,6,23
10714,29,13,6,23
10715,192,138,69,123
10716,29,13,6,23
10717,29,12,6,23
10718,192,139,69,123
10719,192,138,69,123
10720,73,47,23,50
10721,99,66,33,66
10722,73,47,23,50
10723,73,46,23,50
10724,47,27,13,34
10725,47,26,13,34
10726,47,27,13,34
10727,99,66,33,66
10728,73,47,23,50
10729,47,26,13,34
10730,73,47,23,50
10731,47,26,13,34
10732,73,47,23,50
10733,73,46,23,50
10734,73,47,23,50
10735,86,56,28,58
10736,99,67,33,66
10737,73,46,23,50
10738,73,47,23,50
10739,73,46,23,50
10740,99,67,33,66
10741,99,66,33,66
10742,130,91,45,85
10743,130,90,45,85
10744,99,67,33,66
10745,55,32,16,39
10746,99,67,33,66
10747,99,66,33,66
10748,99,67,33,66
10749,99,66,33,66
10750,99,67,33,66
10751,192,138,69,123
10752,16,3,1,15
10753,73,46,23,50
10754,73,47,23,50
10755,73,46,23,50
10756,73,47,23,50
10757,73,46,23,50
10758,73,47,23,50
10759,192,138,69,123
10760,117,81,40,77
10761,73,46,23,50
10762,117,81,40,77
10763,73,46,23,50
10764,117,81,40,77
10765,117,80,40,77
10766,73,47,23,50
10767,73,46,23,50
10768,68,43,21,47
10769,117,80,40,77
10770,148,105,52,96
10771,148,104,52,96
10772,68,43,21,47
10773,68,42,21,47
10774,148,105,52,96
10775,148,104,52,96
10776,68,43,21,47
10777,148,104,52,96
10778,68,43,21,47
10779,148,104,52,96
10780,29,13,6,23
10781,29,12,6,23
10782,29,13,6,23
10783,148,104,52,96
10784,117,81,40,77
10785,29,12,6,23
10786,68,43,21,47
10787,68,42,21,47
10788,161,115,57,104
10789,161,114,57,104
10790,161,115,57,104
10791,161,114,57,104
10792,117,81,40,77
10793,117,80,40,77
10794,117,81,40,77
10795,68,42,21,47
10796,68,43,21,47
10797,68,42,21,47
10798,68,43,21,47
10799,161,114,57,104
10800,117,81,40,77
10801,161,114,57,104
10802,161,115,57,104
10803,161,114,57,104
10804,117,81,40,77
10805,117,80,40,77
10806,73,47,23,50
10807,73,46,23,50
10808,161,115,57,104
10809,68,42,21,47
10810,161,115,57,104
10811,68,42,21,47
10812,161,115,57,104
10813,161,114,57,104
10814,68,43,21,47
10815,68,42,21,47
10816,55,33,16,39
10817,117,80,40,77
10818,117,81,40,77
10819,117,80,40,77
10820,42,23,11,31
10821,42,22,11,31
10822,42,23,11,31
10823,68,42,21,47
10824,42,23,11,31
10825,68,42,21,47
10826,42,23,11,31
10827,42,22,11,31
10828,42,23,11,31
10829,42,22,11,31
10830,42,23,11,31
10831,42,22,11,31
10832,55,33,16,39
10833,68,42,21,47
10834,68,43,21,47
10835,68,42,21,47
10836,55,33,16,39
10837,55,32,16,39
10838,42,23,11,31
10839,42,22,11,31
10840,117,81,40,77
10841,130,90,45,85
10842,117,81,40,77
10843,161,114,57,104
10844,117,81,40,77
10845,117,80,40,77
10846,68,43,21,47
10847,68,42,21,47
10848,55,33,16,39
10849,161,114,57,104
10850,161,115,57,104
10851,161,114,57,104
10852,161,115,57,104
10853,161,114,57,104
10854,161,115,57,104
10855,205,148,74,131
10856,55,33,16,39
10857,161,114,57,104
10858,55,33,16,39
10859,42,22,11,31
10860,99,67,33,66
10861,99,66,33,66
10862,99,67,33,66
10863,99,66,33,66
10864,68,43,21,47
10865,55,32,16,39
10866,161,115,57,104
10867,161,114,57,104
10868,68,43,21,47
10869,68,42,21,47
10870,117,81,40,77
10871,117,80,40,77
10872,68,43,21,47
10873,130,90,45,85
10874,68,43,21,47
10875,117,80,40,77
10876,68,43,21,47
10877,68,42,21,47
10878,68,43,21,47
10879,130,90,45,85
10880,16,3,1,15
10881,179,128,64,115
10882,55,33,16,39
10883,55,32,16,39
10884,68,43,21,47
10885,68,42,21,47
10886,68,43,21,47
10887,117,80,40,77
10888,55,33,16,39
10889,161,114,57,104
10890,55,33,16,39
10891,68,42,21,47
10892,55,33,16,39
10893,55,32,16,39
10894,99,67,33,66
10895,99,66,33,66
10896,68,43,21,47
10897,161,114,57,104
10898,161,115,57,104
10899,161,114,57,104
10900,68,43,21,47
10901,68,42,21,47
10902,55,33,16,39
10903,55,32,16,39
10904,68,43,21,47
10905,68,42,21,47
10906,68,43,21,47
10907,161,114,57,104
10908,130,91,45,85
10909,130,90,45,85
10910,130,91,45,85
10911,192,138,69,123
10912,16,3,1,15
10913,130,90,45,85
10914,68,43,21,47
10915,68,42,21,47
10916,161,115,57,104
10917,161,114,57,104
10918,161,115,57,104
10919,174,124,62,112
10920,16,3,1,15
10921,161,114,57,104
10922,16,3,1,15
10923,55,32,16,39
10924,117,81,40,77
10925,117,80,40,77
10926,117,81,40,77
10927,55,32,16,39
10928,42,23,11,31
10929,161,114,57,104
10930,161,115,57,104
10931,161,114,57,104
10932,42,23,11,31
10933,42,22,11,31
10934,117,81,40,77
10935,117,80,40,77
10936,42,23,11,31
10937,161,114,57,104
10938,42,23,11,31
10939,99,66,33,66
10940,161,115,57,104
10941,161,114,57,104
10942,161,115,57,104
10943,86,56,28,58
10944,130,91,45,85
10945,42,22,11,31
10946,161,115,57,104
10947,161,114,57,104
10948,42,23,11,31
10949,42,22,11,31
10950,42,23,11,31
10951,161,114,57,104
10952,42,23,11,31
10953,42,22,11,31
10954,42,23,11,31
10955,161,114,57,104
10956,42,23,11,31
10957,42,22,11,31
10958,192,139,69,123
10959,192,138,69,123
10960,130,91,45,85
10961,42,22,11,31
10962,42,23,11,31
10963,42,22,11,31
10964,130,91,45,85
10965,130,90,45,85
10966,117,81,40,77
10967,117,80,40,77
10968,117,81,40,77
10969,42,22,11,31
10970,117,81,40,77
10971,267,196,98,169
10972,117,81,40,77
10973,117,80,40,77
10974,55,33,16,39
10975,55,32,16,39
10976,130,91,45,85
10977,148,104,52,96
10978,130,91,45,85
10979,130,90,45,85
10980,42,23,11,31
10981,42,22,11,31
10982,42,23,11,31
10983,99,66,33,66
10984,130,91,45,85
10985,161,114,57,104
10986,130,91,45,85
10987,99,66,33,66
10988,68,43,21,47
10989,68,42,21,47
10990,68,43,21,47
10991,99,66,33,66
10992,42,23,11,31
10993,130,90,45,85
10994,99,67,33,66
10995,99,66,33,66
10996,42,23,11,31
10997,42,22,11,31
10998,68,43,21,47
10999,68,42,21,47
11000,42,23,11,31
11001,68,42,21,47
11002,42,23,11,31
11003,73,46,23,50
11004,174,125,62,112
11005,174,124,62,112
11006,174,125,62,112
11007,73,46,23,50
11008,37,19,9,28
11009,192,138,69,123
11010,192,139,69,123
11011,192,138,69,123
11012,130,91,45,85
11013,130,90,45,85
11014,130,91,45,85
11015,68,42,21,47
11016,161,115,57,104
11017,161,114,57,104
11018,161,115,57,104
11019,143,100,50,93
11020,161,115,57,104
11021,161,114,57,104
11022,130,91,45,85
11023,130,90,45,85
11024,130,91,45,85
11025,161,114,57,104
11026,99,67,33,66
11027,99,66,33,66
11028,130,91,45,85
11029,130,90,45,85
11030,161,115,57,104
11031,161,114,57,104
11032,130,91,45,85
11033,99,66,33,66
11034,130,91,45,85
11035,99,66,33,66
11036,161,115,57,104
11037,161,114,57,104
11038,161,115,57,104
11039,143,100,50,93
11040,130,91,45,85
11041,161,114,57,104
11042,130,91,45,85
11043,130,90,45,85
11044,130,91,45,85
11045,130,90,45,85
11046,130,91,45,85
11047,68,42,21,47
11048,130,91,45,85
11049,68,42,21,47
11050,130,91,45,85
11051,117,80,40,77
11052,42,23,11,31
11053,42,22,11,31
11054,42,23,11,31
11055,99,66,33,66
11056,130,91,45,85
11057,42,22,11,31
11058,42,23,11,31
11059,42,22,11,31
11060,130,91,45,85
11061,130,90,45,85
11062,42,23,11,31
11063,42,22,11,31
11064,99,67,33,66
11065,161,114,57,104
11066,99,67,33,66
11067,42,22,11,31
11068,99,67,33,66
11069,99,66,33,66
11070,130,91,45,85
11071,130,90,45,85
11072,37,19,9,28
11073,130,90,45,85
11074,68,43,21,47
11075,68,42,21,47
11076,68,43,21,47
11077,68,42,21,47
11078,68,43,21,47
11079,42,22,11,31
11080,68,43,21,47
11081,68,42,21,47
11082,68,43,21,47
11083,68,42,21,47
11084,68,43,21,47
11085,68,42,21,47
11086,205,149,74,131
11087,205,148,74,131
11088,37,19,9,28
11089,55,32,16,39
11090,55,33,16,39
11091,55,32,16,39
11092,37,19,9,28
11093,37,18,9,28
11094,55,33,16,39
11095,55,32,16,39
11096,68,43,21,47
11097,68,42,21,47
11098,68,43,21,47
11099,91,60,30,61
11100,68,43,21,47
11101,68,42,21,47
11102,68,43,21,47
11103,68,42,21,47
11104,130,91,45,85
11105,192,138,69,123
11106,130,91,45,85
11107,130,90,45,85
11108,130,91,45,85
11109,130,90,45,85
11110,130,91,45,85
11111,55,32,16,39
11112,130,91,45,85
11113,117,80,40,77
11114,130,91,45,85
11115,161,114,57,104
11116,161,115,57,104
11117,161,114,57,104
11118,161,115,57,104
11119,161,114,57,104
11120,130,91,45,85
11121,130,90,45,85
11122,130,91,45,85
11123,130,90,45,85
11124,130,91,45,85
11125,130,90,45,85
11126,117,81,40,77
11127,117,80,40,77
11128,117,81,40,77
11129,68,42,21,47
11130,117,81,40,77
11131,73,46,23,50
11132,117,81,40,77
11133,117,80,40,77
11134,236,173,86,150
11135,236,172,86,150
11136,37,19,9,28
11137,91,60,30,61
11138,130,91,45,85
11139,130,90,45,85
11140,68,43,21,47
11141,68,42,21,47
11142,68,43,21,47
11143,130,90,45,85
11144,37,19,9,28
11145,143,100,50,93
11146,37,19,9,28
11147,68,42,21,47
11148,37,19,9,28
11149,37,18,9,28
11150,68,43,21,47
11151,68,42,21,47
11152,130,91,45,85
11153,42,22,11,31
11154,42,23,11,31
11155,42,22,11,31
11156,130,91,45,85
11157,130,90,45,85
11158,42,23,11,31
11159,42,22,11,31
11160,130,91,45,85
11161,42,22,11,31
11162,130,91,45,85
11163,112,76,38,74
11164,68,43,21,47
11165,68,42,21,47
11166,68,43,21,47
11167,68,42,21,47
11168,37,19,9,28
11169,161,114,57,104
11170,130,91,45,85
11171,130,90,45,85
11172,112,77,38,74
11173,112,76,38,74
11174,112,77,38,74
11175,117,80,40,77
11176,37,19,9,28
11177,161,114,57,104
11178,37,19,9,28
11179,42,22,11,31
11180,68,43,21,47
11181,68,42,21,47
11182,68,43,21,47
11183,68,42,21,47
11184,68,43,21,47
11185,68,42,21,47
11186,68,43,21,47
11187,68,42,21,47
11188,68,43,21,47
11189,68,42,21,47
11190,130,91,45,85
11191,130,90,45,85
11192,68,43,21,47
11193,68,42,21,47
11194,68,43,21,47
11195,68,42,21,47
11196,68,43,21,47
11197,68,42,21,47
11198,68,43,21,47
11199,73,46,23,50
11200,86,57,28,58
11201,68,42,21,47
11202,68,43,21,47
11203,68,42,21,47
11204,37,19,9,28
11205,37,18,9,28
11206,37,19,9,28
11207,68,42,21,47
11208,99,67,33,66
11209,68,42,21,47
11210,99,67,33,66
11211,68,42,21,47
11212,99,67,33,66
11213,99,66,33,66
11214,68,43,21,47
11215,68,42,21,47
11216,86,57,28,58
11217,99,66,33,66
11218,112,77,38,74
11219,112,76,38,74
11220,86,57,28,58
11221,86,56,28,58
11222,161,115,57,104
11223,161,114,57,104
11224,130,91,45,85
11225,37,18,9,28
11226,130,91,45,85
11227,68,42,21,47
11228,130,91,45,85
11229,130,90,45,85
11230,68,43,21,47
11231,68,42,21,47
11232,86,57,28,58
11233,205,148,74,131
11234,86,57,28,58
11235,86,56,28,58
11236,161,115,57,104
11237,161,114,57,104
11238,161,115,57,104
11239,60,36,18,42
11240,86,57,28,58
11241,99,66,33,66
11242,86,57,28,58
11243,68,42,21,47
11244,60,37,18,42
11245,60,36,18,42
11246,60,37,18,42
11247,60,36,18,42
11248,174,125,62,112
11249,86,56,28,58
11250,161,115,57,104
11251,161,114,57,104
11252,174,125,62,112
11253,174,124,62,112
11254,60,37,18,42
11255,60,36,18,42
11256,174,125,62,112
11257,112,76,38,74
11258,174,125,62,112
11259,60,36,18,42
11260,161,115,57,104
11261,161,114,57,104
11262,161,115,57,104
11263,205,148,74,131
11264,24,9,4,20
11265,60,36,18,42
11266,60,37,18,42
11267,60,36,18,42
11268,86,57,28,58
11269,86,56,28,58
11270,86,57,28,58
11271,60,36,18,42
11272,86,57,28,58
11273,205,148,74,131
11274,86,57,28,58
11275,86,56,28,58
11276,86,57,28,58
11277,86,56,28,58
11278,86,57,28,58
11279,86,56,28,58
11280,37,19,9,28
11281,86,56,28,58
11282,42,23,11,31
11283,42,22,11,31
11284,37,19,9,28
11285,37,18,9,28
11286,86,57,28,58
11287,86,56,28,58
11288,37,19,9,28
11289,205,148,74,131
11290,37,19,9,28
11291,148,104,52,96
11292,60,37,18,42
11293,60,36,18,42
11294,60,37,18,42
11295,60,36,18,42
11296,130,91,45,85
11297,60,36,18,42
11298,37,19,9,28
11299,37,18,9,28
11300,86,57,28,58
11301,86,56,28,58
11302,86,57,28,58
11303,86,56,28,58
11304,130,91,45,85
11305,86,56,28,58
11306,130,91,45,85
11307,112,76,38,74
11308,112,77,38,74
11309,112,76,38,74
11310,112,77,38,74
11311,86,56,28,58
11312,130,91,45,85
11313,112,76,38,74
11314,112,77,38,74
11315,112,76,38,74
11316,130,91,45,85
11317,130,90,45,85
11318,68,43,21,47
11319,68,42,21,47
11320,37,19,9,28
11321,112,76,38,74
11322,37,19,9,28
11323,112,76,38,74
11324,37,19,9,28
11325,37,18,9,28
11326,86,57,28,58
11327,86,56,28,58
11328,37,19,9,28
11329,130,90,45,85
11330,130,91,45,85
11331,130,90,45,85
11332,130,91,45,85
11333,130,90,45,85
11334,130,91,45,85
11335,86,56,28,58
11336,81,53,26,55
11337,86,56,28,58
11338,81,53,26,55
11339,130,90,45,85
11340,81,53,26,55
11341,81,52,26,55
11342,81,53,26,55
11343,81,52,26,55
11344,37,19,9,28
11345,81,52,26,55
11346,205,149,74,131
11347,205,148,74,131
11348,37,19,9,28
11349,37,18,9,28
11350,130,91,45,85
11351,130,90,45,85
11352,130,91,45,85
11353,42,22,11,31
11354,130,91,45,85
11355,161,114,57,104
11356,130,91,45,85
11357,130,90,45,85
11358,161,115,57,104
11359,161,114,57,104
11360,37,19,9,28
11361,81,52,26,55
11362,81,53,26,55
11363,81,52,26,55
11364,81,53,26,55
11365,81,52,26,55
11366,81,53,26,55
11367,143,100,50,93
11368,37,19,9,28
11369,130,90,45,85
11370,37,19,9,28
11371,81,52,26,55
11372,174,125,62,112
11373,174,124,62,112
11374,174,125,62,112
11375,81,52,26,55
11376,68,43,21,47
11377,37,18,9,28
11378,130,91,45,85
11379,130,90,45,85
11380,68,43,21,47
11381,68,42,21,47
11382,174,125,62,112
11383,174,124,62,112
11384,68,43,21,47
11385,130,90,45,85
11386,68,43,21,47
11387,174,124,62,112
11388,174,125,62,112
11389,174,124,62,112
11390,174,125,62,112
11391,205,148,74,131
11392,37,19,9,28
11393,130,90,45,85
11394,68,43,21,47
11395,68,42,21,47
11396,68,43,21,47
11397,68,42,21,47
11398,68,43,21,47
11399,55,32,16,39
11400,29,13,6,23
11401,81,52,26,55
11402,29,13,6,23
11403,55,32,16,39
11404,29,13,6,23
11405,29,12,6,23
11406,55,33,16,39
11407,55,32,16,39
11408,29,13,6,23
11409,81,52,26,55
11410,81,53,26,55
11411,81,52,26,55
11412,29,13,6,23
11413,29,12,6,23
11414,29,13,6,23
11415,29,12,6,23
11416,29,13,6,23
11417,130,90,45,85
11418,29,13,6,23
11419,81,52,26,55
11420,130,91,45,85
11421,130,90,45,85
11422,130,91,45,85
11423,55,32,16,39
11424,37,19,9,28
11425,81,52,26,55
11426,174,125,62,112
11427,174,124,62,112
11428,174,125,62,112
11429,174,124,62,112
11430,174,125,62,112
11431,174,124,62,112
11432,37,19,9,28
11433,130,90,45,85
11434,37,19,9,28
11435,68,42,21,47
11436,81,53,26,55
11437,81,52,26,55
11438,81,53,26,55
11439,55,32,16,39
11440,29,13,6,23
11441,81,52,26,55
11442,81,53,26,55
11443,81,52,26,55
11444,29,13,6,23
11445,29,12,6,23
11446,174,125,62,112
11447,174,124,62,112
11448,29,13,6,23
11449,130,90,45,85
11450,29,13,6,23
11451,130,90,45,85
11452,81,53,26,55
11453,81,52,26,55
11454,81,53,26,55
11455,143,100,50,93
11456,37,19,9,28
11457,29,12,6,23
11458,29,13,6,23
11459,29,12,6,23
11460,29,13,6,23
11461,29,12,6,23
11462,29,13,6,23
11463,68,42,21,47
11464,29,13,6,23
11465,68,42,21,47
11466,29,13,6,23
11467,68,42,21,47
11468,29,13,6,23
11469,29,12,6,23
11470,174,125,62,112
11471,174,124,62,112
11472,37,19,9,28
11473,112,76,38,74
11474,112,77,38,74
11475,112,76,38,74
11476,37,19,9,28
11477,37,18,9,28
11478,174,125,62,112
11479,174,124,62,112
11480,81,53,26,55
11481,81,52,26,55
11482,81,53,26,55
11483,81,52,26,55
11484,81,53,26,55
11485,81,52,26,55
11486,81,53,26,55
11487,81,52,26,55
11488,55,33,16,39
11489,174,124,62,112
11490,37,19,9,28
11491,37,18,9,28
11492,174,125,62,112
11493,174,124,62,112
11494,174,125,62,112
11495,86,56,28,58
11496,55,33,16,39
11497,81,52,26,55
11498,55,33,16,39
11499,143,100,50,93
11500,55,33,16,39
11501,55,32,16,39
11502,55,33,16,39
11503,236,172,86,150
11504,55,33,16,39
11505,55,32,16,39
11506,130,91,45,85
11507,130,90,45,85
11508,55,33,16,39
11509,55,32,16,39
11510,55,33,16,39
11511,55,32,16,39
11512,130,91,45,85
11513,174,124,62,112
11514,130,91,45,85
11515,112,76,38,74
11516,130,91,45,85
11517,130,90,45,85
11518,112,77,38,74
11519,112,76,38,74
11520,24,9,4,20
11521,174,124,62,112
11522,174,125,62,112
11523,174,124,62,112
11524,37,19,9,28
11525,37,18,9,28
11526,37,19,9,28
11527,99,66,33,66
11528,143,101,50,93
11529,55,32,16,39
11530,143,101,50,93
11531,55,32,16,39
11532,143,101,50,93
11533,143,100,50,93
11534,55,33,16,39
11535,55,32,16,39
11536,50,29,14,36
11537,143,100,50,93
11538,174,125,62,112
11539,174,124,62,112
11540,50,29,14,36
11541,50,28,14,36
11542,143,101,50,93
11543,143,100,50,93
11544,50,29,14,36
11545,55,32,16,39
11546,50,29,14,36
11547,174,124,62,112
11548,130,91,45,85
11549,130,90,45,85
11550,130,91,45,85
11551,143,100,50,93
11552,50,29,14,36
11553,143,100,50,93
11554,143,101,50,93
11555,143,100,50,93
11556,143,101,50,93
11557,143,100,50,93
11558,143,101,50,93
11559,130,90,45,85
11560,50,29,14,36
11561,68,42,21,47
11562,50,29,14,36
11563,143,100,50,93
11564,50,29,14,36
11565,50,28,14,36
11566,50,29,14,36
11567,130,90,45,85
11568,50,29,14,36
11569,81,52,26,55
11570,81,53,26,55
11571,81,52,26,55
11572,50,29,14,36
11573,50,28,14,36
11574,81,53,26,55
11575,81,52,26,55
11576,55,33,16,39
11577,112,76,38,74
11578,55,33,16,39
11579,50,28,14,36
11580,55,33,16,39
11581,55,32,16,39
11582,112,77,38,74
11583,112,76,38,74
11584,24,9,4,20
11585,50,28,14,36
11586,55,33,16,39
11587,55,32,16,39
11588,143,101,50,93
11589,143,100,50,93
11590,143,101,50,93
11591,86,56,28,58
11592,143,101,50,93
11593,187,134,67,120
11594,143,101,50,93
11595,143,100,50,93
11596,143,101,50,93
11597,143,100,50,93
11598,205,149,74,131
11599,205,148,74,131
11600,24,9,4,20
11601,81,52,26,55
11602,81,53,26,55
11603,81,52,26,55
11604,24,9,4,20
11605,24,8,4,20
11606,174,125,62,112
11607,174,124,62,112
11608,143,101,50,93
11609,143,100,50,93
11610,143,101,50,93
11611,143,100,50,93
11612,143,101,50,93
11613,143,100,50,93
11614,112,77,38,74
11615,112,76,38,74
11616,50,29,14,36
11617,143,100,50,93
11618,50,29,14,36
11619,50,28,14,36
11620,50,29,14,36
11621,50,28,14,36
11622,50,29,14,36
11623,161,114,57,104
11624,50,29,14,36
11625,174,124,62,112
11626,50,29,14,36
11627,174,124,62,112
11628,143,101,50,93
11629,143,100,50,93
11630,143,101,50,93
11631,174,124,62,112
11632,50,29,14,36
11633,50,28,14,36
11634,143,101,50,93
11635,143,100,50,93
11636,50,29,14,36
11637,50,28,14,36
11638,143,101,50,93
11639,143,100,50,93
11640,143,101,50,93
11641,130,90,45,85
11642,143,101,50,93
11643,55,32,16,39
11644,143,101,50,93
11645,143,100,50,93
11646,143,101,50,93
11647,143,100,50,93
11648,99,67,33,66
11649,143,100,50,93
11650,50,29,14,36
11651,50,28,14,36
11652,112,77,38,74
11653,112,76,38,74
11654,112,77,38,74
11655,50,28,14,36
11656,37,19,9,28
11657,112,76,38,74
11658,37,19,9,28
11659,112,76,38,74
11660,37,19,9,28
11661,37,18,9,28
11662,50,29,14,36
11663,50,28,14,36
11664,37,19,9,28
11665,81,52,26,55
11666,81,53,26,55
11667,81,52,26,55
11668,37,19,9,28
11669,37,18,9,28
11670,81,53,26,55
11671,81,52,26,55
11672,37,19,9,28
11673,81,52,26,55
11674,37,19,9,28
11675,81,52,26,55
11676,218,159,79,139
11677,218,158,79,139
11678,218,159,79,139
11679,81,52,26,55
11680,99,67,33,66
11681,68,42,21,47
11682,81,53,26,55
11683,81,52,26,55
11684,81,53,26,55
11685,81,52,26,55
11686,81,53,26,55
11687,68,42,21,47
11688,99,67,33,66
11689,81,52,26,55
11690,99,67,33,66
11691,104,70,35,69
11692,143,101,50,93
11693,143,100,50,93
11694,143,101,50,93
11695,81,52,26,55
11696,143,101,50,93
11697,143,100,50,93
11698,143,101,50,93
11699,143,100,50,93
11700,143,101,50,93
11701,143,100,50,93
11702,143,101,50,93
11703,143,100,50,93
11704,143,101,50,93
11705,143,100,50,93
11706,143,101,50,93
11707,143,100,50,93
11708,174,125,62,112
11709,174,124,62,112
11710,174,125,62,112
11711,81,52,26,55
11712,99,67,33,66
11713,143,100,50,93
11714,143,101,50,93
11715,143,100,50,93
11716,99,67,33,66
11717,99,66,33,66
11718,99,67,33,66
11719,143,100,50,93
11720,37,19,9,28
11721,130,90,45,85
11722,37,19,9,28
11723,130,90,45,85
11724,37,19,9,28
11725,37,18,9,28
11726,130,91,45,85
11727,130,90,45,85
11728,99,67,33,66
11729,37,18,9,28
11730,104,71,35,69
11731,104,70,35,69
11732,99,67,33,66
11733,99,66,33,66
11734,81,53,26,55
11735,81,52,26,55
11736,143,101,50,93
11737,143,100,50,93
11738,143,101,50,93
11739,50,28,14,36
11740,143,101,50,93
11741,143,100,50,93
11742,81,53,26,55
11743,81,52,26,55
11744,50,29,14,36
11745,81,52,26,55
11746,99,67,33,66
11747,99,66,33,66
11748,55,33,16,39
11749,55,32,16,39
11750,55,33,16,39
11751,55,32,16,39
11752,50,29,14,36
11753,55,32,16,39
11754,50,29,14,36
11755,156,110,55,101
11756,81,53,26,55
11757,81,52,26,55
11758,81,53,26,55
11759,81,52,26,55
11760,50,29,14,36
11761,50,28,14,36
11762,50,29,14,36
11763,50,28,14,36
11764,50,29,14,36
11765,50,28,14,36
11766,143,101,50,93
11767,143,100,50,93
11768,174,125,62,112
11769,125,86,43,82
11770,174,125,62,112
11771,125,86,43,82
11772,174,125,62,112
11773,174,124,62,112
11774,125,87,43,82
11775,125,86,43,82
11776,24,9,4,20
11777,81,52,26,55
11778,99,67,33,66
11779,99,66,33,66
11780,81,53,26,55
11781,81,52,26,55
11782,81,53,26,55
11783,81,52,26,55
11784,99,67,33,66
11785,81,52,26,55
11786,99,67,33,66
11787,81,52,26,55
11788,99,67,33,66
11789,99,66,33,66
11790,81,53,26,55
11791,81,52,26,55
11792,143,101,50,93
11793,99,66,33,66
11794,81,53,26,55
11795,81,52,26,55
11796,143,101,50,93
11797,143,100,50,93
11798,50,29,14,36
11799,50,28,14,36
11800,143,101,50,93
11801,50,28,14,36
11802,143,101,50,93
11803,81,52,26,55
11804,99,67,33,66
11805,99,66,33,66
11806,99,67,33,66
11807,81,52,26,55
11808,24,9,4,20
11809,112,76,38,74
11810,143,101,50,93
11811,143,100,50,93
11812,125,87,43,82
11813,125,86,43,82
11814,125,87,43,82
11815,99,66,33,66
11816,24,9,4,20
11817,81,52,26,55
11818,24,9,4,20
11819,143,100,50,93
11820,143,101,50,93
11821,143,100,50,93
11822,143,101,50,93
11823,112,76,38,74
11824,24,9,4,20
11825,81,52,26,55
11826,81,53,26,55
11827,81,52,26,55
11828,24,9,4,20
11829,24,8,4,20
11830,174,125,62,112
11831,174,124,62,112
11832,99,67,33,66
11833,99,66,33,66
11834,99,67,33,66
11835,174,124,62,112
11836,99,67,33,66
11837,99,66,33,66
11838,174,125,62,112
11839,174,124,62,112
11840,50,29,14,36
11841,187,134,67,120
11842,187,135,67,120
11843,187,134,67,120
11844,37,19,9,28
11845,37,18,9,28
11846,37,19,9,28
11847,73,46,23,50
11848,37,19,9,28
11849,99,66,33,66
11850,37,19,9,28
11851,37,18,9,28
11852,37,19,9,28
11853,37,18,9,28
11854,73,47,23,50
11855,73,46,23,50
11856,50,29,14,36
11857,187,134,67,120
11858,187,135,67,120
11859,187,134,67,120
11860,50,29,14,36
11861,50,28,14,36
11862,37,19,9,28
11863,37,18,9,28
11864,143,101,50,93
11865,73,46,23,50
11866,143,101,50,93
11867,73,46,23,50
11868,143,101,50,93
11869,143,100,50,93
11870,99,67,33,66
11871,99,66,33,66
11872,50,29,14,36
11873,99,66,33,66
11874,143,101,50,93
11875,143,100,50,93
11876,143,101,50,93
11877,143,100,50,93
11878,143,101,50,93
11879,73,46,23,50
11880,50,29,14,36
11881,99,66,33,66
11882,50,29,14,36
11883,99,66,33,66
11884,50,29,14,36
11885,50,28,14,36
11886,50,29,14,36
11887,55,32,16,39
11888,99,67,33,66
11889,50,28,14,36
11890,50,29,14,36
11891,50,28,14,36
11892,99,67,33,66
11893,99,66,33,66
11894,143,101,50,93
11895,143,100,50,93
11896,99,67,33,66
11897,73,46,23,50
11898,99,67,33,66
11899,143,100,50,93
11900,50,29,14,36
11901,50,28,14,36
11902,50,29,14,36
11903,125,86,43,82
11904,24,9,4,20
11905,99,66,33,66
11906,50,29,14,36
11907,50,28,14,36
11908,143,101,50,93
11909,143,100,50,93
11910,143,101,50,93
11911,125,86,43,82
11912,50,29,14,36
11913,112,76,38,74
11914,50,29,14,36
11915,143,100,50,93
11916,50,29,14,36
11917,50,28,14,36
11918,125,87,43,82
11919,125,86,43,82
11920,94,63,31,63
11921,50,28,14,36
11922,50,29,14,36
11923,50,28,14,36
11924,94,63,31,63
11925,94,62,31,63
11926,50,29,14,36
11927,50,28,14,36
11928,94,63,31,63
11929,99,66,33,66
11930,94,63,31,63
11931,218,158,79,139
11932,143,101,50,93
11933,143,100,50,93
11934,143,101,50,93
11935,99,66,33,66
11936,24,9,4,20
11937,143,100,50,93
11938,94,63,31,63
11939,94,62,31,63
11940,143,101,50,93
11941,143,100,50,93
11942,143,101,50,93
11943,99,66,33,66
11944,24,9,4,20
11945,249,182,91,158
11946,24,9,4,20
11947,94,62,31,63
11948,50,29,14,36
11949,50,28,14,36
11950,50,29,14,36
11951,94,62,31,63
11952,50,29,14,36
11953,50,28,14,36
11954,50,29,14,36
11955,50,28,14,36
11956,50,29,14,36
11957,50,28,14,36
11958,55,33,16,39
11959,55,32,16,39
11960,50,29,14,36
11961,143,100,50,93
11962,50,29,14,36
11963,143,100,50,93
11964,50,29,14,36
11965,50,28,14,36
11966,50,29,14,36
11967,143,100,50,93
11968,50,29,14,36
11969,50,28,14,36
11970,94,63,31,63
11971,94,62,31,63
11972,50,29,14,36
11973,50,28,14,36
11974,50,29,14,36
11975,50,28,14,36
11976,50,29,14,36
11977,187,134,67,120
11978,50,29,14,36
11979,187,134,67,120
11980,50,29,14,36
11981,50,28,14,36
11982,94,63,31,63
11983,94,62,31,63
11984,50,29,14,36
11985,81,52,26,55
11986,81,53,26,55
11987,81,52,26,55
11988,50,29,14,36
11989,50,28,14,36
11990,81,53,26,55
11991,81,52,26,55
11992,50,29,14,36
11993,50,28,14,36
11994,50,29,14,36
11995,187,134,67,120
11996,50,29,14,36
11997,50,28,14,36
11998,187,135,67,120
11999,187,134,67,120
12000,50,29,14,36
12001,143,100,50,93
12002,50,29,14,36
12003,50,28,14,36
12004,42,23,11,31
12005,42,22,11,31
12006,42,23,11,31
12007,68,42,21,47
12008,50,29,14,36
12009,81,52,26,55
12010,50,29,14,36
12011,42,22,11,31
12012,42,23,11,31
12013,42,22,11,31
12014,42,23,11,31
12015,94,62,31,63
12016,143,101,50,93
12017,50,28,14,36
12018,94,63,31,63
12019,94,62,31,63
12020,143,101,50,93
12021,143,100,50,93
12022,42,23,11,31
12023,42,22,11,31
12024,143,101,50,93
12025,42,22,11,31
12026,143,101,50,93
12027,143,100,50,93
12028,156,111,55,101
12029,156,110,55,101
12030,156,111,55,101
12031,99,66,33,66
12032,112,77,38,74
12033,50,28,14,36
12034,187,135,67,120
12035,187,134,67,120
12036,42,23,11,31
12037,42,22,11,31
12038,42,23,11,31
12039,187,134,67,120
12040,42,23,11,31
12041,187,134,67,120
12042,42,23,11,31
12043,50,28,14,36
12044,42,23,11,31
12045,42,22,11,31
12046,42,23,11,31
12047,42,22,11,31
12048,24,9,4,20
12049,42,22,11,31
12050,94,63,31,63
12051,94,62,31,63
12052,24,9,4,20
12053,24,8,4,20
12054,187,135,67,120
12055,187,134,67,120
12056,24,9,4,20
12057,187,134,67,120
12058,24,9,4,20
12059,187,134,67,120
12060,94,63,31,63
12061,94,62,31,63
12062,94,63,31,63
12063,143,100,50,93
12064,68,43,21,47
12065,50,28,14,36
12066,42,23,11,31
12067,42,22,11,31
12068,42,23,11,31
12069,42,22,11,31
12070,42,23,11,31
12071,42,22,11,31
12072,68,43,21,47
12073,42,22,11,31
12074,68,43,21,47
12075,42,22,11,31
12076,68,43,21,47
12077,68,42,21,47
12078,68,43,21,47
12079,42,22,11,31
12080,68,43,21,47
12081,68,42,21,47
12082,68,43,21,47
12083,68,42,21,47
12084,68,43,21,47
12085,68,42,21,47
12086,125,87,43,82
12087,125,86,43,82
12088,94,63,31,63
12089,50,28,14,36
12090,94,63,31,63
12091,94,62,31,63
12092,94,63,31,63
12093,94,62,31,63
12094,94,63,31,63
12095,94,62,31,63
12096,112,77,38,74
12097,68,42,21,47
12098,68,43,21,47
12099,68,42,21,47
12100,68,43,21,47
12101,68,42,21,47
12102,68,43,21,47
12103,187,134,67,120
12104,68,43,21,47
12105,187,134,67,120
12106,68,43,21,47
12107,68,42,21,47
12108,68,43,21,47
12109,68,42,21,47
12110,94,63,31,63
12111,94,62,31,63
12112,112,77,38,74
12113,68,42,21,47
12114,187,135,67,120
12115,187,134,67,120
12116,112,77,38,74
12117,112,76,38,74
12118,143,101,50,93
12119,143,100,50,93
12120,143,101,50,93
12121,143,100,50,93
12122,143,101,50,93
12123,81,52,26,55
12124,143,101,50,93
12125,143,100,50,93
12126,143,101,50,93
12127,143,100,50,93
12128,63,39,19,44
12129,125,86,43,82
12130,24,9,4,20
12131,24,8,4,20
12132,24,9,4,20
12133,24,8,4,20
12134,24,9,4,20
12135,249,182,91,158
12136,63,39,19,44
12137,187,134,67,120
12138,63,39,19,44
12139,50,28,14,36
12140,156,111,55,101
12141,156,110,55,101
12142,156,111,55,101
12143,112,76,38,74
12144,63,39,19,44
12145,63,38,19,44
12146,63,39,19,44
12147,63,38,19,44
12148,63,39,19,44
12149,63,38,19,44
12150,63,39,19,44
12151,63,38,19,44
12152,156,111,55,101
12153,156,110,55,101
12154,156,111,55,101
12155,187,134,67,120
12156,156,111,55,101
12157,156,110,55,101
12158,68,43,21,47
12159,68,42,21,47
12160,112,77,38,74
12161,63,38,19,44
12162,63,39,19,44
12163,63,38,19,44
12164,156,111,55,101
12165,156,110,55,101
12166,156,111,55,101
12167,63,38,19,44
12168,112,77,38,74
12169,156,110,55,101
12170,112,77,38,74
12171,156,110,55,101
12172,112,77,38,74
12173,112,76,38,74
12174,156,111,55,101
12175,156,110,55,101
12176,37,19,9,28
12177,63,38,19,44
12178,63,39,19,44
12179,63,38,19,44
12180,37,19,9,28
12181,37,18,9,28
12182,37,19,9,28
12183,37,18,9,28
12184,37,19,9,28
12185,37,18,9,28
12186,37,19,9,28
12187,94,62,31,63
12188,63,39,19,44
12189,63,38,19,44
12190,63,39,19,44
12191,187,134,67,120
12192,112,77,38,74
12193,68,42,21,47
12194,37,19,9,28
12195,37,18,9,28
12196,125,87,43,82
12197,125,86,43,82
12198,125,87,43,82
12199,156,110,55,101
12200,112,77,38,74
12201,94,62,31,63
12202,112,77,38,74
12203,63,38,19,44
12204,156,111,55,101
12205,156,110,55,101
12206,156,111,55,101
12207,156,110,55,101
12208,156,111,55,101
12209,112,76,38,74
12210,112,77,38,74
12211,112,76,38,74
12212,156,111,55,101
12213,156,110,55,101
12214,156,111,55,101
12215,156,110,55,101
12216,156,111,55,101
12217,37,18,9,28
12218,156,111,55,101
12219,37,18,9,28
12220,94,63,31,63
12221,94,62,31,63
12222,94,63,31,63
12223,94,62,31,63
12224,50,29,14,36
12225,156,110,55,101
12226,156,111,55,101
12227,156,110,55,101
12228,112,77,38,74
12229,112,76,38,74
12230,112,77,38,74
12231,156,110,55,101
12232,63,39,19,44
12233,125,86,43,82
12234,63,39,19,44
12235,112,76,38,74
12236,63,39,19,44
12237,63,38,19,44
12238,63,39,19,44
12239,63,38,19,44
12240,50,29,14,36
12241,63,38,19,44
12242,174,125,62,112
12243,174,124,62,112
12244,50,29,14,36
12245,50,28,14,36
12246,187,135,67,120
12247,187,134,67,120
12248,63,39,19,44
12249,112,76,38,74
12250,63,39,19,44
12251,156,110,55,101
12252,63,39,19,44
12253,63,38,19,44
12254,63,39,19,44
12255,63,38,19,44
12256,50,29,14,36
12257,94,62,31,63
12258,50,29,14,36
12259,50,28,14,36
12260,156,111,55,101
12261,156,110,55,101
12262,156,111,55,101
12263,143,100,50,93
12264,50,29,14,36
12265,68,42,21,47
12266,50,29,14,36
12267,125,86,43,82
12268,63,39,19,44
12269,63,38,19,44
12270,63,39,19,44
12271,156,110,55,101
12272,63,39,19,44
12273,50,28,14,36
12274,125,87,43,82
12275,125,86,43,82
12276,63,39,19,44
12277,63,38,19,44
12278,125,87,43,82
12279,125,86,43,82
12280,63,39,19,44
12281,125,86,43,82
12282,63,39,19,44
12283,68,42,21,47
12284,156,111,55,101
12285,156,110,55,101
12286,156,111,55,101
12287,156,110,55,101
12288,19,5,2,17
12289,50,28,14,36
12290,50,29,14,36
12291,50,28,14,36
12292,112,77,38,74
12293,112,76,38,74
12294,112,77,38,74
12295,50,28,14,36
12296,156,111,55,101
12297,50,28,14,36
12298,156,111,55,101
12299,112,76,38,74
12300,156,111,55,101
12301,156,110,55,101
12302,112,77,38,74
12303,112,76,38,74
12304,37,19,9,28
12305,156,110,55,101
12306,94,63,31,63
12307,94,62,31,63
12308,37,19,9,28
12309,37,18,9,28
12310,156,111,55,101
12311,156,110,55,101
12312,37,19,9,28
12313,112,76,38,74
12314,37,19,9,28
12315,94,62,31,63
12316,156,111,55,101
12317,156,110,55,101
12318,156,111,55,101
12319,94,62,31,63
12320,37,19,9,28
12321,156,110,55,101
12322,37,19,9,28
12323,37,18,9,28
12324,156,111,55,101
12325,156,110,55,101
12326,156,111,55,101
12327,156,110,55,101
12328,37,19,9,28
12329,187,134,67,120
12330,37,19,9,28
12331,187,134,67,120
12332,37,19,9,28
12333,37,18,9,28
12334,37,19,9,28
12335,187,134,67,120
12336,37,19,9,28
12337,112,76,38,74
12338,112,77,38,74
12339,112,76,38,74
12340,37,19,9,28
12341,37,18,9,28
12342,262,193,96,166
12343,262,192,96,166
12344,112,77,38,74
12345,50,28,14,36
12346,112,77,38,74
12347,50,28,14,36
12348,112,77,38,74
12349,112,76,38,74
12350,143,101,50,93
12351,143,100,50,93
12352,125,87,43,82
12353,112,76,38,74
12354,112,77,38,74
12355,112,76,38,74
12356,37,19,9,28
12357,37,18,9,28
12358,37,19,9,28
12359,156,110,55,101
12360,63,39,19,44
12361,94,62,31,63
12362,63,39,19,44
12363,37,18,9,28
12364,63,39,19,44
12365,63,38,19,44
12366,156,111,55,101
12367,156,110,55,101
12368,125,87,43,82
12369,63,38,19,44
12370,94,63,31,63
12371,94,62,31,63
12372,125,87,43,82
12373,125,86,43,82
12374,63,39,19,44
12375,63,38,19,44
12376,37,19,9,28
12377,63,38,19,44
12378,37,19,9,28
12379,68,42,21,47
12380,37,19,9,28
12381,37,18,9,28
12382,169,121,60,109
12383,169,120,60,109
12384,125,87,43,82
12385,94,62,31,63
12386,187,135,67,120
12387,187,134,67,120
12388,187,135,67,120
12389,187,134,67,120
12390,187,135,67,120
12391,63,38,19,44
12392,125,87,43,82
12393,63,38,19,44
12394,125,87,43,82
12395,156,110,55,101
12396,138,97,48,90
12397,138,96,48,90
12398,138,97,48,90
12399,262,192,96,166
12400,156,111,55,101
12401,125,86,43,82
12402,37,19,9,28
12403,37,18,9,28
12404,156,111,55,101
12405,156,110,55,101
12406,94,63,31,63
12407,94,62,31,63
12408,156,111,55,101
12409,94,62,31,63
12410,156,111,55,101
12411,94,62,31,63
12412,94,63,31,63
12413,94,62,31,63
12414,94,63,31,63
12415,94,62,31,63
12416,125,87,43,82
12417,112,76,38,74
12418,156,111,55,101
12419,156,110,55,101
12420,156,111,55,101
12421,156,110,55,101
12422,156,111,55,101
12423,94,62,31,63
12424,125,87,43,82
12425,94,62,31,63
12426,125,87,43,82
12427,63,38,19,44
12428,125,87,43,82
12429,125,86,43,82
12430,63,39,19,44
12431,63,38,19,44
12432,37,19,9,28
12433,112,76,38,74
12434,112,77,38,74
12435,112,76,38,74
12436,37,19,9,28
12437,37,18,9,28
12438,125,87,43,82
12439,125,86,43,82
12440,37,19,9,28
12441,138,96,48,90
12442,37,19,9,28
12443,94,62,31,63
12444,37,19,9,28
12445,37,18,9,28
12446,37,19,9,28
12447,187,134,67,120
12448,125,87,43,82
12449,156,110,55,101
12450,37,19,9,28
12451,37,18,9,28
12452,94,63,31,63
12453,94,62,31,63
12454,94,63,31,63
12455,125,86,43,82
12456,125,87,43,82
12457,63,38,19,44
12458,125,87,43,82
12459,37,18,9,28
12460,63,39,19,44
12461,63,38,19,44
12462,63,39,19,44
12463,187,134,67,120
12464,63,39,19,44
12465,63,38,19,44
12466,63,39,19,44
12467,63,38,19,44
12468,63,39,19,44
12469,63,38,19,44
12470,187,135,67,120
12471,187,134,67,120
12472,63,39,19,44
12473,200,144,72,128
12474,63,39,19,44
12475,200,144,72,128
12476,50,29,14,36
12477,50,28,14,36
12478,50,29,14,36
12479,86,56,28,58
12480,125,87,43,82
12481,50,28,14,36
12482,50,29,14,36
12483,50,28,14,36
12484,63,39,19,44
12485,63,38,19,44
12486,63,39,19,44
12487,86,56,28,58
12488,63,39,19,44
12489,63,38,19,44
12490,63,39,19,44
12491,63,38,19,44
12492,63,39,19,44
12493,63,38,19,44
12494,187,135,67,120
12495,187,134,67,120
12496,125,87,43,82
12497,156,110,55,101
12498,156,111,55,101
12499,156,110,55,101
12500,125,87,43,82
12501,125,86,43,82
12502,112,77,38,74
12503,112,76,38,74
12504,156,111,55,101
12505,156,110,55,101
12506,156,111,55,101
12507,112,76,38,74
12508,156,111,55,101
12509,156,110,55,101
12510,112,77,38,74
12511,112,76,38,74
12512,125,87,43,82
12513,86,56,28,58
12514,125,87,43,82
12515,125,86,43,82
12516,112,77,38,74
12517,112,76,38,74
12518,112,77,38,74
12519,63,38,19,44
12520,125,87,43,82
12521,63,38,19,44
12522,125,87,43,82
12523,68,42,21,47
12524,112,77,38,74
12525,112,76,38,74
12526,112,77,38,74
12527,231,168,84,147
12528,125,87,43,82
12529,125,86,43,82
12530,86,57,28,58
12531,86,56,28,58
12532,125,87,43,82
12533,125,86,43,82
12534,63,39,19,44
12535,63,38,19,44
12536,63,39,19,44
12537,63,38,19,44
12538,63,39,19,44
12539,138,96,48,90
12540,63,39,19,44
12541,63,38,19,44
12542,112,77,38,74
12543,112,76,38,74
12544,32,15,7,25
12545,63,38,19,44
12546,63,39,19,44
12547,63,38,19,44
12548,37,19,9,28
12549,37,18,9,28
12550,37,19,9,28
12551,156,110,55,101
12552,37,19,9,28
12553,63,38,19,44
12554,37,19,9,28
12555,107,72,36,71
12556,37,19,9,28
12557,37,18,9,28
12558,107,73,36,71
12559,107,72,36,71
12560,125,87,43,82
12561,37,18,9,28
12562,63,39,19,44
12563,63,38,19,44
12564,125,87,43,82
12565,125,86,43,82
12566,156,111,55,101
12567,156,110,55,101
12568,125,87,43,82
12569,156,110,55,101
12570,125,87,43,82
12571,63,38,19,44
12572,107,73,36,71
12573,107,72,36,71
12574,107,73,36,71
12575,156,110,55,101
12576,63,39,19,44
12577,37,18,9,28
12578,63,39,19,44
12579,63,38,19,44
12580,63,39,19,44
12581,63,38,19,44
12582,63,39,19,44
12583,262,192,96,166
12584,63,39,19,44
12585,107,72,36,71
12586,63,39,19,44
12587,63,38,19,44
12588,125,87,43,82
12589,125,86,43,82
12590,125,87,43,82
12591,231,168,84,147
12592,63,39,19,44
12593,63,38,19,44
12594,63,39,19,44
12595,63,38,19,44
12596,63,39,19,44
12597,63,38,19,44
12598,63,39,19,44
12599,63,38,19,44
12600,63,39,19,44
12601,156,110,55,101
12602,63,39,19,44
12603,63,38,19,44
12604,63,39,19,44
12605,63,38,19,44
12606,156,111,55,101
12607,156,110,55,101
12608,32,15,7,25
12609,63,38,19,44
12610,63,39,19,44
12611,63,38,19,44
12612,63,39,19,44
12613,63,38,19,44
12614,63,39,19,44
12615,63,38,19,44
12616,94,63,31,63
12617,63,38,19,44
12618,94,63,31,63
12619,63,38,19,44
12620,94,63,31,63
12621,94,62,31,63
12622,107,73,36,71
12623,107,72,36,71
12624,32,15,7,25
12625,94,62,31,63
12626,156,111,55,101
12627,156,110,55,101
12628,32,15,7,25
12629,32,14,7,25
12630,63,39,19,44
12631,63,38,19,44
12632,125,87,43,82
12633,63,38,19,44
12634,125,87,43,82
12635,63,38,19,44
12636,125,87,43,82
12637,125,86,43,82
12638,200,145,72,128
12639,200,144,72,128
12640,81,53,26,55
12641,156,110,55,101
12642,156,111,55,101
12643,156,110,55,101
12644,156,111,55,101
12645,156,110,55,101
12646,156,111,55,101
12647,94,62,31,63
12648,81,53,26,55
12649,63,38,19,44
12650,81,53,26,55
12651,63,38,19,44
12652,55,33,16,39
12653,55,32,16,39
12654,55,33,16,39
12655,55,32,16,39
12656,81,53,26,55
12657,81,52,26,55
12658,156,111,55,101
12659,156,110,55,101
12660,81,53,26,55
12661,81,52,26,55
12662,55,33,16,39
12663,55,32,16,39
12664,169,121,60,109
12665,107,72,36,71
12666,169,121,60,109
12667,55,32,16,39
12668,169,121,60,109
12669,169,120,60,109
12670,156,111,55,101
12671,156,110,55,101
12672,32,15,7,25
12673,125,86,43,82
12674,55,33,16,39
12675,55,32,16,39
12676,55,33,16,39
12677,55,32,16,39
12678,55,33,16,39
12679,55,32,16,39
12680,81,53,26,55
12681,55,32,16,39
12682,81,53,26,55
12683,200,144,72,128
12684,81,53,26,55
12685,81,52,26,55
12686,55,33,16,39
12687,55,32,16,39
12688,81,53,26,55
12689,81,52,26,55
12690,81,53,26,55
12691,81,52,26,55
12692,81,53,26,55
12693,81,52,26,55
12694,37,19,9,28
12695,37,18,9,28
12696,81,53,26,55
12697,37,18,9,28
12698,81,53,26,55
12699,200,144,72,128
12700,200,145,72,128
12701,200,144,72,128
12702,200,145,72,128
12703,143,100,50,93
12704,32,15,7,25
12705,107,72,36,71
12706,55,33,16,39
12707,55,32,16,39
12708,55,33,16,39
12709,55,32,16,39
12710,55,33,16,39
12711,55,32,16,39
12712,32,15,7,25
12713,107,72,36,71
12714,32,15,7,25
12715,55,32,16,39
12716,81,53,26,55
12717,81,52,26,55
12718,81,53,26,55
12719,81,52,26,55
12720,107,73,36,71
12721,107,72,36,71
12722,107,73,36,71
12723,107,72,36,71
12724,107,73,36,71
12725,107,72,36,71
12726,81,53,26,55
12727,81,52,26,55
12728,107,73,36,71
12729,107,72,36,71
12730,107,73,36,71
12731,138,96,48,90
12732,63,39,19,44
12733,63,38,19,44
12734,63,39,19,44
12735,94,62,31,63
12736,125,87,43,82
12737,107,72,36,71
12738,107,73,36,71
12739,107,72,36,71
12740,32,15,7,25
12741,32,14,7,25
12742,32,15,7,25
12743,81,52,26,55
12744,125,87,43,82
12745,81,52,26,55
12746,125,87,43,82
12747,81,52,26,55
12748,125,87,43,82
12749,125,86,43,82
12750,200,145,72,128
12751,200,144,72,128
12752,125,87,43,82
12753,125,86,43,82
12754,81,53,26,55
12755,81,52,26,55
12756,125,87,43,82
12757,125,86,43,82
12758,81,53,26,55
12759,81,52,26,55
12760,76,49,24,52
12761,76,48,24,52
12762,76,49,24,52
12763,125,86,43,82
12764,76,49,24,52
12765,76,48,24,52
12766,200,145,72,128
12767,200,144,72,128
12768,125,87,43,82
12769,156,110,55,101
12770,125,87,43,82
12771,125,86,43,82
12772,37,19,9,28
12773,37,18,9,28
12774,37,19,9,28
12775,156,110,55,101
12776,125,87,43,82
12777,138,96,48,90
12778,125,87,43,82
12779,156,110,55,101
12780,76,49,24,52
12781,76,48,24,52
12782,76,49,24,52
12783,200,144,72,128
12784,76,49,24,52
12785,125,86,43,82
12786,169,121,60,109
12787,169,120,60,109
12788,76,49,24,52
12789,76,48,24,52
12790,125,87,43,82
12791,125,86,43,82
12792,76,49,24,52
12793,76,48,24,52
12794,76,49,24,52
12795,76,48,24,52
12796,169,121,60,109
12797,169,120,60,109
12798,169,121,60,109
12799,169,120,60,109
12800,32,15,7,25
12801,169,120,60,109
12802,125,87,43,82
12803,125,86,43,82
12804,169,121,60,109
12805,169,120,60,109
12806,169,121,60,109
12807,81,52,26,55
12808,63,39,19,44
12809,125,86,43,82
12810,63,39,19,44
12811,169,120,60,109
12812,63,39,19,44
12813,63,38,19,44
12814,169,121,60,109
12815,169,120,60,109
12816,63,39,19,44
12817,63,38,19,44
12818,125,87,43,82
12819,125,86,43,82
12820,63,39,19,44
12821,63,38,19,44
12822,50,29,14,36
12823,50,28,14,36
12824,63,39,19,44
12825,50,28,14,36
12826,63,39,19,44
12827,76,48,24,52
12828,50,29,14,36
12829,50,28,14,36
12830,50,29,14,36
12831,76,48,24,52
12832,24,9,4,20
12833,50,28,14,36
12834,63,39,19,44
12835,63,38,19,44
12836,76,49,24,52
12837,76,48,24,52
12838,76,49,24,52
12839,76,48,24,52
12840,24,9,4,20
12841,161,114,57,104
12842,24,9,4,20
12843,63,38,19,44
12844,125,87,43,82
12845,125,86,43,82
12846,125,87,43,82
12847,76,48,24,52
12848,24,9,4,20
12849,125,86,43,82
12850,125,87,43,82
12851,125,86,43,82
12852,24,9,4,20
12853,24,8,4,20
12854,76,49,24,52
12855,76,48,24,52
12856,169,121,60,109
12857,169,120,60,109
12858,169,121,60,109
12859,169,120,60,109
12860,169,121,60,109
12861,169,120,60,109
12862,125,87,43,82
12863,125,86,43,82
12864,24,9,4,20
12865,63,38,19,44
12866,63,39,19,44
12867,63,38,19,44
12868,76,49,24,52
12869,76,48,24,52
12870,76,49,24,52
12871,169,120,60,109
12872,76,49,24,52
12873,107,72,36,71
12874,76,49,24,52
12875,76,48,24,52
12876,76,49,24,52
12877,76,48,24,52
12878,169,121,60,109
12879,169,120,60,109
12880,24,9,4,20
12881,125,86,43,82
12882,125,87,43,82
12883,125,86,43,82
12884,24,9,4,20
12885,24,8,4,20
12886,76,49,24,52
12887,76,48,24,52
12888,24,9,4,20
12889,76,48,24,52
12890,24,9,4,20
12891,169,120,60,109
12892,24,9,4,20
12893,24,8,4,20
12894,76,49,24,52
12895,76,48,24,52
12896,24,9,4,20
12897,63,38,19,44
12898,63,39,19,44
12899,63,38,19,44
12900,63,39,19,44
12901,63,38,19,44
12902,63,39,19,44
12903,125,86,43,82
12904,24,9,4,20
12905,169,120,60,109
12906,24,9,4,20
12907,76,48,24,52
12908,107,73,36,71
12909,107,72,36,71
12910,107,73,36,71
12911,169,120,60,109
12912,76,49,24,52
12913,24,8,4,20
12914,169,121,60,109
12915,169,120,60,109
12916,76,49,24,52
12917,76,48,24,52
12918,76,49,24,52
12919,76,48,24,52
12920,76,49,24,52
12921,63,38,19,44
12922,76,49,24,52
12923,76,48,24,52
12924,169,121,60,109
12925,169,120,60,109
12926,169,121,60,109
12927,81,52,26,55
12928,32,15,7,25
12929,138,96,48,90
12930,24,9,4,20
12931,24,8,4,20
12932,169,121,60,109
12933,169,120,60,109
12934,169,121,60,109
12935,76,48,24,52
12936,50,29,14,36
12937,138,96,48,90
12938,50,29,14,36
12939,169,120,60,109
12940,50,29,14,36
12941,50,28,14,36
12942,169,121,60,109
12943,169,120,60,109
12944,50,29,14,36
12945,125,86,43,82
12946,125,87,43,82
12947,125,86,43,82
12948,50,29,14,36
12949,50,28,14,36
12950,50,29,14,36
12951,50,28,14,36
12952,50,29,14,36
12953,169,120,60,109
12954,50,29,14,36
12955,107,72,36,71
12956,125,87,43,82
12957,125,86,43,82
12958,125,87,43,82
12959,107,72,36,71
12960,32,15,7,25
12961,169,120,60,109
12962,169,121,60,109
12963,169,120,60,109
12964,169,121,60,109
12965,169,120,60,109
12966,169,121,60,109
12967,107,72,36,71
12968,32,15,7,25
12969,94,62,31,63
12970,32,15,7,25
12971,50,28,14,36
12972,50,29,14,36
12973,50,28,14,36
12974,50,29,14,36
12975,169,120,60,109
12976,138,97,48,90
12977,50,28,14,36
12978,50,29,14,36
12979,50,28,14,36
12980,138,97,48,90
12981,138,96,48,90
12982,169,121,60,109
12983,169,120,60,109
12984,138,97,48,90
12985,50,28,14,36
12986,138,97,48,90
12987,200,144,72,128
12988,50,29,14,36
12989,50,28,14,36
12990,50,29,14,36
12991,169,120,60,109
12992,45,25,12,33
12993,138,96,48,90
12994,125,87,43,82
12995,125,86,43,82
12996,138,97,48,90
12997,138,96,48,90
12998,138,97,48,90
12999,50,28,14,36
13000,138,97,48,90
13001,125,86,43,82
13002,138,97,48,90
13003,125,86,43,82
13004,138,97,48,90
13005,138,96,48,90
13006,63,39,19,44
13007,63,38,19,44
13008,45,25,12,33
13009,138,96,48,90
13010,138,97,48,90
13011,138,96,48,90
13012,45,25,12,33
13013,45,24,12,33
13014,50,29,14,36
13015,50,28,14,36
13016,76,49,24,52
13017,138,96,48,90
13018,76,49,24,52
13019,169,120,60,109
13020,76,49,24,52
13021,76,48,24,52
13022,76,49,24,52
13023,76,48,24,52
13024,45,25,12,33
13025,107,72,36,71
13026,45,25,12,33
13027,45,24,12,33
13028,50,29,14,36
13029,50,28,14,36
13030,50,29,14,36
13031,107,72,36,71
13032,45,25,12,33
13033,156,110,55,101
13034,45,25,12,33
13035,76,48,24,52
13036,50,29,14,36
13037,50,28,14,36
13038,50,29,14,36
13039,81,52,26,55
13040,138,97,48,90
13041,45,24,12,33
13042,182,131,65,117
13043,182,130,65,117
13044,138,97,48,90
13045,138,96,48,90
13046,200,145,72,128
13047,200,144,72,128
13048,138,97,48,90
13049,200,144,72,128
13050,138,97,48,90
13051,76,48,24,52
13052,76,49,24,52
13053,76,48,24,52
13054,76,49,24,52
13055,107,72,36,71
13056,32,15,7,25
13057,169,120,60,109
13058,169,121,60,109
13059,169,120,60,109
13060,138,97,48,90
13061,138,96,48,90
13062,138,97,48,90
13063,138,96,48,90
13064,138,97,48,90
13065,50,28,14,36
13066,138,97,48,90
13067,107,72,36,71
13068,138,97,48,90
13069,138,96,48,90
13070,138,97,48,90
13071,138,96,48,90
13072,45,25,12,33
13073,138,96,48,90
13074,107,73,36,71
13075,107,72,36,71
13076,45,25,12,33
13077,45,24,12,33
13078,169,121,60,109
13079,169,120,60,109
13080,45,25,12,33
13081,169,120,60,109
13082,45,25,12,33
13083,151,106,53,98
13084,138,97,48,90
13085,138,96,48,90
13086,138,97,48,90
13087,107,72,36,71
13088,45,25,12,33
13089,138,96,48,90
13090,138,97,48,90
13091,138,96,48,90
13092,138,97,48,90
13093,138,96,48,90
13094,138,97,48,90
13095,76,48,24,52
13096,45,25,12,33
13097,125,86,43,82
13098,45,25,12,33
13099,50,28,14,36
13100,138,97,48,90
13101,138,96,48,90
13102,138,97,48,90
13103,138,96,48,90
13104,45,25,12,33
13105,138,96,48,90
13106,138,97,48,90
13107,138,96,48,90
13108,45,25,12,33
13109,45,24,12,33
13110,50,29,14,36
13111,50,28,14,36
13112,107,73,36,71
13113,169,120,60,109
13114,107,73,36,71
13115,107,72,36,71
13116,107,73,36,71
13117,107,72,36,71
13118,50,29,14,36
13119,50,28,14,36
13120,32,15,7,25
13121,45,24,12,33
13122,76,49,24,52
13123,76,48,24,52
13124,76,49,24,52
13125,76,48,24,52
13126,76,49,24,52
13127,50,28,14,36
13128,76,49,24,52
13129,76,48,24,52
13130,76,49,24,52
13131,76,48,24,52
13132,76,49,24,52
13133,76,48,24,52
13134,76,49,24,52
13135,76,48,24,52
13136,32,15,7,25
13137,213,154,77,136
13138,213,155,77,136
13139,213,154,77,136
13140,32,15,7,25
13141,32,14,7,25
13142,63,39,19,44
13143,63,38,19,44
13144,76,49,24,52
13145,45,24,12,33
13146,76,49,24,52
13147,63,38,19,44
13148,76,49,24,52
13149,76,48,24,52
13150,76,49,24,52
13151,76,48,24,52
13152,138,97,48,90
13153,99,66,33,66
13154,138,97,48,90
13155,138,96,48,90
13156,138,97,48,90
13157,138,96,48,90
13158,138,97,48,90
13159,213,154,77,136
13160,138,97,48,90
13161,200,144,72,128
13162,138,97,48,90
13163,138,96,48,90
13164,138,97,48,90
13165,138,96,48,90
13166,138,97,48,90
13167,169,120,60,109
13168,138,97,48,90
13169,138,96,48,90
13170,138,97,48,90
13171,138,96,48,90
13172,138,97,48,90
13173,138,96,48,90
13174,169,121,60,109
13175,169,120,60,109
13176,138,97,48,90
13177,169,120,60,109
13178,138,97,48,90
13179,125,86,43,82
13180,138,97,48,90
13181,138,96,48,90
13182,244,179,89,155
13183,244,178,89,155
13184,94,63,31,63
13185,125,86,43,82
13186,125,87,43,82
13187,125,86,43,82
13188,125,87,43,82
13189,125,86,43,82
13190,125,87,43,82
13191,125,86,43,82
13192,32,15,7,25
13193,125,86,43,82
13194,32,15,7,25
13195,244,178,89,155
13196,32,15,7,25
13197,32,14,7,25
13198,99,67,33,66
13199,99,66,33,66
13200,138,97,48,90
13201,76,48,24,52
13202,76,49,24,52
13203,76,48,24,52
13204,138,97,48,90
13205,138,96,48,90
13206,45,25,12,33
13207,45,24,12,33
13208,138,97,48,90
13209,45,24,12,33
13210,138,97,48,90
13211,76,48,24,52
13212,76,49,24,52
13213,76,48,24,52
13214,76,49,24,52
13215,169,120,60,109
13216,94,63,31,63
13217,50,28,14,36
13218,138,97,48,90
13219,138,96,48,90
13220,50,29,14,36
13221,50,28,14,36
13222,50,29,14,36
13223,50,28,14,36
13224,94,63,31,63
13225,151,106,53,98
13226,94,63,31,63
13227,50,28,14,36
13228,76,49,24,52
13229,76,48,24,52
13230,76,49,24,52
13231,138,96,48,90
13232,45,25,12,33
13233,45,24,12,33
13234,45,25,12,33
13235,45,24,12,33
13236,45,25,12,33
13237,45,24,12,33
13238,138,97,48,90
13239,138,96,48,90
13240,45,25,12,33
13241,120,82,41,79
13242,45,25,12,33
13243,120,82,41,79
13244,169,121,60,109
13245,169,120,60,109
13246,169,121,60,109
13247,120,82,41,79
13248,94,63,31,63
13249,76,48,24,52
13250,76,49,24,52
13251,76,48,24,52
13252,94,63,31,63
13253,94,62,31,63
13254,94,63,31,63
13255,275,202,101,174
13256,76,49,24,52
13257,76,48,24,52
13258,76,49,24,52
13259,76,48,24,52
13260,76,49,24,52
13261,76,48,24,52
13262,138,97,48,90
13263,138,96,48,90
13264,94,63,31,63
13265,76,48,24,52
13266,76,49,24,52
13267,76,48,24,52
13268,94,63,31,63
13269,94,62,31,63
13270,76,49,24,52
13271,76,48,24,52
13272,45,25,12,33
13273,94,62,31,63
13274,45,25,12,33
13275,76,48,24,52
13276,45,25,12,33
13277,45,24,12,33
13278,76,49,24,52
13279,76,48,24,52
13280,138,97,48,90
13281,76,48,24,52
13282,94,63,31,63
13283,94,62,31,63
13284,107,73,36,71
13285,107,72,36,71
13286,107,73,36,71
13287,76,48,24,52
13288,138,97,48,90
13289,76,48,24,52
13290,138,97,48,90
13291,76,48,24,52
13292,120,83,41,79
13293,120,82,41,79
13294,120,83,41,79
13295,76,48,24,52
13296,138,97,48,90
13297,138,96,48,90
13298,169,121,60,109
13299,169,120,60,109
13300,138,97,48,90
13301,138,96,48,90
13302,45,25,12,33
13303,45,24,12,33
13304,76,49,24,52
13305,76,48,24,52
13306,76,49,24,52
13307,76,48,24,52
13308,76,49,24,52
13309,76,48,24,52
13310,169,121,60,109
13311,169,120,60,109
13312,19,5,2,17
13313,94,62,31,63
13314,169,121,60,109
13315,169,120,60,109
13316,94,63,31,63
13317,94,62,31,63
13318,94,63,31,63
13319,169,120,60,109
13320,182,131,65,117
13321,169,120,60,109
13322,182,131,65,117
13323,94,62,31,63
13324,182,131,65,117
13325,182,130,65,117
13326,68,43,21,47
13327,68,42,21,47
13328,32,15,7,25
13329,182,130,65,117
13330,94,63,31,63
13331,94,62,31,63
13332,32,15,7,25
13333,32,14,7,25
13334,182,131,65,117
13335,182,130,65,117
13336,32,15,7,25
13337,68,42,21,47
13338,32,15,7,25
13339,169,120,60,109
13340,182,131,65,117
13341,182,130,65,117
13342,182,131,65,117
13343,68,42,21,47
13344,138,97,48,90
13345,169,120,60,109
13346,32,15,7,25
13347,32,14,7,25
13348,68,43,21,47
13349,68,42,21,47
13350,68,43,21,47
13351,68,42,21,47
13352,138,97,48,90
13353,68,42,21,47
13354,138,97,48,90
13355,94,62,31,63
13356,94,63,31,63
13357,94,62,31,63
13358,94,63,31,63
13359,68,42,21,47
13360,138,97,48,90
13361,94,62,31,63
13362,94,63,31,63
13363,94,62,31,63
13364,138,97,48,90
13365,138,96,48,90
13366,94,63,31,63
13367,94,62,31,63
13368,45,25,12,33
13369,94,62,31,63
13370,45,25,12,33
13371,50,28,14,36
13372,45,25,12,33
13373,45,24,12,33
13374,50,29,14,36
13375,50,28,14,36
13376,45,25,12,33
13377,45,24,12,33
13378,45,25,12,33
13379,45,24,12,33
13380,138,97,48,90
13381,138,96,48,90
13382,138,97,48,90
13383,94,62,31,63
13384,94,63,31,63
13385,68,42,21,47
13386,94,63,31,63
13387,138,96,48,90
13388,94,63,31,63
13389,94,62,31,63
13390,45,25,12,33
13391,45,24,12,33
13392,45,25,12,33
13393,94,62,31,63
13394,94,63,31,63
13395,94,62,31,63
13396,45,25,12,33
13397,45,24,12,33
13398,138,97,48,90
13399,138,96,48,90
13400,138,97,48,90
13401,120,82,41,79
13402,138,97,48,90
13403,107,72,36,71
13404,138,97,48,90
13405,138,96,48,90
13406,94,63,31,63
13407,94,62,31,63
13408,45,25,12,33
13409,120,82,41,79
13410,45,25,12,33
13411,45,24,12,33
13412,45,25,12,33
13413,45,24,12,33
13414,45,25,12,33
13415,151,106,53,98
13416,45,25,12,33
13417,120,82,41,79
13418,45,25,12,33
13419,120,82,41,79
13420,94,63,31,63
13421,94,62,31,63
13422,94,63,31,63
13423,213,154,77,136
13424,89,59,29,60
13425,45,24,12,33
13426,138,97,48,90
13427,138,96,48,90
13428,89,59,29,60
13429,89,58,29,60
13430,138,97,48,90
13431,138,96,48,90
13432,89,59,29,60
13433,94,62,31,63
13434,89,59,29,60
13435,94,62,31,63
13436,138,97,48,90
13437,138,96,48,90
13438,138,97,48,90
13439,244,178,89,155
13440,45,25,12,33
13441,89,58,29,60
13442,45,25,12,33
13443,45,24,12,33
13444,45,25,12,33
13445,45,24,12,33
13446,45,25,12,33
13447,213,154,77,136
13448,45,25,12,33
13449,226,164,82,144
13450,45,25,12,33
13451,138,96,48,90
13452,45,25,12,33
13453,45,24,12,33
13454,50,29,14,36
13455,50,28,14,36
13456,45,25,12,33
13457,138,96,48,90
13458,138,97,48,90
13459,138,96,48,90
13460,45,25,12,33
13461,45,24,12,33
13462,45,25,12,33
13463,45,24,12,33
13464,45,25,12,33
13465,89,58,29,60
13466,45,25,12,33
13467,89,58,29,60
13468,89,59,29,60
13469,89,58,29,60
13470,89,59,29,60
13471,89,58,29,60
13472,45,25,12,33
13473,138,96,48,90
13474,182,131,65,117
13475,182,130,65,117
13476,182,131,65,117
13477,182,130,65,117
13478,182,131,65,117
13479,89,58,29,60
13480,45,25,12,33
13481,89,58,29,60
13482,45,25,12,33
13483,45,24,12,33
13484,76,49,24,52
13485,76,48,24,52
13486,76,49,24,52
13487,138,96,48,90
13488,45,25,12,33
13489,76,48,24,52
13490,76,49,24,52
13491,76,48,24,52
13492,45,25,12,33
13493,45,24,12,33
13494,182,131,65,117
13495,182,130,65,117
13496,45,25,12,33
13497,182,130,65,117
13498,45,25,12,33
13499,182,130,65,117
13500,138,97,48,90
13501,138,96,48,90
13502,138,97,48,90
13503,174,124,62,112
13504,45,25,12,33
13505,76,48,24,52
13506,76,49,24,52
13507,76,48,24,52
13508,37,19,9,28
13509,37,18,9,28
13510,37,19,9,28
13511,76,48,24,52
13512,37,19,9,28
13513,37,18,9,28
13514,37,19,9,28
13515,37,18,9,28
13516,37,19,9,28
13517,37,18,9,28
13518,63,39,19,44
13519,63,38,19,44
13520,45,25,12,33
13521,89,58,29,60
13522,89,59,29,60
13523,89,58,29,60
13524,45,25,12,33
13525,45,24,12,33
13526,37,19,9,28
13527,37,18,9,28
13528,138,97,48,90
13529,37,18,9,28
13530,138,97,48,90
13531,138,96,48,90
13532,138,97,48,90
13533,138,96,48,90
13534,151,107,53,98
13535,151,106,53,98
13536,37,19,9,28
13537,63,38,19,44
13538,45,25,12,33
13539,45,24,12,33
13540,182,131,65,117
13541,182,130,65,117
13542,182,131,65,117
13543,94,62,31,63
13544,37,19,9,28
13545,182,130,65,117
13546,37,19,9,28
13547,182,130,65,117
13548,45,25,12,33
13549,45,24,12,33
13550,45,25,12,33
13551,244,178,89,155
13552,37,19,9,28
13553,37,18,9,28
13554,89,59,29,60
13555,89,58,29,60
13556,37,19,9,28
13557,37,18,9,28
13558,89,59,29,60
13559,89,58,29,60
13560,182,131,65,117
13561,89,58,29,60
13562,182,131,65,117
13563,89,58,29,60
13564,182,131,65,117
13565,182,130,65,117
13566,182,131,65,117
13567,182,130,65,117
13568,19,5,2,17
13569,37,18,9,28
13570,89,59,29,60
13571,89,58,29,60
13572,45,25,12,33
13573,45,24,12,33
13574,45,25,12,33
13575,89,58,29,60
13576,37,19,9,28
13577,89,58,29,60
13578,37,19,9,28
13579,37,18,9,28
13580,37,19,9,28
13581,37,18,9,28
13582,37,19,9,28
13583,37,18,9,28
13584,63,39,19,44
13585,37,18,9,28
13586,76,49,24,52
13587,76,48,24,52
13588,63,39,19,44
13589,63,38,19,44
13590,37,19,9,28
13591,37,18,9,28
13592,63,39,19,44
13593,182,130,65,117
13594,63,39,19,44
13595,89,58,29,60
13596,120,83,41,79
13597,120,82,41,79
13598,120,83,41,79
13599,120,82,41,79
13600,63,39,19,44
13601,45,24,12,33
13602,89,59,29,60
13603,89,58,29,60
13604,89,59,29,60
13605,89,58,29,60
13606,89,59,29,60
13607,89,58,29,60
13608,63,39,19,44
13609,89,58,29,60
13610,63,39,19,44
13611,89,58,29,60
13612,63,39,19,44
13613,63,38,19,44
13614,63,39,19,44
13615,89,58,29,60
13616,63,39,19,44
13617,182,130,65,117
13618,182,131,65,117
13619,182,130,65,117
13620,63,39,19,44
13621,63,38,19,44
13622,94,63,31,63
13623,94,62,31,63
13624,63,39,19,44
13625,89,58,29,60
13626,63,39,19,44
13627,63,38,19,44
13628,63,39,19,44
13629,63,38,19,44
13630,182,131,65,117
13631,182,130,65,117
13632,19,5,2,17
13633,63,38,19,44
13634,138,97,48,90
13635,138,96,48,90
13636,138,97,48,90
13637,138,96,48,90
13638,138,97,48,90
13639,76,48,24,52
13640,138,97,48,90
13641,63,38,19,44
13642,138,97,48,90
13643,138,96,48,90
13644,138,97,48,90
13645,138,96,48,90
13646,120,83,41,79
13647,120,82,41,79
13648,19,5,2,17
13649,120,82,41,79
13650,120,83,41,79
13651,120,82,41,79
13652,19,5,2,17
13653,19,4,2,17
13654,182,131,65,117
13655,182,130,65,117
13656,151,107,53,98
13657,45,24,12,33
13658,151,107,53,98
13659,182,130,65,117
13660,151,107,53,98
13661,151,106,53,98
13662,45,25,12,33
13663,45,24,12,33
13664,58,35,17,41
13665,63,38,19,44
13666,58,35,17,41
13667,58,34,17,41
13668,58,35,17,41
13669,58,34,17,41
13670,58,35,17,41
13671,120,82,41,79
13672,58,35,17,41
13673,151,106,53,98
13674,58,35,17,41
13675,182,130,65,117
13676,151,107,53,98
13677,151,106,53,98
13678,151,107,53,98
13679,63,38,19,44
13680,58,35,17,41
13681,58,34,17,41
13682,58,35,17,41
13683,58,34,17,41
13684,58,35,17,41
13685,58,34,17,41
13686,138,97,48,90
13687,138,96,48,90
13688,151,107,53,98
13689,151,106,53,98
13690,151,107,53,98
13691,151,106,53,98
13692,151,107,53,98
13693,151,106,53,98
13694,63,39,19,44
13695,63,38,19,44
13696,107,73,36,71
13697,151,106,53,98
13698,58,35,17,41
13699,58,34,17,41
13700,58,35,17,41
13701,58,34,17,41
13702,58,35,17,41
13703,58,34,17,41
13704,32,15,7,25
13705,151,106,53,98
13706,32,15,7,25
13707,58,34,17,41
13708,32,15,7,25
13709,32,14,7,25
13710,89,59,29,60
13711,89,58,29,60
13712,32,15,7,25
13713,58,34,17,41
13714,58,35,17,41
13715,58,34,17,41
13716,32,15,7,25
13717,32,14,7,25
13718,63,39,19,44
13719,63,38,19,44
13720,32,15,7,25
13721,63,38,19,44
13722,32,15,7,25
13723,58,34,17,41
13724,120,83,41,79
13725,120,82,41,79
13726,120,83,41,79
13727,89,58,29,60
13728,107,73,36,71
13729,58,34,17,41
13730,151,107,53,98
13731,151,106,53,98
13732,151,107,53,98
13733,151,106,53,98
13734,151,107,53,98
13735,63,38,19,44
13736,107,73,36,71
13737,94,62,31,63
13738,107,73,36,71
13739,195,140,70,125
13740,151,107,53,98
13741,151,106,53,98
13742,151,107,53,98
13743,213,154,77,136
13744,151,107,53,98
13745,32,14,7,25
13746,32,15,7,25
13747,32,14,7,25
13748,151,107,53,98
13749,151,106,53,98
13750,89,59,29,60
13751,89,58,29,60
13752,151,107,53,98
13753,32,14,7,25
13754,151,107,53,98
13755,182,130,65,117
13756,151,107,53,98
13757,151,106,53,98
13758,151,107,53,98
13759,120,82,41,79
13760,107,73,36,71
13761,151,106,53,98
13762,120,83,41,79
13763,120,82,41,79
13764,107,73,36,71
13765,107,72,36,71
13766,107,73,36,71
13767,151,106,53,98
13768,58,35,17,41
13769,58,34,17,41
13770,58,35,17,41
13771,58,34,17,41
13772,58,35,17,41
13773,58,34,17,41
13774,169,121,60,109
13775,169,120,60,109
13776,107,73,36,71
13777,58,34,17,41
13778,182,131,65,117
13779,182,130,65,117
13780,107,73,36,71
13781,107,72,36,71
13782,151,107,53,98
13783,151,106,53,98
13784,58,35,17,41
13785,58,34,17,41
13786,58,35,17,41
13787,58,34,17,41
13788,58,35,17,41
13789,58,34,17,41
13790,89,59,29,60
13791,89,58,29,60
13792,45,25,12,33
13793,151,106,53,98
13794,107,73,36,71
13795,107,72,36,71
13796,151,107,53,98
13797,151,106,53,98
13798,151,107,53,98
13799,63,38,19,44
13800,45,25,12,33
13801,120,82,41,79
13802,45,25,12,33
13803,151,106,53,98
13804,58,35,17,41
13805,58,34,17,41
13806,58,35,17,41
13807,63,38,19,44
13808,45,25,12,33
13809,45,24,12,33
13810,120,83,41,79
13811,120,82,41,79
13812,45,25,12,33
13813,45,24,12,33
13814,120,83,41,79
13815,120,82,41,79
13816,58,35,17,41
13817,120,82,41,79
13818,58,35,17,41
13819,63,38,19,44
13820,58,35,17,41
13821,58,34,17,41
13822,151,107,53,98
13823,151,106,53,98
13824,120,83,41,79
13825,89,58,29,60
13826,45,25,12,33
13827,45,24,12,33
13828,45,25,12,33
13829,45,24,12,33
13830,45,25,12,33
13831,89,58,29,60
13832,107,73,36,71
13833,89,58,29,60
13834,107,73,36,71
13835,45,24,12,33
13836,107,73,36,71
13837,107,72,36,71
13838,226,165,82,144
13839,226,164,82,144
13840,151,107,53,98
13841,107,72,36,71
13842,76,49,24,52
13843,76,48,24,52
13844,151,107,53,98
13845,151,106,53,98
13846,89,59,29,60
13847,89,58,29,60
13848,151,107,53,98
13849,89,58,29,60
13850,151,107,53,98
13851,76,48,24,52
13852,107,73,36,71
13853,107,72,36,71
13854,107,73,36,71
13855,89,58,29,60
13856,32,15,7,25
13857,151,106,53,98
13858,151,107,53,98
13859,151,106,53,98
13860,151,107,53,98
13861,151,106,53,98
13862,151,107,53,98
13863,151,106,53,98
13864,32,15,7,25
13865,89,58,29,60
13866,32,15,7,25
13867,151,106,53,98
13868,151,107,53,98
13869,151,106,53,98
13870,151,107,53,98
13871,182,130,65,117
13872,32,15,7,25
13873,182,130,65,117
13874,182,131,65,117
13875,182,130,65,117
13876,32,15,7,25
13877,32,14,7,25
13878,89,59,29,60
13879,89,58,29,60
13880,107,73,36,71
13881,151,106,53,98
13882,107,73,36,71
13883,151,106,53,98
13884,107,73,36,71
13885,107,72,36,71
13886,257,189,94,163
13887,257,188,94,163
13888,32,15,7,25
13889,45,24,12,33
13890,45,25,12,33
13891,45,24,12,33
13892,107,73,36,71
13893,107,72,36,71
13894,107,73,36,71
13895,138,96,48,90
13896,107,73,36,71
13897,138,96,48,90
13898,107,73,36,71
13899,107,72,36,71
13900,107,73,36,71
13901,107,72,36,71
13902,112,77,38,74
13903,112,76,38,74
13904,32,15,7,25
13905,89,58,29,60
13906,89,59,29,60
13907,89,58,29,60
13908,32,15,7,25
13909,32,14,7,25
13910,151,107,53,98
13911,151,106,53,98
13912,58,35,17,41
13913,151,106,53,98
13914,58,35,17,41
13915,58,34,17,41
13916,58,35,17,41
13917,58,34,17,41
13918,89,59,29,60
13919,89,58,29,60
13920,32,15,7,25
13921,107,72,36,71
13922,58,35,17,41
13923,58,34,17,41
13924,58,35,17,41
13925,58,34,17,41
13926,58,35,17,41
13927,63,38,19,44
13928,32,15,7,25
13929,63,38,19,44
13930,32,15,7,25
13931,164,116,58,106
13932,89,59,29,60
13933,89,58,29,60
13934,89,59,29,60
13935,151,106,53,98
13936,182,131,65,117
13937,32,14,7,25
13938,58,35,17,41
13939,58,34,17,41
13940,182,131,65,117
13941,182,130,65,117
13942,58,35,17,41
13943,58,34,17,41
13944,182,131,65,117
13945,151,106,53,98
13946,182,131,65,117
13947,58,34,17,41
13948,133,93,46,87
13949,133,92,46,87
13950,133,93,46,87
13951,89,58,29,60
13952,120,83,41,79
13953,133,92,46,87
13954,32,15,7,25
13955,32,14,7,25
13956,89,59,29,60
13957,89,58,29,60
13958,89,59,29,60
13959,107,72,36,71
13960,151,107,53,98
13961,89,58,29,60
13962,151,107,53,98
13963,89,58,29,60
13964,151,107,53,98
13965,151,106,53,98
13966,89,59,29,60
13967,89,58,29,60
13968,151,107,53,98
13969,107,72,36,71
13970,107,73,36,71
13971,107,72,36,71
13972,151,107,53,98
13973,151,106,53,98
13974,151,107,53,98
13975,151,106,53,98
13976,151,107,53,98
13977,89,58,29,60
13978,151,107,53,98
13979,89,58,29,60
13980,58,35,17,41
13981,58,34,17,41
13982,58,35,17,41
13983,94,62,31,63
13984,120,83,41,79
13985,58,34,17,41
13986,107,73,36,71
13987,107,72,36,71
13988,107,73,36,71
13989,107,72,36,71
13990,107,73,36,71
13991,89,58,29,60
13992,120,83,41,79
13993,89,58,29,60
13994,120,83,41,79
13995,120,82,41,79
13996,133,93,46,87
13997,133,92,46,87
13998,133,93,46,87
13999,89,58,29,60
14000,32,15,7,25
14001,32,14,7,25
14002,32,15,7,25
14003,32,14,7,25
14004,32,15,7,25
14005,32,14,7,25
14006,151,107,53,98
14007,151,106,53,98
14008,32,15,7,25
14009,151,106,53,98
14010,32,15,7,25
14011,151,106,53,98
14012,89,59,29,60
14013,89,58,29,60
14014,89,59,29,60
14015,58,34,17,41
14016,58,35,17,41
14017,32,14,7,25
14018,182,131,65,117
14019,182,130,65,117
14020,58,35,17,41
14021,58,34,17,41
14022,58,35,17,41
14023,32,14,7,25
14024,58,35,17,41
14025,107,72,36,71
14026,58,35,17,41
14027,107,72,36,71
14028,58,35,17,41
14029,58,34,17,41
14030,182,131,65,117
14031,182,130,65,117
14032,58,35,17,41
14033,195,140,70,125
14034,195,141,70,125
14035,195,140,70,125
14036,58,35,17,41
14037,58,34,17,41
14038,45,25,12,33
14039,45,24,12,33
14040,45,25,12,33
14041,45,24,12,33
14042,45,25,12,33
14043,107,72,36,71
14044,45,25,12,33
14045,45,24,12,33
14046,195,141,70,125
14047,195,140,70,125
14048,58,35,17,41
14049,81,52,26,55
14050,58,35,17,41
14051,58,34,17,41
14052,58,35,17,41
14053,58,34,17,41
14054,58,35,17,41
14055,89,58,29,60
14056,58,35,17,41
14057,182,130,65,117
14058,58,35,17,41
14059,45,24,12,33
14060,151,107,53,98
14061,151,106,53,98
14062,151,107,53,98
14063,45,24,12,33
14064,151,107,53,98
14065,58,34,17,41
14066,107,73,36,71
14067,107,72,36,71
14068,151,107,53,98
14069,151,106,53,98
14070,107,73,36,71
14071,107,72,36,71
14072,151,107,53,98
14073,151,106,53,98
14074,151,107,53,98
14075,107,72,36,71
14076,81,53,26,55
14077,81,52,26,55
14078,81,53,26,55
14079,81,52,26,55
14080,120,83,41,79
14081,58,34,17,41
14082,58,35,17,41
14083,58,34,17,41
14084,107,73,36,71
14085,107,72,36,71
14086,107,73,36,71
14087,58,34,17,41
14088,107,73,36,71
14089,63,38,19,44
14090,107,73,36,71
14091,58,34,17,41
14092,107,73,36,71
14093,107,72,36,71
14094,107,73,36,71
14095,107,72,36,71
14096,120,83,41,79
14097,107,72,36,71
14098,81,53,26,55
14099,81,52,26,55
14100,120,83,41,79
14101,120,82,41,79
14102,58,35,17,41
14103,58,34,17,41
14104,120,83,41,79
14105,58,34,17,41
14106,120,83,41,79
14107,133,92,46,87
14108,58,35,17,41
14109,58,34,17,41
14110,58,35,17,41
14111,107,72,36,71
14112,32,15,7,25
14113,151,106,53,98
14114,58,35,17,41
14115,58,34,17,41
14116,58,35,17,41
14117,58,34,17,41
14118,58,35,17,41
14119,120,82,41,79
14120,32,15,7,25
14121,151,106,53,98
14122,32,15,7,25
14123,58,34,17,41
14124,102,69,34,68
14125,102,68,34,68
14126,102,69,34,68
14127,58,34,17,41
14128,32,15,7,25
14129,102,68,34,68
14130,102,69,34,68
14131,102,68,34,68
14132,32,15,7,25
14133,32,14,7,25
14134,58,35,17,41
14135,58,34,17,41
14136,151,107,53,98
14137,107,72,36,71
14138,151,107,53,98
14139,102,68,34,68
14140,151,107,53,98
14141,151,106,53,98
14142,58,35,17,41
14143,58,34,17,41
14144,120,83,41,79
14145,32,14,7,25
14146,102,69,34,68
14147,102,68,34,68
14148,32,15,7,25
14149,32,14,7,25
14150,32,15,7,25
14151,107,72,36,71
14152,58,35,17,41
14153,151,106,53,98
14154,58,35,17,41
14155,32,14,7,25
14156,58,35,17,41
14157,58,34,17,41
14158,102,69,34,68
14159,102,68,34,68
14160,120,83,41,79
14161,58,34,17,41
14162,102,69,34,68
14163,102,68,34,68
14164,120,83,41,79
14165,120,82,41,79
14166,58,35,17,41
14167,58,34,17,41
14168,58,35,17,41
14169,58,34,17,41
14170,58,35,17,41
14171,151,106,53,98
14172,58,35,17,41
14173,58,34,17,41
14174,58,35,17,41
14175,58,34,17,41
14176,58,35,17,41
14177,151,106,53,98
14178,58,35,17,41
14179,58,34,17,41
14180,58,35,17,41
14181,58,34,17,41
14182,58,35,17,41
14183,151,106,53,98
14184,58,35,17,41
14185,58,34,17,41
14186,58,35,17,41
14187,102,68,34,68
14188,58,35,17,41
14189,58,34,17,41
14190,58,35,17,41
14191,102,68,34,68
14192,58,35,17,41
14193,58,34,17,41
14194,58,35,17,41
14195,58,34,17,41
14196,58,35,17,41
14197,58,34,17,41
14198,58,35,17,41
14199,58,34,17,41
14200,89,59,29,60
14201,102,68,34,68
14202,89,59,29,60
14203,58,34,17,41
14204,89,59,29,60
14205,89,58,29,60
14206,151,107,53,98
14207,151,106,53,98
14208,76,49,24,52
14209,89,58,29,60
14210,58,35,17,41
14211,58,34,17,41
14212,58,35,17,41
14213,58,34,17,41
14214,58,35,17,41
14215,58,34,17,41
14216,120,83,41,79
14217,58,34,17,41
14218,120,83,41,79
14219,195,140,70,125
14220,120,83,41,79
14221,120,82,41,79
14222,151,107,53,98
14223,151,106,53,98
14224,151,107,53,98
14225,50,28,14,36
14226,50,29,14,36
14227,50,28,14,36
14228,151,107,53,98
14229,151,106,53,98
14230,58,35,17,41
14231,58,34,17,41
14232,151,107,53,98
14233,58,34,17,41
14234,151,107,53,98
14235,50,28,14,36
14236,50,29,14,36
14237,50,28,14,36
14238,50,29,14,36
14239,50,28,14,36
14240,76,49,24,52
14241,58,34,17,41
14242,151,107,53,98
14243,151,106,53,98
14244,50,29,14,36
14245,50,28,14,36
14246,50,29,14,36
14247,133,92,46,87
14248,76,49,24,52
14249,102,68,34,68
14250,76,49,24,52
14251,50,28,14,36
14252,164,117,58,106
14253,164,116,58,106
14254,164,117,58,106
14255,151,106,53,98
14256,50,29,14,36
14257,120,82,41,79
14258,120,83,41,79
14259,120,82,41,79
14260,50,29,14,36
14261,50,28,14,36
14262,195,141,70,125
14263,195,140,70,125
14264,50,29,14,36
14265,50,28,14,36
14266,50,29,14,36
14267,50,28,14,36
14268,195,141,70,125
14269,195,140,70,125
14270,195,141,70,125
14271,195,140,70,125
14272,76,49,24,52
14273,50,28,14,36
14274,50,29,14,36
14275,50,28,14,36
14276,76,49,24,52
14277,76,48,24,52
14278,76,49,24,52
14279,102,68,34,68
14280,32,15,7,25
14281,102,68,34,68
14282,32,15,7,25
14283,32,14,7,25
14284,32,15,7,25
14285,32,14,7,25
14286,195,141,70,125
14287,195,140,70,125
14288,76,49,24,52
14289,32,14,7,25
14290,195,141,70,125
14291,195,140,70,125
14292,76,49,24,52
14293,76,48,24,52
14294,102,69,34,68
14295,102,68,34,68
14296,50,29,14,36
14297,76,48,24,52
14298,50,29,14,36
14299,58,34,17,41
14300,50,29,14,36
14301,50,28,14,36
14302,102,69,34,68
14303,102,68,34,68
14304,102,69,34,68
14305,50,28,14,36
14306,76,49,24,52
14307,76,48,24,52
14308,76,49,24,52
14309,76,48,24,52
14310,76,49,24,52
14311,50,28,14,36
14312,102,69,34,68
14313,89,58,29,60
14314,102,69,34,68
14315,50,28,14,36
14316,76,49,24,52
14317,76,48,24,52
14318,76,49,24,52
14319,195,140,70,125
14320,102,69,34,68
14321,102,68,34,68
14322,133,93,46,87
14323,133,92,46,87
14324,102,69,34,68
14325,102,68,34,68
14326,58,35,17,41
14327,58,34,17,41
14328,102,69,34,68
14329,102,68,34,68
14330,102,69,34,68
14331,195,140,70,125
14332,102,69,34,68
14333,102,68,34,68
14334,195,141,70,125
14335,195,140,70,125
14336,27,11,5,22
14337,76,48,24,52
14338,76,49,24,52
14339,76,48,24,52
14340,76,49,24,52
14341,76,48,24,52
14342,76,49,24,52
14343,76,48,24,52
14344,120,83,41,79
14345,195,140,70,125
14346,120,83,41,79
14347,76,48,24,52
14348,120,83,41,79
14349,120,82,41,79
14350,76,49,24,52
14351,76,48,24,52
14352,71,45,22,49
14353,120,82,41,79
14354,76,49,24,52
14355,76,48,24,52
14356,71,45,22,49
14357,71,44,22,49
14358,120,83,41,79
14359,120,82,41,79
14360,71,45,22,49
14361,151,106,53,98
14362,71,45,22,49
14363,195,140,70,125
14364,151,107,53,98
14365,151,106,53,98
14366,151,107,53,98
14367,89,58,29,60
14368,120,83,41,79
14369,151,106,53,98
14370,71,45,22,49
14371,71,44,22,49
14372,32,15,7,25
14373,32,14,7,25
14374,32,15,7,25
14375,133,92,46,87
14376,120,83,41,79
14377,151,106,53,98
14378,120,83,41,79
14379,32,14,7,25
14380,71,45,22,49
14381,71,44,22,49
14382,71,45,22,49
14383,195,140,70,125
14384,120,83,41,79
14385,164,116,58,106
14386,164,117,58,106
14387,164,116,58,106
14388,120,83,41,79
14389,120,82,41,79
14390,120,83,41,79
14391,120,82,41,79
14392,71,45,22,49
14393,71,44,22,49
14394,71,45,22,49
14395,71,44,22,49
14396,71,45,22,49
14397,71,44,22,49
14398,164,117,58,106
14399,164,116,58,106
14400,58,35,17,41
14401,164,116,58,106
14402,164,117,58,106
14403,164,116,58,106
14404,120,83,41,79
14405,120,82,41,79
14406,120,83,41,79
14407,71,44,22,49
14408,164,117,58,106
14409,76,48,24,52
14410,164,117,58,106
14411,120,82,41,79
14412,164,117,58,106
14413,164,116,58,106
14414,71,45,22,49
14415,71,44,22,49
14416,58,35,17,41
14417,164,116,58,106
14418,71,45,22,49
14419,71,44,22,49
14420,58,35,17,41
14421,58,34,17,41
14422,120,83,41,79
14423,120,82,41,79
14424,45,25,12,33
14425,120,82,41,79
14426,45,25,12,33
14427,195,140,70,125
14428,45,25,12,33
14429,45,24,12,33
14430,71,45,22,49
14431,71,44,22,49
14432,58,35,17,41
14433,71,44,22,49
14434,45,25,12,33
14435,45,24,12,33
14436,45,25,12,33
14437,45,24,12,33
14438,45,25,12,33
14439,71,44,22,49
14440,58,35,17,41
14441,45,24,12,33
14442,58,35,17,41
14443,102,68,34,68
14444,71,45,22,49
14445,71,44,22,49
14446,71,45,22,49
14447,156,110,55,101
14448,120,83,41,79
14449,58,34,17,41
14450,45,25,12,33
14451,45,24,12,33
14452,120,83,41,79
14453,120,82,41,79
14454,133,93,46,87
14455,133,92,46,87
14456,120,83,41,79
14457,164,116,58,106
14458,120,83,41,79
14459,133,92,46,87
14460,71,45,22,49
14461,71,44,22,49
14462,71,45,22,49
14463,76,48,24,52
14464,19,5,2,17
14465,164,116,58,106
14466,164,117,58,106
14467,164,116,58,106
14468,164,117,58,106
14469,164,116,58,106
14470,164,117,58,106
14471,120,82,41,79
14472,58,35,17,41
14473,208,150,75,133
14474,58,35,17,41
14475,164,116,58,106
14476,58,35,17,41
14477,58,34,17,41
14478,45,25,12,33
14479,45,24,12,33
14480,71,45,22,49
14481,102,68,34,68
14482,102,69,34,68
14483,102,68,34,68
14484,71,45,22,49
14485,71,44,22,49
14486,58,35,17,41
14487,58,34,17,41
14488,71,45,22,49
14489,164,116,58,106
14490,71,45,22,49
14491,164,116,58,106
14492,120,83,41,79
14493,120,82,41,79
14494,120,83,41,79
14495,182,130,65,117
14496,19,5,2,17
14497,133,92,46,87
14498,71,45,22,49
14499,71,44,22,49
14500,71,45,22,49
14501,71,44,22,49
14502,71,45,22,49
14503,164,116,58,106
14504,19,5,2,17
14505,133,92,46,87
14506,19,5,2,17
14507,71,44,22,49
14508,58,35,17,41
14509,58,34,17,41
14510,58,35,17,41
14511,182,130,65,117
14512,58,35,17,41
14513,71,44,22,49
14514,71,45,22,49
14515,71,44,22,49
14516,58,35,17,41
14517,58,34,17,41
14518,164,117,58,106
14519,164,116,58,106
14520,58,35,17,41
14521,71,44,22,49
14522,58,35,17,41
14523,71,44,22,49
14524,102,69,34,68
14525,102,68,34,68
14526,102,69,34,68
14527,71,44,22,49
14528,19,5,2,17
14529,164,116,58,106
14530,164,117,58,106
14531,164,116,58,106
14532,71,45,22,49
14533,71,44,22,49
14534,71,45,22,49
14535,164,116,58,106
14536,71,45,22,49
14537,58,34,17,41
14538,71,45,22,49
14539,71,44,22,49
14540,71,45,22,49
14541,71,44,22,49
14542,164,117,58,106
14543,164,116,58,106
14544,19,5,2,17
14545,133,92,46,87
14546,133,93,46,87
14547,133,92,46,87
14548,19,5,2,17
14549,19,4,2,17
14550,133,93,46,87
14551,133,92,46,87
14552,164,117,58,106
14553,71,44,22,49
14554,164,117,58,106
14555,133,92,46,87
14556,164,117,58,106
14557,164,116,58,106
14558,177,127,63,114
14559,177,126,63,114
14560,45,25,12,33
14561,164,116,58,106
14562,19,5,2,17
14563,19,4,2,17
14564,120,83,41,79
14565,120,82,41,79
14566,120,83,41,79
14567,58,34,17,41
14568,45,25,12,33
14569,58,34,17,41
14570,45,25,12,33
14571,58,34,17,41
14572,164,117,58,106
14573,164,116,58,106
14574,164,117,58,106
14575,102,68,34,68
14576,45,25,12,33
14577,45,24,12,33
14578,120,83,41,79
14579,120,82,41,79
14580,45,25,12,33
14581,45,24,12,33
14582,164,117,58,106
14583,164,116,58,106
14584,164,117,58,106
14585,102,68,34,68
14586,164,117,58,106
14587,71,44,22,49
14588,164,117,58,106
14589,164,116,58,106
14590,89,59,29,60
14591,89,58,29,60
14592,40,21,10,30
14593,45,24,12,33
14594,164,117,58,106
14595,164,116,58,106
14596,45,25,12,33
14597,45,24,12,33
14598,45,25,12,33
14599,164,116,58,106
14600,45,25,12,33
14601,164,116,58,106
14602,45,25,12,33
14603,45,24,12,33
14604,45,25,12,33
14605,45,24,12,33
14606,164,117,58,106
14607,164,116,58,106
14608,133,93,46,87
14609,45,24,12,33
14610,195,141,70,125
14611,195,140,70,125
14612,133,93,46,87
14613,133,92,46,87
14614,45,25,12,33
14615,45,24,12,33
14616,133,93,46,87
14617,45,24,12,33
14618,133,93,46,87
14619,195,140,70,125
14620,120,83,41,79
14621,120,82,41,79
14622,120,83,41,79
14623,164,116,58,106
14624,133,93,46,87
14625,45,24,12,33
14626,120,83,41,79
14627,120,82,41,79
14628,120,83,41,79
14629,120,82,41,79
14630,120,83,41,79
14631,58,34,17,41
14632,133,93,46,87
14633,58,34,17,41
14634,133,93,46,87
14635,120,82,41,79
14636,133,93,46,87
14637,133,92,46,87
14638,133,93,46,87
14639,151,106,53,98
14640,133,93,46,87
14641,45,24,12,33
14642,45,25,12,33
14643,45,24,12,33
14644,133,93,46,87
14645,133,92,46,87
14646,164,117,58,106
14647,164,116,58,106
14648,71,45,22,49
14649,102,68,34,68
14650,71,45,22,49
14651,71,44,22,49
14652,71,45,22,49
14653,71,44,22,49
14654,102,69,34,68
14655,102,68,34,68
14656,40,21,10,30
14657,133,92,46,87
14658,102,69,34,68
14659,102,68,34,68
14660,45,25,12,33
14661,45,24,12,33
14662,45,25,12,33
14663,151,106,53,98
14664,45,25,12,33
14665,71,44,22,49
14666,45,25,12,33
14667,45,24,12,33
14668,45,25,12,33
14669,45,24,12,33
14670,76,49,24,52
14671,76,48,24,52
14672,40,21,10,30
14673,177,126,63,114
14674,177,127,63,114
14675,177,126,63,114
14676,40,21,10,30
14677,40,20,10,30
14678,195,141,70,125
14679,195,140,70,125
14680,133,93,46,87
14681,195,140,70,125
14682,133,93,46,87
14683,71,44,22,49
14684,133,93,46,87
14685,133,92,46,87
14686,71,45,22,49
14687,71,44,22,49
14688,133,93,46,87
14689,164,116,58,106
14690,164,117,58,106
14691,164,116,58,106
14692,164,117,58,106
14693,164,116,58,106
14694,164,117,58,106
14695,270,198,99,171
14696,133,93,46,87
14697,133,92,46,87
14698,133,93,46,87
14699,45,24,12,33
14700,102,69,34,68
14701,102,68,34,68
14702,102,69,34,68
14703,102,68,34,68
14704,133,93,46,87
14705,133,92,46,87
14706,164,117,58,106
14707,164,116,58,106
14708,133,93,46,87
14709,133,92,46,87
14710,102,69,34,68
14711,102,68,34,68
14712,164,117,58,106
14713,102,68,34,68
14714,164,117,58,106
14715,120,82,41,79
14716,164,117,58,106
14717,164,116,58,106
14718,146,103,51,95
14719,146,102,51,95
14720,40,21,10,30
14721,164,116,58,106
14722,133,93,46,87
14723,133,92,46,87
14724,133,93,46,87
14725,133,92,46,87
14726,133,93,46,87
14727,133,92,46,87
14728,133,93,46,87
14729,71,44,22,49
14730,133,93,46,87
14731,71,44,22,49
14732,133,93,46,87
14733,133,92,46,87
14734,120,83,41,79
14735,120,82,41,79
14736,133,93,46,87
14737,45,24,12,33
14738,45,25,12,33
14739,45,24,12,33
14740,133,93,46,87
14741,133,92,46,87
14742,45,25,12,33
14743,45,24,12,33
14744,133,93,46,87
14745,45,24,12,33
14746,133,93,46,87
14747,102,68,34,68
14748,45,25,12,33
14749,45,24,12,33
14750,45,25,12,33
14751,120,82,41,79
14752,40,21,10,30
14753,164,116,58,106
14754,102,69,34,68
14755,102,68,34,68
14756,102,69,34,68
14757,102,68,34,68
14758,102,69,34,68
14759,45,24,12,33
14760,40,21,10,30
14761,133,92,46,87
14762,40,21,10,30
14763,71,44,22,49
14764,71,45,22,49
14765,71,44,22,49
14766,71,45,22,49
14767,195,140,70,125
14768,71,45,22,49
14769,71,44,22,49
14770,71,45,22,49
14771,71,44,22,49
14772,71,45,22,49
14773,71,44,22,49
14774,71,45,22,49
14775,71,44,22,49
14776,71,45,22,49
14777,71,44,22,49
14778,71,45,22,49
14779,195,140,70,125
14780,208,151,75,133
14781,208,150,75,133
14782,208,151,75,133
14783,94,62,31,63
14784,133,93,46,87
14785,58,34,17,41
14786,58,35,17,41
14787,58,34,17,41
14788,40,21,10,30
14789,40,20,10,30
14790,40,21,10,30
14791,58,34,17,41
14792,71,45,22,49
14793,58,34,17,41
14794,71,45,22,49
14795,71,44,22,49
14796,71,45,22,49
14797,71,44,22,49
14798,94,63,31,63
14799,94,62,31,63
14800,133,93,46,87
14801,71,44,22,49
14802,71,45,22,49
14803,71,44,22,49
14804,133,93,46,87
14805,133,92,46,87
14806,195,141,70,125
14807,195,140,70,125
14808,133,93,46,87
14809,133,92,46,87
14810,133,93,46,87
14811,164,116,58,106
14812,133,93,46,87
14813,133,92,46,87
14814,58,35,17,41
14815,58,34,17,41
14816,133,93,46,87
14817,120,82,41,79
14818,133,93,46,87
14819,133,92,46,87
14820,164,117,58,106
14821,164,116,58,106
14822,164,117,58,106
14823,120,82,41,79
14824,133,93,46,87
14825,164,116,58,106
14826,133,93,46,87
14827,120,82,41,79
14828,133,93,46,87
14829,133,92,46,87
14830,133,93,46,87
14831,239,174,87,152
14832,120,83,41,79
14833,133,92,46,87
14834,120,83,41,79
14835,120,82,41,79
14836,120,83,41,79
14837,120,82,41,79
14838,71,45,22,49
14839,71,44,22,49
14840,120,83,41,79
14841,76,48,24,52
14842,120,83,41,79
14843,120,82,41,79
14844,239,175,87,152
14845,239,174,87,152
14846,239,175,87,152
14847,146,102,51,95
14848,27,11,5,22
14849,94,62,31,63
14850,133,93,46,87
14851,133,92,46,87
14852,71,45,22,49
14853,71,44,22,49
14854,71,45,22,49
14855,71,44,22,49
14856,40,21,10,30
14857,133,92,46,87
14858,40,21,10,30
14859,71,44,22,49
14860,40,21,10,30
14861,40,20,10,30
14862,71,45,22,49
14863,71,44,22,49
14864,133,93,46,87
14865,40,20,10,30
14866,71,45,22,49
14867,71,44,22,49
14868,133,93,46,87
14869,133,92,46,87
14870,45,25,12,33
14871,45,24,12,33
14872,133,93,46,87
14873,45,24,12,33
14874,133,93,46,87
14875,164,116,58,106
14876,45,25,12,33
14877,45,24,12,33
14878,45,25,12,33
14879,146,102,51,95
14880,40,21,10,30
14881,45,24,12,33
14882,133,93,46,87
14883,133,92,46,87
14884,71,45,22,49
14885,71,44,22,49
14886,71,45,22,49
14887,45,24,12,33
14888,40,21,10,30
14889,71,44,22,49
14890,40,21,10,30
14891,133,92,46,87
14892,133,93,46,87
14893,133,92,46,87
14894,133,93,46,87
14895,115,78,39,76
14896,40,21,10,30
14897,115,78,39,76
14898,115,79,39,76
14899,115,78,39,76
14900,40,21,10,30
14901,40,20,10,30
14902,164,117,58,106
14903,164,116,58,106
14904,71,45,22,49
14905,45,24,12,33
14906,71,45,22,49
14907,71,44,22,49
14908,71,45,22,49
14909,71,44,22,49
14910,71,45,22,49
14911,71,44,22,49
14912,89,59,29,60
14913,71,44,22,49
14914,71,45,22,49
14915,71,44,22,49
14916,71,45,22,49
14917,71,44,22,49
14918,71,45,22,49
14919,115,78,39,76
14920,71,45,22,49
14921,133,92,46,87
14922,71,45,22,49
14923,71,44,22,49
14924,71,45,22,49
14925,71,44,22,49
14926,71,45,22,49
14927,71,44,22,49
14928,89,59,29,60
14929,71,44,22,49
14930,71,45,22,49
14931,71,44,22,49
14932,89,59,29,60
14933,89,58,29,60
14934,71,45,22,49
14935,71,44,22,49
14936,40,21,10,30
14937,71,44,22,49
14938,40,21,10,30
14939,71,44,22,49
14940,40,21,10,30
14941,40,20,10,30
14942,71,45,22,49
14943,71,44,22,49
14944,89,59,29,60
14945,71,44,22,49
14946,102,69,34,68
14947,102,68,34,68
14948,102,69,34,68
14949,102,68,34,68
14950,102,69,34,68
14951,71,44,22,49
14952,89,59,29,60
14953,71,44,22,49
14954,89,59,29,60
14955,71,44,22,49
14956,115,79,39,76
14957,115,78,39,76
14958,115,79,39,76
14959,115,78,39,76
14960,133,93,46,87
14961,89,58,29,60
14962,164,117,58,106
14963,164,116,58,106
14964,133,93,46,87
14965,133,92,46,87
14966,40,21,10,30
14967,40,20,10,30
14968,133,93,46,87
14969,71,44,22,49
14970,133,93,46,87
14971,71,44,22,49
14972,71,45,22,49
14973,71,44,22,49
14974,71,45,22,49
14975,164,116,58,106
14976,27,11,5,22
14977,208,150,75,133
14978,89,59,29,60
14979,89,58,29,60
14980,164,117,58,106
14981,164,116,58,106
14982,164,117,58,106
14983,164,116,58,106
14984,89,59,29,60
14985,63,38,19,44
14986,89,59,29,60
14987,164,116,58,106
14988,89,59,29,60
14989,89,58,29,60
14990,71,45,22,49
14991,71,44,22,49
14992,177,127,63,114
14993,63,38,19,44
14994,63,39,19,44
14995,63,38,19,44
14996,177,127,63,114
14997,177,126,63,114
14998,89,59,29,60
14999,89,58,29,60
15000,177,127,63,114
15001,164,116,58,106
15002,177,127,63,114
15003,89,58,29,60
15004,63,39,19,44
15005,63,38,19,44
15006,63,39,19,44
15007,164,116,58,106
15008,27,11,5,22
15009,115,78,39,76
15010,177,127,63,114
15011,177,126,63,114
15012,164,117,58,106
15013,164,116,58,106
15014,164,117,58,106
15015,102,68,34,68
15016,27,11,5,22
15017,208,150,75,133
15018,27,11,5,22
15019,133,92,46,87
15020,63,39,19,44
15021,63,38,19,44
15022,63,39,19,44
15023,63,38,19,44
15024,89,59,29,60
15025,89,58,29,60
15026,89,59,29,60
15027,89,58,29,60
15028,89,59,29,60
15029,89,58,29,60
15030,208,151,75,133
15031,208,150,75,133
15032,89,59,29,60
15033,89,58,29,60
15034,89,59,29,60
15035,63,38,19,44
15036,89,59,29,60
15037,89,58,29,60
15038,89,59,29,60
15039,270,198,99,171
15040,133,93,46,87
15041,89,58,29,60
15042,45,25,12,33
15043,45,24,12,33
15044,40,21,10,30
15045,40,20,10,30
15046,40,21,10,30
15047,45,24,12,33
15048,40,21,10,30
15049,89,58,29,60
15050,40,21,10,30
15051,208,150,75,133
15052,40,21,10,30
15053,40,20,10,30
15054,151,107,53,98
15055,151,106,53,98
15056,133,93,46,87
15057,63,38,19,44
15058,63,39,19,44
15059,63,38,19,44
15060,133,93,46,87
15061,133,92,46,87
15062,63,39,19,44
15063,63,38,19,44
15064,89,59,29,60
15065,40,20,10,30
15066,89,59,29,60
15067,115,78,39,76
15068,89,59,29,60
15069,89,58,29,60
15070,89,59,29,60
15071,89,58,29,60
15072,133,93,46,87
15073,89,58,29,60
15074,133,93,46,87
15075,133,92,46,87
15076,115,79,39,76
15077,115,78,39,76
15078,115,79,39,76
15079,102,68,34,68
15080,133,93,46,87
15081,89,58,29,60
15082,133,93,46,87
15083,89,58,29,60
15084,115,79,39,76
15085,115,78,39,76
15086,115,79,39,76
15087,208,150,75,133
15088,40,21,10,30
15089,133,92,46,87
15090,71,45,22,49
15091,71,44,22,49
15092,40,21,10,30
15093,40,20,10,30
15094,115,79,39,76
15095,115,78,39,76
15096,40,21,10,30
15097,115,78,39,76
15098,40,21,10,30
15099,115,78,39,76
15100,89,59,29,60
15101,89,58,29,60
15102,89,59,29,60
15103,115,78,39,76
15104,40,21,10,30
15105,133,92,46,87
15106,133,93,46,87
15107,133,92,46,87
15108,133,93,46,87
15109,133,92,46,87
15110,133,93,46,87
15111,208,150,75,133
15112,84,55,27,57
15113,89,58,29,60
15114,84,55,27,57
15115,89,58,29,60
15116,84,55,27,57
15117,84,54,27,57
15118,133,93,46,87
15119,133,92,46,87
15120,40,21,10,30
15121,84,54,27,57
15122,84,55,27,57
15123,84,54,27,57
15124,40,21,10,30
15125,40,20,10,30
15126,84,55,27,57
15127,84,54,27,57
15128,40,21,10,30
15129,208,150,75,133
15130,40,21,10,30
15131,221,160,80,141
15132,133,93,46,87
15133,133,92,46,87
15134,133,93,46,87
15135,102,68,34,68
15136,40,21,10,30
15137,45,24,12,33
15138,133,93,46,87
15139,133,92,46,87
15140,133,93,46,87
15141,133,92,46,87
15142,133,93,46,87
15143,146,102,51,95
15144,40,21,10,30
15145,164,116,58,106
15146,40,21,10,30
15147,84,54,27,57
15148,84,55,27,57
15149,84,54,27,57
15150,84,55,27,57
15151,84,54,27,57
15152,40,21,10,30
15153,84,54,27,57
15154,84,55,27,57
15155,84,54,27,57
15156,40,21,10,30
15157,40,20,10,30
15158,133,93,46,87
15159,133,92,46,87
15160,177,127,63,114
15161,84,54,27,57
15162,177,127,63,114
15163,84,54,27,57
15164,177,127,63,114
15165,177,126,63,114
15166,84,55,27,57
15167,84,54,27,57
15168,40,21,10,30
15169,40,20,10,30
15170,133,93,46,87
15171,133,92,46,87
15172,71,45,22,49
15173,71,44,22,49
15174,71,45,22,49
15175,208,150,75,133
15176,71,45,22,49
15177,177,126,63,114
15178,71,45,22,49
15179,71,44,22,49
15180,71,45,22,49
15181,71,44,22,49
15182,177,127,63,114
15183,177,126,63,114
15184,40,21,10,30
15185,177,126,63,114
15186,177,127,63,114
15187,177,126,63,114
15188,40,21,10,30
15189,40,20,10,30
15190,133,93,46,87
15191,133,92,46,87
15192,71,45,22,49
15193,71,44,22,49
15194,71,45,22,49
15195,133,92,46,87
15196,71,45,22,49
15197,71,44,22,49
15198,58,35,17,41
15199,58,34,17,41
15200,32,15,7,25
15201,84,54,27,57
15202,32,15,7,25
15203,32,14,7,25
15204,32,15,7,25
15205,32,14,7,25
15206,32,15,7,25
15207,84,54,27,57
15208,32,15,7,25
15209,58,34,17,41
15210,32,15,7,25
15211,71,44,22,49
15212,84,55,27,57
15213,84,54,27,57
15214,84,55,27,57
15215,115,78,39,76
15216,32,15,7,25
15217,32,14,7,25
15218,32,15,7,25
15219,32,14,7,25
15220,32,15,7,25
15221,32,14,7,25
15222,133,93,46,87
15223,133,92,46,87
15224,133,93,46,87
15225,84,54,27,57
15226,133,93,46,87
15227,146,102,51,95
15228,133,93,46,87
15229,133,92,46,87
15230,58,35,17,41
15231,58,34,17,41
15232,40,21,10,30
15233,84,54,27,57
15234,177,127,63,114
15235,177,126,63,114
15236,177,127,63,114
15237,177,126,63,114
15238,177,127,63,114
15239,177,126,63,114
15240,40,21,10,30
15241,177,126,63,114
15242,40,21,10,30
15243,133,92,46,87
15244,40,21,10,30
15245,40,20,10,30
15246,71,45,22,49
15247,71,44,22,49
15248,32,15,7,25
15249,84,54,27,57
15250,84,55,27,57
15251,84,54,27,57
15252,32,15,7,25
15253,32,14,7,25
15254,84,55,27,57
15255,84,54,27,57
15256,32,15,7,25
15257,84,54,27,57
15258,32,15,7,25
15259,84,54,27,57
15260,177,127,63,114
15261,177,126,63,114
15262,177,127,63,114
15263,177,126,63,114
15264,40,21,10,30
15265,133,92,46,87
15266,32,15,7,25
15267,32,14,7,25
15268,84,55,27,57
15269,84,54,27,57
15270,84,55,27,57
15271,84,54,27,57
15272,40,21,10,30
15273,146,102,51,95
15274,40,21,10,30
15275,84,54,27,57
15276,32,15,7,25
15277,32,14,7,25
15278,32,15,7,25
15279,32,14,7,25
15280,32,15,7,25
15281,32,14,7,25
15282,32,15,7,25
15283,32,14,7,25
15284,32,15,7,25
15285,32,14,7,25
15286,71,45,22,49
15287,71,44,22,49
15288,32,15,7,25
15289,71,44,22,49
15290,32,15,7,25
15291,71,44,22,49
15292,177,127,63,114
15293,177,126,63,114
15294,177,127,63,114
15295,84,54,27,57
15296,58,35,17,41
15297,115,78,39,76
15298,115,79,39,76
15299,115,78,39,76
15300,40,21,10,30
15301,40,20,10,30
15302,40,21,10,30
15303,84,54,27,57
15304,84,55,27,57
15305,177,126,63,114
15306,84,55,27,57
15307,84,54,27,57
15308,84,55,27,57
15309,84,54,27,57
15310,84,55,27,57
15311,84,54,27,57
15312,58,35,17,41
15313,84,54,27,57
15314,84,55,27,57
15315,84,54,27,57
15316,58,35,17,41
15317,58,34,17,41
15318,177,127,63,114
15319,177,126,63,114
15320,177,127,63,114
15321,40,20,10,30
15322,177,127,63,114
15323,146,102,51,95
15324,177,127,63,114
15325,177,126,63,114
15326,89,59,29,60
15327,89,58,29,60
15328,58,35,17,41
15329,84,54,27,57
15330,58,35,17,41
15331,58,34,17,41
15332,58,35,17,41
15333,58,34,17,41
15334,58,35,17,41
15335,177,126,63,114
15336,58,35,17,41
15337,239,174,87,152
15338,58,35,17,41
15339,177,126,63,114
15340,133,93,46,87
15341,133,92,46,87
15342,133,93,46,87
15343,71,44,22,49
15344,133,93,46,87
15345,58,34,17,41
15346,58,35,17,41
15347,58,34,17,41
15348,133,93,46,87
15349,133,92,46,87
15350,177,127,63,114
15351,177,126,63,114
15352,133,93,46,87
15353,115,78,39,76
15354,133,93,46,87
15355,133,92,46,87
15356,115,79,39,76
15357,115,78,39,76
15358,115,79,39,76
15359,239,174,87,152
15360,27,11,5,22
15361,177,126,63,114
15362,177,127,63,114
15363,177,126,63,114
15364,40,21,10,30
15365,40,20,10,30
15366,40,21,10,30
15367,177,126,63,114
15368,146,103,51,95
15369,102,68,34,68
15370,146,103,51,95
15371,40,20,10,30
15372,146,103,51,95
15373,146,102,51,95
15374,58,35,17,41
15375,58,34,17,41
15376,53,31,15,38
15377,146,102,51,95
15378,58,35,17,41
15379,58,34,17,41
15380,53,31,15,38
15381,53,30,15,38
15382,146,103,51,95
15383,146,102,51,95
15384,53,31,15,38
15385,177,126,63,114
15386,53,31,15,38
15387,115,78,39,76
15388,146,103,51,95
15389,146,102,51,95
15390,146,103,51,95
15391,177,126,63,114
15392,53,31,15,38
15393,58,34,17,41
15394,53,31,15,38
15395,53,30,15,38
15396,133,93,46,87
15397,133,92,46,87
15398,133,93,46,87
15399,146,102,51,95
15400,53,31,15,38
15401,146,102,51,95
15402,53,31,15,38
15403,146,102,51,95
15404,146,103,51,95
15405,146,102,51,95
15406,146,103,51,95
15407,58,34,17,41
15408,53,31,15,38
15409,146,102,51,95
15410,146,103,51,95
15411,146,102,51,95
15412,53,31,15,38
15413,53,30,15,38
15414,71,45,22,49
15415,71,44,22,49
15416,53,31,15,38
15417,146,102,51,95
15418,53,31,15,38
15419,146,102,51,95
15420,53,31,15,38
15421,53,30,15,38
15422,133,93,46,87
15423,133,92,46,87
15424,27,11,5,22
15425,84,54,27,57
15426,84,55,27,57
15427,84,54,27,57
15428,53,31,15,38
15429,53,30,15,38
15430,53,31,15,38
15431,146,102,51,95
15432,58,35,17,41
15433,84,54,27,57
15434,58,35,17,41
15435,53,30,15,38
15436,58,35,17,41
15437,58,34,17,41
15438,53,31,15,38
15439,53,30,15,38
15440,27,11,5,22
15441,58,34,17,41
15442,115,79,39,76
15443,115,78,39,76
15444,27,11,5,22
15445,27,10,5,22
15446,53,31,15,38
15447,53,30,15,38
15448,146,103,51,95
15449,58,34,17,41
15450,146,103,51,95
15451,58,34,17,41
15452,146,103,51,95
15453,146,102,51,95
15454,89,59,29,60
15455,89,58,29,60
15456,27,11,5,22
15457,190,136,68,122
15458,146,103,51,95
15459,146,102,51,95
15460,146,103,51,95
15461,146,102,51,95
15462,146,103,51,95
15463,133,92,46,87
15464,27,11,5,22
15465,208,150,75,133
15466,27,11,5,22
15467,84,54,27,57
15468,84,55,27,57
15469,84,54,27,57
15470,84,55,27,57
15471,89,58,29,60
15472,146,103,51,95
15473,27,10,5,22
15474,177,127,63,114
15475,177,126,63,114
15476,146,103,51,95
15477,146,102,51,95
15478,146,103,51,95
15479,146,102,51,95
15480,146,103,51,95
15481,146,102,51,95
15482,146,103,51,95
15483,146,102,51,95
15484,115,79,39,76
15485,115,78,39,76
15486,115,79,39,76
15487,58,34,17,41
15488,102,69,34,68
15489,146,102,51,95
15490,53,31,15,38
15491,53,30,15,38
15492,53,31,15,38
15493,53,30,15,38
15494,53,31,15,38
15495,115,78,39,76
15496,53,31,15,38
15497,164,116,58,106
15498,53,31,15,38
15499,177,126,63,114
15500,53,31,15,38
15501,53,30,15,38
15502,177,127,63,114
15503,177,126,63,114
15504,53,31,15,38
15505,146,102,51,95
15506,146,103,51,95
15507,146,102,51,95
15508,53,31,15,38
15509,53,30,15,38
15510,53,31,15,38
15511,53,30,15,38
15512,53,31,15,38
15513,146,102,51,95
15514,53,31,15,38
15515,84,54,27,57
15516,146,103,51,95
15517,146,102,51,95
15518,146,103,51,95
15519,120,82,41,79
15520,102,69,34,68
15521,133,92,46,87
15522,146,103,51,95
15523,146,102,51,95
15524,146,103,51,95
15525,146,102,51,95
15526,146,103,51,95
15527,115,78,39,76
15528,102,69,34,68
15529,146,102,51,95
15530,102,69,34,68
15531,146,102,51,95
15532,53,31,15,38
15533,53,30,15,38
15534,53,31,15,38
15535,115,78,39,76
15536,40,21,10,30
15537,115,78,39,76
15538,115,79,39,76
15539,115,78,39,76
15540,40,21,10,30
15541,40,20,10,30
15542,115,79,39,76
15543,115,78,39,76
15544,40,21,10,30
15545,115,78,39,76
15546,40,21,10,30
15547,58,34,17,41
15548,53,31,15,38
15549,53,30,15,38
15550,53,31,15,38
15551,146,102,51,95
15552,102,69,34,68
15553,84,54,27,57
15554,84,55,27,57
15555,84,54,27,57
15556,40,21,10,30
15557,40,20,10,30
15558,40,21,10,30
15559,84,54,27,57
15560,40,21,10,30
15561,84,54,27,57
15562,40,21,10,30
15563,84,54,27,57
15564,40,21,10,30
15565,40,20,10,30
15566,84,55,27,57
15567,84,54,27,57
15568,102,69,34,68
15569,221,160,80,141
15570,221,161,80,141
15571,221,160,80,141
15572,102,69,34,68
15573,102,68,34,68
15574,71,45,22,49
15575,71,44,22,49
15576,84,55,27,57
15577,84,54,27,57
15578,84,55,27,57
15579,53,30,15,38
15580,84,55,27,57
15581,84,54,27,57
15582,71,45,22,49
15583,71,44,22,49
15584,146,103,51,95
15585,84,54,27,57
15586,102,69,34,68
15587,102,68,34,68
15588,146,103,51,95
15589,146,102,51,95
15590,146,103,51,95
15591,84,54,27,57
15592,146,103,51,95
15593,84,54,27,57
15594,146,103,51,95
15595,221,160,80,141
15596,146,103,51,95
15597,146,102,51,95
15598,146,103,51,95
15599,84,54,27,57
15600,146,103,51,95
15601,146,102,51,95
15602,146,103,51,95
15603,146,102,51,95
15604,146,103,51,95
15605,146,102,51,95
15606,146,103,51,95
15607,146,102,51,95
15608,177,127,63,114
15609,146,102,51,95
15610,177,127,63,114
15611,107,72,36,71
15612,177,127,63,114
15613,177,126,63,114
15614,84,55,27,57
15615,84,54,27,57
15616,27,11,5,22
15617,146,102,51,95
15618,146,103,51,95
15619,146,102,51,95
15620,102,69,34,68
15621,102,68,34,68
15622,102,69,34,68
15623,252,184,92,160
15624,40,21,10,30
15625,146,102,51,95
15626,40,21,10,30
15627,133,92,46,87
15628,40,21,10,30
15629,40,20,10,30
15630,133,93,46,87
15631,133,92,46,87
15632,102,69,34,68
15633,40,20,10,30
15634,133,93,46,87
15635,133,92,46,87
15636,102,69,34,68
15637,102,68,34,68
15638,40,21,10,30
15639,40,20,10,30
15640,102,69,34,68
15641,107,72,36,71
15642,102,69,34,68
15643,146,102,51,95
15644,84,55,27,57
15645,84,54,27,57
15646,84,55,27,57
15647,84,54,27,57
15648,53,31,15,38
15649,146,102,51,95
15650,146,103,51,95
15651,146,102,51,95
15652,146,103,51,95
15653,146,102,51,95
15654,146,103,51,95
15655,53,30,15,38
15656,53,31,15,38
15657,84,54,27,57
15658,53,31,15,38
15659,84,54,27,57
15660,102,69,34,68
15661,102,68,34,68
15662,102,69,34,68
15663,177,126,63,114
15664,53,31,15,38
15665,58,34,17,41
15666,58,35,17,41
15667,58,34,17,41
15668,53,31,15,38
15669,53,30,15,38
15670,58,35,17,41
15671,58,34,17,41
15672,84,55,27,57
15673,159,112,56,103
15674,84,55,27,57
15675,102,68,34,68
15676,84,55,27,57
15677,84,54,27,57
15678,84,55,27,57
15679,84,54,27,57
15680,27,11,5,22
15681,53,30,15,38
15682,53,31,15,38
15683,53,30,15,38
15684,53,31,15,38
15685,53,30,15,38
15686,53,31,15,38
15687,146,102,51,95
15688,177,127,63,114
15689,146,102,51,95
15690,177,127,63,114
15691,53,30,15,38
15692,177,127,63,114
15693,177,126,63,114
15694,128,89,44,84
15695,128,88,44,84
15696,27,11,5,22
15697,177,126,63,114
15698,128,89,44,84
15699,128,88,44,84
15700,27,11,5,22
15701,27,10,5,22
15702,84,55,27,57
15703,84,54,27,57
15704,84,55,27,57
15705,102,68,34,68
15706,84,55,27,57
15707,84,54,27,57
15708,84,55,27,57
15709,84,54,27,57
15710,84,55,27,57
15711,84,54,27,57
15712,146,103,51,95
15713,84,54,27,57
15714,102,69,34,68
15715,102,68,34,68
15716,102,69,34,68
15717,102,68,34,68
15718,102,69,34,68
15719,128,88,44,84
15720,146,103,51,95
15721,84,54,27,57
15722,146,103,51,95
15723,84,54,27,57
15724,84,55,27,57
15725,84,54,27,57
15726,84,55,27,57
15727,84,54,27,57
15728,146,103,51,95
15729,146,102,51,95
15730,53,31,15,38
15731,53,30,15,38
15732,146,103,51,95
15733,146,102,51,95
15734,53,31,15,38
15735,53,30,15,38
15736,102,69,34,68
15737,84,54,27,57
15738,102,69,34,68
15739,53,30,15,38
15740,102,69,34,68
15741,102,68,34,68
15742,84,55,27,57
15743,84,54,27,57
15744,53,31,15,38
15745,115,78,39,76
15746,146,103,51,95
15747,146,102,51,95
15748,128,89,44,84
15749,128,88,44,84
15750,128,89,44,84
15751,146,102,51,95
15752,27,11,5,22
15753,102,68,34,68
15754,27,11,5,22
15755,128,88,44,84
15756,27,11,5,22
15757,27,10,5,22
15758,146,103,51,95
15759,146,102,51,95
15760,27,11,5,22
15761,146,102,51,95
15762,146,103,51,95
15763,146,102,51,95
15764,27,11,5,22
15765,27,10,5,22
15766,84,55,27,57
15767,84,54,27,57
15768,27,11,5,22
15769,84,54,27,57
15770,27,11,5,22
15771,84,54,27,57
15772,177,127,63,114
15773,177,126,63,114
15774,177,127,63,114
15775,84,54,27,57
15776,53,31,15,38
15777,102,68,34,68
15778,102,69,34,68
15779,102,68,34,68
15780,102,69,34,68
15781,102,68,34,68
15782,102,69,34,68
15783,177,126,63,114
15784,53,31,15,38
15785,177,126,63,114
15786,53,31,15,38
15787,177,126,63,114
15788,190,137,68,122
15789,190,136,68,122
15790,190,137,68,122
15791,84,54,27,57
15792,40,21,10,30
15793,40,20,10,30
15794,40,21,10,30
15795,40,20,10,30
15796,40,21,10,30
15797,40,20,10,30
15798,102,69,34,68
15799,102,68,34,68
15800,40,21,10,30
15801,40,20,10,30
15802,40,21,10,30
15803,190,136,68,122
15804,76,49,24,52
15805,76,48,24,52
15806,76,49,24,52
15807,177,126,63,114
15808,53,31,15,38
15809,190,136,68,122
15810,190,137,68,122
15811,190,136,68,122
15812,53,31,15,38
15813,53,30,15,38
15814,53,31,15,38
15815,177,126,63,114
15816,146,103,51,95
15817,40,20,10,30
15818,146,103,51,95
15819,76,48,24,52
15820,146,103,51,95
15821,146,102,51,95
15822,76,49,24,52
15823,76,48,24,52
15824,53,31,15,38
15825,146,102,51,95
15826,102,69,34,68
15827,102,68,34,68
15828,53,31,15,38
15829,53,30,15,38
15830,102,69,34,68
15831,102,68,34,68
15832,146,103,51,95
15833,146,102,51,95
15834,146,103,51,95
15835,102,68,34,68
15836,146,103,51,95
15837,146,102,51,95
15838,76,49,24,52
15839,76,48,24,52
15840,102,69,34,68
15841,102,68,34,68
15842,53,31,15,38
15843,53,30,15,38
15844,53,31,15,38
15845,53,30,15,38
15846,53,31,15,38
15847,58,34,17,41
15848,102,69,34,68
15849,58,34,17,41
15850,102,69,34,68
15851,58,34,17,41
15852,53,31,15,38
15853,53,30,15,38
15854,53,31,15,38
15855,221,160,80,141
15856,102,69,34,68
15857,102,68,34,68
15858,146,103,51,95
15859,146,102,51,95
15860,102,69,34,68
15861,102,68,34,68
15862,76,49,24,52
15863,76,48,24,52
15864,53,31,15,38
15865,146,102,51,95
15866,53,31,15,38
15867,76,48,24,52
15868,53,31,15,38
15869,53,30,15,38
15870,128,89,44,84
15871,128,88,44,84
15872,115,79,39,76
15873,102,68,34,68
15874,53,31,15,38
15875,53,30,15,38
15876,146,103,51,95
15877,146,102,51,95
15878,146,103,51,95
15879,146,102,51,95
15880,53,31,15,38
15881,128,88,44,84
15882,53,31,15,38
15883,146,102,51,95
15884,53,31,15,38
15885,53,30,15,38
15886,146,103,51,95
15887,146,102,51,95
15888,97,65,32,65
15889,53,30,15,38
15890,128,89,44,84
15891,128,88,44,84
15892,97,65,32,65
15893,97,64,32,65
15894,53,31,15,38
15895,53,30,15,38
15896,97,65,32,65
15897,53,30,15,38
15898,97,65,32,65
15899,159,112,56,103
15900,53,31,15,38
15901,53,30,15,38
15902,53,31,15,38
15903,128,88,44,84
15904,27,11,5,22
15905,102,68,34,68
15906,97,65,32,65
15907,97,64,32,65
15908,146,103,51,95
15909,146,102,51,95
15910,146,103,51,95
15911,53,30,15,38
15912,27,11,5,22
15913,102,68,34,68
15914,27,11,5,22
15915,97,64,32,65
15916,97,65,32,65
15917,97,64,32,65
15918,97,65,32,65
15919,221,160,80,141
15920,27,11,5,22
15921,146,102,51,95
15922,146,103,51,95
15923,146,102,51,95
15924,27,11,5,22
15925,27,10,5,22
15926,252,185,92,160
15927,252,184,92,160
15928,53,31,15,38
15929,97,64,32,65
15930,53,31,15,38
15931,53,30,15,38
15932,53,31,15,38
15933,53,30,15,38
15934,97,65,32,65
15935,97,64,32,65
15936,53,31,15,38
15937,53,30,15,38
15938,53,31,15,38
15939,53,30,15,38
15940,53,31,15,38
15941,53,30,15,38
15942,53,31,15,38
15943,146,102,51,95
15944,53,31,15,38
15945,58,34,17,41
15946,53,31,15,38
15947,53,30,15,38
15948,53,31,15,38
15949,53,30,15,38
15950,146,103,51,95
15951,146,102,51,95
15952,53,31,15,38
15953,53,30,15,38
15954,53,31,15,38
15955,53,30,15,38
15956,53,31,15,38
15957,53,30,15,38
15958,53,31,15,38
15959,53,30,15,38
15960,53,31,15,38
15961,97,64,32,65
15962,53,31,15,38
15963,97,64,32,65
15964,53,31,15,38
15965,53,30,15,38
15966,53,31,15,38
15967,53,30,15,38
15968,53,31,15,38
15969,190,136,68,122
15970,53,31,15,38
15971,53,30,15,38
15972,53,31,15,38
15973,53,30,15,38
15974,53,31,15,38
15975,97,64,32,65
15976,53,31,15,38
15977,97,64,32,65
15978,53,31,15,38
15979,53,30,15,38
15980,84,55,27,57
15981,84,54,27,57
15982,84,55,27,57
15983,146,102,51,95
15984,53,31,15,38
15985,53,30,15,38
15986,84,55,27,57
15987,84,54,27,57
15988,53,31,15,38
15989,53,30,15,38
15990,53,31,15,38
15991,53,30,15,38
15992,53,31,15,38
15993,190,136,68,122
15994,53,31,15,38
15995,53,30,15,38
15996,190,137,68,122
15997,190,136,68,122
15998,190,137,68,122
15999,97,64,32,65
16000,115,79,39,76
16001,146,102,51,95
16002,53,31,15,38
16003,53,30,15,38
16004,45,25,12,33
16005,45,24,12,33
16006,45,25,12,33
16007,84,54,27,57
16008,53,31,15,38
16009,71,44,22,49
16010,53,31,15,38
16011,45,24,12,33
16012,53,31,15,38
16013,53,30,15,38
16014,45,25,12,33
16015,45,24,12,33
16016,146,103,51,95
16017,45,24,12,33
16018,45,25,12,33
16019,45,24,12,33
16020,146,103,51,95
16021,146,102,51,95
16022,53,31,15,38
16023,53,30,15,38
16024,146,103,51,95
16025,97,64,32,65
16026,146,103,51,95
16027,97,64,32,65
16028,45,25,12,33
16029,45,24,12,33
16030,45,25,12,33
16031,97,64,32,65
16032,115,79,39,76
16033,45,24,12,33
16034,146,103,51,95
16035,146,102,51,95
16036,159,113,56,103
16037,159,112,56,103
16038,159,113,56,103
16039,97,64,32,65
16040,115,79,39,76
16041,102,68,34,68
16042,115,79,39,76
16043,71,44,22,49
16044,190,137,68,122
16045,190,136,68,122
16046,190,137,68,122
16047,97,64,32,65
16048,45,25,12,33
16049,45,24,12,33
16050,45,25,12,33
16051,45,24,12,33
16052,45,25,12,33
16053,45,24,12,33
16054,190,137,68,122
16055,190,136,68,122
16056,45,25,12,33
16057,53,30,15,38
16058,45,25,12,33
16059,53,30,15,38
16060,45,25,12,33
16061,45,24,12,33
16062,45,25,12,33
16063,234,170,85,149
16064,71,45,22,49
16065,45,24,12,33
16066,97,65,32,65
16067,97,64,32,65
16068,27,11,5,22
16069,27,10,5,22
16070,27,11,5,22
16071,45,24,12,33
16072,27,11,5,22
16073,190,136,68,122
16074,27,11,5,22
16075,190,136,68,122
16076,27,11,5,22
16077,27,10,5,22
16078,190,137,68,122
16079,190,136,68,122
16080,71,45,22,49
16081,97,64,32,65
16082,97,65,32,65
16083,97,64,32,65
16084,71,45,22,49
16085,71,44,22,49
16086,53,31,15,38
16087,53,30,15,38
16088,45,25,12,33
16089,45,24,12,33
16090,45,25,12,33
16091,97,64,32,65
16092,45,25,12,33
16093,45,24,12,33
16094,45,25,12,33
16095,45,24,12,33
16096,71,45,22,49
16097,45,24,12,33
16098,71,45,22,49
16099,71,44,22,49
16100,71,45,22,49
16101,71,44,22,49
16102,71,45,22,49
16103,84,54,27,57
16104,71,45,22,49
16105,45,24,12,33
16106,71,45,22,49
16107,45,24,12,33
16108,71,45,22,49
16109,71,44,22,49
16110,71,45,22,49
16111,146,102,51,95
16112,97,65,32,65
16113,71,44,22,49
16114,128,89,44,84
16115,128,88,44,84
16116,97,65,32,65
16117,97,64,32,65
16118,53,31,15,38
16119,53,30,15,38
16120,97,65,32,65
16121,97,64,32,65
16122,97,65,32,65
16123,190,136,68,122
16124,97,65,32,65
16125,97,64,32,65
16126,97,65,32,65
16127,190,136,68,122
16128,115,79,39,76
16129,71,44,22,49
16130,71,45,22,49
16131,71,44,22,49
16132,71,45,22,49
16133,71,44,22,49
16134,71,45,22,49
16135,71,44,22,49
16136,71,45,22,49
16137,190,136,68,122
16138,71,45,22,49
16139,190,136,68,122
16140,71,45,22,49
16141,71,44,22,49
16142,71,45,22,49
16143,71,44,22,49
16144,115,79,39,76
16145,71,44,22,49
16146,97,65,32,65
16147,97,64,32,65
16148,115,79,39,76
16149,115,78,39,76
16150,71,45,22,49
16151,71,44,22,49
16152,115,79,39,76
16153,190,136,68,122
16154,115,79,39,76
16155,102,68,34,68
16156,146,103,51,95
16157,146,102,51,95
16158,146,103,51,95
16159,190,136,68,122
16160,66,41,20,46
16161,146,102,51,95
16162,146,103,51,95
16163,146,102,51,95
16164,146,103,51,95
16165,146,102,51,95
16166,146,103,51,95
16167,71,44,22,49
16168,66,41,20,46
16169,146,102,51,95
16170,66,41,20,46
16171,146,102,51,95
16172,27,11,5,22
16173,27,10,5,22
16174,27,11,5,22
16175,146,102,51,95
16176,66,41,20,46
16177,27,10,5,22
16178,27,11,5,22
16179,27,10,5,22
16180,66,41,20,46
16181,66,40,20,46
16182,190,137,68,122
16183,190,136,68,122
16184,159,113,56,103
16185,53,30,15,38
16186,159,113,56,103
16187,159,112,56,103
16188,159,113,56,103
16189,159,112,56,103
16190,115,79,39,76
16191,115,78,39,76
16192,115,79,39,76
16193,66,40,20,46
16194,66,41,20,46
16195,66,40,20,46
16196,66,41,20,46
16197,66,40,20,46
16198,66,41,20,46
16199,159,112,56,103
16200,159,113,56,103
16201,66,40,20,46
16202,159,113,56,103
16203,66,40,20,46
16204,159,113,56,103
16205,159,112,56,103
16206,190,137,68,122
16207,190,136,68,122
16208,115,79,39,76
16209,159,112,56,103
16210,71,45,22,49
16211,71,44,22,49
16212,115,79,39,76
16213,115,78,39,76
16214,66,41,20,46
16215,66,40,20,46
16216,159,113,56,103
16217,66,40,20,46
16218,159,113,56,103
16219,190,136,68,122
16220,159,113,56,103
16221,159,112,56,103
16222,66,41,20,46
16223,66,40,20,46
16224,40,21,10,30
16225,159,112,56,103
16226,115,79,39,76
16227,115,78,39,76
16228,115,79,39,76
16229,115,78,39,76
16230,115,79,39,76
16231,190,136,68,122
16232,40,21,10,30
16233,159,112,56,103
16234,40,21,10,30
16235,66,40,20,46
16236,66,41,20,46
16237,66,40,20,46
16238,66,41,20,46
16239,84,54,27,57
16240,40,21,10,30
16241,40,20,10,30
16242,40,21,10,30
16243,40,20,10,30
16244,40,21,10,30
16245,40,20,10,30
16246,40,21,10,30
16247,40,20,10,30
16248,66,41,20,46
16249,97,64,32,65
16250,66,41,20,46
16251,97,64,32,65
16252,66,41,20,46
16253,66,40,20,46
16254,190,137,68,122
16255,190,136,68,122
16256,53,31,15,38
16257,71,44,22,49
16258,40,21,10,30
16259,40,20,10,30
16260,128,89,44,84
16261,128,88,44,84
16262,128,89,44,84
16263,40,20,10,30
16264,115,79,39,76
16265,159,112,56,103
16266,115,79,39,76
16267,128,88,44,84
16268,115,79,39,76
16269,115,78,39,76
16270,66,41,20,46
16271,66,40,20,46
16272,159,113,56,103
16273,159,112,56,103
16274,159,113,56,103
16275,159,112,56,103
16276,159,113,56,103
16277,159,112,56,103
16278,115,79,39,76
16279,115,78,39,76
16280,159,113,56,103
16281,115,78,39,76
16282,159,113,56,103
16283,203,146,73,130
16284,159,113,56,103
16285,159,112,56,103
16286,159,113,56,103
16287,159,112,56,103
16288,53,31,15,38
16289,40,20,10,30
16290,159,113,56,103
16291,159,112,56,103
16292,97,65,32,65
16293,97,64,32,65
16294,97,65,32,65
16295,97,64,32,65
16296,53,31,15,38
16297,97,64,32,65
16298,53,31,15,38
16299,40,20,10,30
16300,159,113,56,103
16301,159,112,56,103
16302,159,113,56,103
16303,159,112,56,103
16304,66,41,20,46
16305,115,78,39,76
16306,115,79,39,76
16307,115,78,39,76
16308,66,41,20,46
16309,66,40,20,46
16310,128,89,44,84
16311,128,88,44,84
16312,66,41,20,46
16313,115,78,39,76
16314,66,41,20,46
16315,115,78,39,76
16316,66,41,20,46
16317,66,40,20,46
16318,66,41,20,46
16319,128,88,44,84
16320,53,31,15,38
16321,66,40,20,46
16322,177,127,63,114
16323,177,126,63,114
16324,53,31,15,38
16325,53,30,15,38
16326,53,31,15,38
16327,190,136,68,122
16328,66,41,20,46
16329,190,136,68,122
16330,66,41,20,46
16331,115,78,39,76
16332,66,41,20,46
16333,66,40,20,46
16334,159,113,56,103
16335,159,112,56,103
16336,53,31,15,38
16337,66,40,20,46
16338,66,41,20,46
16339,66,40,20,46
16340,53,31,15,38
16341,53,30,15,38
16342,97,65,32,65
16343,97,64,32,65
16344,159,113,56,103
16345,53,30,15,38
16346,159,113,56,103
16347,159,112,56,103
16348,159,113,56,103
16349,159,112,56,103
16350,146,103,51,95
16351,146,102,51,95
16352,66,41,20,46
16353,71,44,22,49
16354,53,31,15,38
16355,53,30,15,38
16356,66,41,20,46
16357,66,40,20,46
16358,66,41,20,46
16359,159,112,56,103
16360,66,41,20,46
16361,159,112,56,103
16362,66,41,20,46
16363,71,44,22,49
16364,128,89,44,84
16365,128,88,44,84
16366,128,89,44,84
16367,190,136,68,122
16368,66,41,20,46
16369,66,40,20,46
16370,128,89,44,84
16371,128,88,44,84
16372,66,41,20,46
16373,66,40,20,46
16374,128,89,44,84
16375,128,88,44,84
16376,159,113,56,103
16377,71,44,22,49
16378,159,113,56,103
16379,172,122,61,111
16380,159,113,56,103
16381,159,112,56,103
16382,159,113,56,103
16383,159,112,56,103
16384,14,1,0,14
16385,53,30,15,38
16386,53,31,15,38
16387,53,30,15,38
16388,115,79,39,76
16389,115,78,39,76
16390,115,79,39,76
16391,53,30,15,38
16392,159,113,56,103
16393,53,30,15,38
16394,159,113,56,103
16395,115,78,39,76
16396,159,113,56,103
16397,159,112,56,103
16398,115,79,39,76
16399,115,78,39,76
16400,40,21,10,30
16401,159,112,56,103
16402,115,79,39,76
16403,115,78,39,76
16404,40,21,10,30
16405,40,20,10,30
16406,159,113,56,103
16407,159,112,56,103
16408,40,21,10,30
16409,97,64,32,65
16410,40,21,10,30
16411,66,40,20,46
16412,159,113,56,103
16413,159,112,56,103
16414,159,113,56,103
16415,84,54,27,57
16416,40,21,10,30
16417,115,78,39,76
16418,40,21,10,30
16419,40,20,10,30
16420,159,113,56,103
16421,159,112,56,103
16422,159,113,56,103
16423,159,112,56,103
16424,40,21,10,30
16425,97,64,32,65
16426,40,21,10,30
16427,159,112,56,103
16428,40,21,10,30
16429,40,20,10,30
16430,40,21,10,30
16431,221,160,80,141
16432,40,21,10,30
16433,159,112,56,103
16434,159,113,56,103
16435,159,112,56,103
16436,40,21,10,30
16437,40,20,10,30
16438,190,137,68,122
16439,190,136,68,122
16440,40,21,10,30
16441,190,136,68,122
16442,40,21,10,30
16443,190,136,68,122
16444,40,21,10,30
16445,40,20,10,30
16446,190,137,68,122
16447,190,136,68,122
16448,128,89,44,84
16449,115,78,39,76
16450,115,79,39,76
16451,115,78,39,76
16452,40,21,10,30
16453,40,20,10,30
16454,40,21,10,30
16455,159,112,56,103
16456,115,79,39,76
16457,265,194,97,168
16458,115,79,39,76
16459,40,20,10,30
16460,115,79,39,76
16461,115,78,39,76
16462,53,31,15,38
16463,53,30,15,38
16464,128,89,44,84
16465,115,78,39,76
16466,146,103,51,95
16467,146,102,51,95
16468,128,89,44,84
16469,128,88,44,84
16470,115,79,39,76
16471,115,78,39,76
16472,40,21,10,30
16473,115,78,39,76
16474,40,21,10,30
16475,97,64,32,65
16476,40,21,10,30
16477,40,20,10,30
16478,159,113,56,103
16479,159,112,56,103
16480,128,89,44,84
16481,97,64,32,65
16482,66,41,20,46
16483,66,40,20,46
16484,66,41,20,46
16485,66,40,20,46
16486,66,41,20,46
16487,97,64,32,65
16488,128,89,44,84
16489,159,112,56,103
16490,128,89,44,84
16491,66,40,20,46
16492,97,65,32,65
16493,97,64,32,65
16494,97,65,32,65
16495,146,102,51,95
16496,40,21,10,30
16497,128,88,44,84
16498,66,41,20,46
16499,66,40,20,46
16500,40,21,10,30
16501,40,20,10,30
16502,66,41,20,46
16503,66,40,20,46
16504,40,21,10,30
16505,71,44,22,49
16506,40,21,10,30
16507,71,44,22,49
16508,172,123,61,111
16509,172,122,61,111
16510,172,123,61,111
16511,71,44,22,49
16512,128,89,44,84
16513,97,64,32,65
16514,190,137,68,122
16515,190,136,68,122
16516,190,137,68,122
16517,190,136,68,122
16518,190,137,68,122
16519,66,40,20,46
16520,128,89,44,84
16521,66,40,20,46
16522,128,89,44,84
16523,66,40,20,46
16524,128,89,44,84
16525,128,88,44,84
16526,159,113,56,103
16527,159,112,56,103
16528,159,113,56,103
16529,141,98,49,92
16530,141,99,49,92
16531,141,98,49,92
16532,159,113,56,103
16533,159,112,56,103
16534,128,89,44,84
16535,128,88,44,84
16536,159,113,56,103
16537,40,20,10,30
16538,159,113,56,103
16539,141,98,49,92
16540,97,65,32,65
16541,97,64,32,65
16542,97,65,32,65
16543,97,64,32,65
16544,128,89,44,84
16545,97,64,32,65
16546,159,113,56,103
16547,159,112,56,103
16548,97,65,32,65
16549,97,64,32,65
16550,97,65,32,65
16551,120,82,41,79
16552,128,89,44,84
16553,97,64,32,65
16554,128,89,44,84
16555,115,78,39,76
16556,159,113,56,103
16557,159,112,56,103
16558,159,113,56,103
16559,141,98,49,92
16560,128,89,44,84
16561,159,112,56,103
16562,159,113,56,103
16563,159,112,56,103
16564,128,89,44,84
16565,128,88,44,84
16566,97,65,32,65
16567,97,64,32,65
16568,128,89,44,84
16569,66,40,20,46
16570,128,89,44,84
16571,66,40,20,46
16572,66,41,20,46
16573,66,40,20,46
16574,66,41,20,46
16575,66,40,20,46
16576,128,89,44,84
16577,115,78,39,76
16578,115,79,39,76
16579,115,78,39,76
16580,40,21,10,30
16581,40,20,10,30
16582,40,21,10,30
16583,97,64,32,65
16584,40,21,10,30
16585,128,88,44,84
16586,40,21,10,30
16587,141,98,49,92
16588,40,21,10,30
16589,40,20,10,30
16590,97,65,32,65
16591,97,64,32,65
16592,128,89,44,84
16593,40,20,10,30
16594,40,21,10,30
16595,40,20,10,30
16596,128,89,44,84
16597,128,88,44,84
16598,159,113,56,103
16599,159,112,56,103
16600,97,65,32,65
16601,40,20,10,30
16602,97,65,32,65
16603,159,112,56,103
16604,97,65,32,65
16605,97,64,32,65
16606,128,89,44,84
16607,128,88,44,84
16608,66,41,20,46
16609,66,40,20,46
16610,128,89,44,84
16611,128,88,44,84
16612,66,41,20,46
16613,66,40,20,46
16614,66,41,20,46
16615,40,20,10,30
16616,66,41,20,46
16617,190,136,68,122
16618,66,41,20,46
16619,40,20,10,30
16620,66,41,20,46
16621,66,40,20,46
16622,66,41,20,46
16623,234,170,85,149
16624,66,41,20,46
16625,66,40,20,46
16626,190,137,68,122
16627,190,136,68,122
16628,66,41,20,46
16629,66,40,20,46
16630,203,147,73,130
16631,203,146,73,130
16632,53,31,15,38
16633,203,146,73,130
16634,53,31,15,38
16635,97,64,32,65
16636,53,31,15,38
16637,53,30,15,38
16638,89,59,29,60
16639,89,58,29,60
16640,35,17,8,27
16641,53,30,15,38
16642,53,31,15,38
16643,53,30,15,38
16644,66,41,20,46
16645,66,40,20,46
16646,66,41,20,46
16647,203,146,73,130
16648,66,41,20,46
16649,89,58,29,60
16650,66,41,20,46
16651,66,40,20,46
16652,66,41,20,46
16653,66,40,20,46
16654,66,41,20,46
16655,66,40,20,46
16656,128,89,44,84
16657,66,40,20,46
16658,190,137,68,122
16659,190,136,68,122
16660,128,89,44,84
16661,128,88,44,84
16662,159,113,56,103
16663,159,112,56,103
16664,128,89,44,84
16665,159,112,56,103
16666,128,89,44,84
16667,53,30,15,38
16668,115,79,39,76
16669,115,78,39,76
16670,115,79,39,76
16671,159,112,56,103
16672,128,89,44,84
16673,159,112,56,103
16674,159,113,56,103
16675,159,112,56,103
16676,159,113,56,103
16677,159,112,56,103
16678,159,113,56,103
16679,159,112,56,103
16680,128,89,44,84
16681,115,78,39,76
16682,128,89,44,84
16683,89,58,29,60
16684,128,89,44,84
16685,128,88,44,84
16686,128,89,44,84
16687,115,78,39,76
16688,128,89,44,84
16689,115,78,39,76
16690,115,79,39,76
16691,115,78,39,76
16692,128,89,44,84
16693,128,88,44,84
16694,66,41,20,46
16695,66,40,20,46
16696,115,79,39,76
16697,71,44,22,49
16698,115,79,39,76
16699,115,78,39,76
16700,115,79,39,76
16701,115,78,39,76
16702,234,171,85,149
16703,234,170,85,149
16704,35,17,8,27
16705,128,88,44,84
16706,89,59,29,60
16707,89,58,29,60
16708,128,89,44,84
16709,128,88,44,84
16710,128,89,44,84
16711,141,98,49,92
16712,66,41,20,46
16713,66,40,20,46
16714,66,41,20,46
16715,128,88,44,84
16716,66,41,20,46
16717,66,40,20,46
16718,141,99,49,92
16719,141,98,49,92
16720,35,17,8,27
16721,66,40,20,46
16722,115,79,39,76
16723,115,78,39,76
16724,35,17,8,27
16725,35,16,8,27
16726,66,41,20,46
16727,66,40,20,46
16728,40,21,10,30
16729,66,40,20,46
16730,40,21,10,30
16731,66,40,20,46
16732,40,21,10,30
16733,40,20,10,30
16734,159,113,56,103
16735,159,112,56,103
16736,128,89,44,84
16737,66,40,20,46
16738,40,21,10,30
16739,40,20,10,30
16740,40,21,10,30
16741,40,20,10,30
16742,40,21,10,30
16743,66,40,20,46
16744,128,89,44,84
16745,110,74,37,73
16746,128,89,44,84
16747,110,74,37,73
16748,66,41,20,46
16749,66,40,20,46
16750,66,41,20,46
16751,66,40,20,46
16752,128,89,44,84
16753,128,88,44,84
16754,159,113,56,103
16755,159,112,56,103
16756,128,89,44,84
16757,128,88,44,84
16758,159,113,56,103
16759,159,112,56,103
16760,110,75,37,73
16761,66,40,20,46
16762,110,75,37,73
16763,115,78,39,76
16764,110,75,37,73
16765,110,74,37,73
16766,159,113,56,103
16767,159,112,56,103
16768,35,17,8,27
16769,40,20,10,30
16770,66,41,20,46
16771,66,40,20,46
16772,66,41,20,46
16773,66,40,20,46
16774,66,41,20,46
16775,66,40,20,46
16776,66,41,20,46
16777,265,194,97,168
16778,66,41,20,46
16779,110,74,37,73
16780,66,41,20,46
16781,66,40,20,46
16782,66,41,20,46
16783,66,40,20,46
16784,66,41,20,46
16785,128,88,44,84
16786,128,89,44,84
16787,128,88,44,84
16788,66,41,20,46
16789,66,40,20,46
16790,66,41,20,46
16791,66,40,20,46
16792,66,41,20,46
16793,66,40,20,46
16794,66,41,20,46
16795,159,112,56,103
16796,66,41,20,46
16797,66,40,20,46
16798,66,41,20,46
16799,71,44,22,49
16800,35,17,8,27
16801,159,112,56,103
16802,66,41,20,46
16803,66,40,20,46
16804,66,41,20,46
16805,66,40,20,46
16806,66,41,20,46
16807,66,40,20,46
16808,35,17,8,27
16809,159,112,56,103
16810,35,17,8,27
16811,66,40,20,46
16812,66,41,20,46
16813,66,40,20,46
16814,66,41,20,46
16815,66,40,20,46
16816,97,65,32,65
16817,66,40,20,46
16818,66,41,20,46
16819,66,40,20,46
16820,97,65,32,65
16821,97,64,32,65
16822,66,41,20,46
16823,66,40,20,46
16824,97,65,32,65
16825,66,40,20,46
16826,97,65,32,65
16827,66,40,20,46
16828,110,75,37,73
16829,110,74,37,73
16830,110,75,37,73
16831,110,74,37,73
16832,84,55,27,57
16833,97,64,32,65
16834,159,113,56,103
16835,159,112,56,103
16836,35,17,8,27
16837,35,16,8,27
16838,35,17,8,27
16839,66,40,20,46
16840,128,89,44,84
16841,66,40,20,46
16842,128,89,44,84
16843,66,40,20,46
16844,128,89,44,84
16845,128,88,44,84
16846,66,41,20,46
16847,66,40,20,46
16848,84,55,27,57
16849,128,88,44,84
16850,203,147,73,130
16851,203,146,73,130
16852,84,55,27,57
16853,84,54,27,57
16854,159,113,56,103
16855,159,112,56,103
16856,159,113,56,103
16857,159,112,56,103
16858,159,113,56,103
16859,58,34,17,41
16860,159,113,56,103
16861,159,112,56,103
16862,97,65,32,65
16863,97,64,32,65
16864,84,55,27,57
16865,66,40,20,46
16866,84,55,27,57
16867,84,54,27,57
16868,58,35,17,41
16869,58,34,17,41
16870,58,35,17,41
16871,58,34,17,41
16872,84,55,27,57
16873,58,34,17,41
16874,84,55,27,57
16875,58,34,17,41
16876,159,113,56,103
16877,159,112,56,103
16878,159,113,56,103
16879,84,54,27,57
16880,172,123,61,111
16881,84,54,27,57
16882,58,35,17,41
16883,58,34,17,41
16884,172,123,61,111
16885,172,122,61,111
16886,110,75,37,73
16887,110,74,37,73
16888,172,123,61,111
16889,58,34,17,41
16890,172,123,61,111
16891,159,112,56,103
16892,159,113,56,103
16893,159,112,56,103
16894,159,113,56,103
16895,203,146,73,130
16896,35,17,8,27
16897,128,88,44,84
16898,58,35,17,41
16899,58,34,17,41
16900,58,35,17,41
16901,58,34,17,41
16902,58,35,17,41
16903,203,146,73,130
16904,84,55,27,57
16905,58,34,17,41
16906,84,55,27,57
16907,58,34,17,41
16908,84,55,27,57
16909,84,54,27,57
16910,203,147,73,130
16911,203,146,73,130
16912,84,55,27,57
16913,84,54,27,57
16914,58,35,17,41
16915,58,34,17,41
16916,84,55,27,57
16917,84,54,27,57
16918,84,55,27,57
16919,84,54,27,57
16920,84,55,27,57
16921,84,54,27,57
16922,84,55,27,57
16923,110,74,37,73
16924,40,21,10,30
16925,40,20,10,30
16926,40,21,10,30
16927,110,74,37,73
16928,35,17,8,27
16929,40,20,10,30
16930,84,55,27,57
16931,84,54,27,57
16932,203,147,73,130
16933,203,146,73,130
16934,203,147,73,130
16935,40,20,10,30
16936,35,17,8,27
16937,146,102,51,95
16938,35,17,8,27
16939,84,54,27,57
16940,58,35,17,41
16941,58,34,17,41
16942,58,35,17,41
16943,58,34,17,41
16944,35,17,8,27
16945,58,34,17,41
16946,58,35,17,41
16947,58,34,17,41
16948,35,17,8,27
16949,35,16,8,27
16950,110,75,37,73
16951,110,74,37,73
16952,84,55,27,57
16953,58,34,17,41
16954,84,55,27,57
16955,84,54,27,57
16956,84,55,27,57
16957,84,54,27,57
16958,84,55,27,57
16959,84,54,27,57
16960,128,89,44,84
16961,110,74,37,73
16962,110,75,37,73
16963,110,74,37,73
16964,110,75,37,73
16965,110,74,37,73
16966,110,75,37,73
16967,84,54,27,57
16968,110,75,37,73
16969,84,54,27,57
16970,110,75,37,73
16971,110,74,37,73
16972,110,75,37,73
16973,110,74,37,73
16974,141,99,49,92
16975,141,98,49,92
16976,128,89,44,84
16977,66,40,20,46
16978,66,41,20,46
16979,66,40,20,46
16980,128,89,44,84
16981,128,88,44,84
16982,110,75,37,73
16983,110,74,37,73
16984,35,17,8,27
16985,110,74,37,73
16986,35,17,8,27
16987,110,74,37,73
16988,35,17,8,27
16989,35,16,8,27
16990,84,55,27,57
16991,84,54,27,57
16992,128,89,44,84
16993,84,54,27,57
16994,128,89,44,84
16995,128,88,44,84
16996,128,89,44,84
16997,128,88,44,84
16998,128,89,44,84
16999,84,54,27,57
17000,128,89,44,84
17001,203,146,73,130
17002,128,89,44,84
17003,84,54,27,57
17004,84,55,27,57
17005,84,54,27,57
17006,84,55,27,57
17007,115,78,39,76
17008,79,51,25,54
17009,128,88,44,84
17010,84,55,27,57
17011,84,54,27,57
17012,79,51,25,54
17013,79,50,25,54
17014,79,51,25,54
17015,79,50,25,54
17016,79,51,25,54
17017,128,88,44,84
17018,79,51,25,54
17019,159,112,56,103
17020,203,147,73,130
17021,203,146,73,130
17022,203,147,73,130
17023,216,156,78,138
17024,35,17,8,27
17025,159,112,56,103
17026,128,89,44,84
17027,128,88,44,84
17028,40,21,10,30
17029,40,20,10,30
17030,40,21,10,30
17031,79,50,25,54
17032,128,89,44,84
17033,159,112,56,103
17034,128,89,44,84
17035,40,20,10,30
17036,128,89,44,84
17037,128,88,44,84
17038,159,113,56,103
17039,159,112,56,103
17040,79,51,25,54
17041,79,50,25,54
17042,79,51,25,54
17043,79,50,25,54
17044,79,51,25,54
17045,79,50,25,54
17046,128,89,44,84
17047,128,88,44,84
17048,79,51,25,54
17049,172,122,61,111
17050,79,51,25,54
17051,141,98,49,92
17052,128,89,44,84
17053,128,88,44,84
17054,128,89,44,84
17055,172,122,61,111
17056,35,17,8,27
17057,79,50,25,54
17058,79,51,25,54
17059,79,50,25,54
17060,172,123,61,111
17061,172,122,61,111
17062,172,123,61,111
17063,79,50,25,54
17064,35,17,8,27
17065,172,122,61,111
17066,35,17,8,27
17067,172,122,61,111
17068,128,89,44,84
17069,128,88,44,84
17070,128,89,44,84
17071,172,122,61,111
17072,66,41,20,46
17073,172,122,61,111
17074,172,123,61,111
17075,172,122,61,111
17076,66,41,20,46
17077,66,40,20,46
17078,128,89,44,84
17079,128,88,44,84
17080,66,41,20,46
17081,172,122,61,111
17082,66,41,20,46
17083,79,50,25,54
17084,172,123,61,111
17085,172,122,61,111
17086,172,123,61,111
17087,203,146,73,130
17088,27,11,5,22
17089,66,40,20,46
17090,128,89,44,84
17091,128,88,44,84
17092,66,41,20,46
17093,66,40,20,46
17094,66,41,20,46
17095,128,88,44,84
17096,66,41,20,46
17097,53,30,15,38
17098,66,41,20,46
17099,53,30,15,38
17100,66,41,20,46
17101,66,40,20,46
17102,79,51,25,54
17103,79,50,25,54
17104,27,11,5,22
17105,53,30,15,38
17106,53,31,15,38
17107,53,30,15,38
17108,27,11,5,22
17109,27,10,5,22
17110,53,31,15,38
17111,53,30,15,38
17112,79,51,25,54
17113,66,40,20,46
17114,79,51,25,54
17115,53,30,15,38
17116,79,51,25,54
17117,79,50,25,54
17118,79,51,25,54
17119,79,50,25,54
17120,27,11,5,22
17121,164,116,58,106
17122,27,11,5,22
17123,27,10,5,22
17124,128,89,44,84
17125,128,88,44,84
17126,128,89,44,84
17127,110,74,37,73
17128,27,11,5,22
17129,79,50,25,54
17130,27,11,5,22
17131,141,98,49,92
17132,128,89,44,84
17133,128,88,44,84
17134,128,89,44,84
17135,53,30,15,38
17136,172,123,61,111
17137,27,10,5,22
17138,79,51,25,54
17139,79,50,25,54
17140,172,123,61,111
17141,172,122,61,111
17142,172,123,61,111
17143,172,122,61,111
17144,172,123,61,111
17145,172,122,61,111
17146,172,123,61,111
17147,172,122,61,111
17148,128,89,44,84
17149,128,88,44,84
17150,128,89,44,84
17151,234,170,85,149
17152,35,17,8,27
17153,66,40,20,46
17154,66,41,20,46
17155,66,40,20,46
17156,79,51,25,54
17157,79,50,25,54
17158,79,51,25,54
17159,53,30,15,38
17160,79,51,25,54
17161,172,122,61,111
17162,79,51,25,54
17163,110,74,37,73
17164,79,51,25,54
17165,79,50,25,54
17166,79,51,25,54
17167,79,50,25,54
17168,27,11,5,22
17169,79,50,25,54
17170,172,123,61,111
17171,172,122,61,111
17172,27,11,5,22
17173,27,10,5,22
17174,128,89,44,84
17175,128,88,44,84
17176,27,11,5,22
17177,128,88,44,84
17178,27,11,5,22
17179,190,136,68,122
17180,79,51,25,54
17181,79,50,25,54
17182,79,51,25,54
17183,141,98,49,92
17184,27,11,5,22
17185,79,50,25,54
17186,27,11,5,22
17187,27,10,5,22
17188,27,11,5,22
17189,27,10,5,22
17190,27,11,5,22
17191,141,98,49,92
17192,27,11,5,22
17193,79,50,25,54
17194,27,11,5,22
17195,66,40,20,46
17196,66,41,20,46
17197,66,40,20,46
17198,66,41,20,46
17199,66,40,20,46
17200,27,11,5,22
17201,66,40,20,46
17202,66,41,20,46
17203,66,40,20,46
17204,27,11,5,22
17205,27,10,5,22
17206,172,123,61,111
17207,172,122,61,111
17208,110,75,37,73
17209,79,50,25,54
17210,110,75,37,73
17211,66,40,20,46
17212,110,75,37,73
17213,110,74,37,73
17214,172,123,61,111
17215,172,122,61,111
17216,35,17,8,27
17217,27,10,5,22
17218,172,123,61,111
17219,172,122,61,111
17220,79,51,25,54
17221,79,50,25,54
17222,79,51,25,54
17223,128,88,44,84
17224,79,51,25,54
17225,79,50,25,54
17226,79,51,25,54
17227,79,50,25,54
17228,79,51,25,54
17229,79,50,25,54
17230,79,51,25,54
17231,79,50,25,54
17232,35,17,8,27
17233,172,122,61,111
17234,172,123,61,111
17235,172,122,61,111
17236,35,17,8,27
17237,35,16,8,27
17238,141,99,49,92
17239,141,98,49,92
17240,172,123,61,111
17241,27,10,5,22
17242,172,123,61,111
17243,84,54,27,57
17244,172,123,61,111
17245,172,122,61,111
17246,79,51,25,54
17247,79,50,25,54
17248,53,31,15,38
17249,141,98,49,92
17250,53,31,15,38
17251,53,30,15,38
17252,53,31,15,38
17253,53,30,15,38
17254,53,31,15,38
17255,234,170,85,149
17256,53,31,15,38
17257,172,122,61,111
17258,53,31,15,38
17259,27,10,5,22
17260,128,89,44,84
17261,128,88,44,84
17262,128,89,44,84
17263,66,40,20,46
17264,53,31,15,38
17265,53,30,15,38
17266,53,31,15,38
17267,53,30,15,38
17268,53,31,15,38
17269,53,30,15,38
17270,172,123,61,111
17271,172,122,61,111
17272,128,89,44,84
17273,110,74,37,73
17274,128,89,44,84
17275,128,88,44,84
17276,128,89,44,84
17277,128,88,44,84
17278,110,75,37,73
17279,110,74,37,73
17280,48,27,13,35
17281,172,122,61,111
17282,172,123,61,111
17283,172,122,61,111
17284,172,123,61,111
17285,172,122,61,111
17286,172,123,61,111
17287,172,122,61,111
17288,35,17,8,27
17289,110,74,37,73
17290,35,17,8,27
17291,97,64,32,65
17292,35,17,8,27
17293,35,16,8,27
17294,53,31,15,38
17295,53,30,15,38
17296,141,99,49,92
17297,53,30,15,38
17298,53,31,15,38
17299,53,30,15,38
17300,141,99,49,92
17301,141,98,49,92
17302,53,31,15,38
17303,53,30,15,38
17304,141,99,49,92
17305,53,30,15,38
17306,141,99,49,92
17307,53,30,15,38
17308,172,123,61,111
17309,172,122,61,111
17310,172,123,61,111
17311,110,74,37,73
17312,48,27,13,35
17313,53,30,15,38
17314,141,99,49,92
17315,141,98,49,92
17316,53,31,15,38
17317,53,30,15,38
17318,53,31,15,38
17319,53,30,15,38
17320,48,27,13,35
17321,172,122,61,111
17322,48,27,13,35
17323,53,30,15,38
17324,128,89,44,84
17325,128,88,44,84
17326,128,89,44,84
17327,141,98,49,92
17328,141,99,49,92
17329,141,98,49,92
17330,141,99,49,92
17331,141,98,49,92
17332,141,99,49,92
17333,141,98,49,92
17334,128,89,44,84
17335,128,88,44,84
17336,141,99,49,92
17337,128,88,44,84
17338,141,99,49,92
17339,128,88,44,84
17340,66,41,20,46
17341,66,40,20,46
17342,66,41,20,46
17343,159,112,56,103
17344,48,27,13,35
17345,141,98,49,92
17346,141,99,49,92
17347,141,98,49,92
17348,48,27,13,35
17349,48,26,13,35
17350,48,27,13,35
17351,128,88,44,84
17352,79,51,25,54
17353,53,30,15,38
17354,79,51,25,54
17355,141,98,49,92
17356,79,51,25,54
17357,79,50,25,54
17358,172,123,61,111
17359,172,122,61,111
17360,48,27,13,35
17361,79,50,25,54
17362,79,51,25,54
17363,79,50,25,54
17364,48,27,13,35
17365,48,26,13,35
17366,110,75,37,73
17367,110,74,37,73
17368,53,31,15,38
17369,48,26,13,35
17370,53,31,15,38
17371,141,98,49,92
17372,53,31,15,38
17373,53,30,15,38
17374,110,75,37,73
17375,110,74,37,73
17376,141,99,49,92
17377,159,112,56,103
17378,48,27,13,35
17379,48,26,13,35
17380,53,31,15,38
17381,53,30,15,38
17382,53,31,15,38
17383,53,30,15,38
17384,141,99,49,92
17385,84,54,27,57
17386,141,99,49,92
17387,84,54,27,57
17388,185,133,66,119
17389,185,132,66,119
17390,185,133,66,119
17391,84,54,27,57
17392,141,99,49,92
17393,141,98,49,92
17394,203,147,73,130
17395,203,146,73,130
17396,141,99,49,92
17397,141,98,49,92
17398,203,147,73,130
17399,203,146,73,130
17400,79,51,25,54
17401,79,50,25,54
17402,79,51,25,54
17403,203,146,73,130
17404,79,51,25,54
17405,79,50,25,54
17406,110,75,37,73
17407,110,74,37,73
17408,22,7,3,19
17409,172,122,61,111
17410,172,123,61,111
17411,172,122,61,111
17412,141,99,49,92
17413,141,98,49,92
17414,141,99,49,92
17415,172,122,61,111
17416,141,99,49,92
17417,141,98,49,92
17418,141,99,49,92
17419,141,98,49,92
17420,141,99,49,92
17421,141,98,49,92
17422,110,75,37,73
17423,110,74,37,73
17424,48,27,13,35
17425,141,98,49,92
17426,141,99,49,92
17427,141,98,49,92
17428,48,27,13,35
17429,48,26,13,35
17430,141,99,49,92
17431,141,98,49,92
17432,48,27,13,35
17433,110,74,37,73
17434,48,27,13,35
17435,159,112,56,103
17436,172,123,61,111
17437,172,122,61,111
17438,172,123,61,111
17439,154,108,54,100
17440,48,27,13,35
17441,172,122,61,111
17442,48,27,13,35
17443,48,26,13,35
17444,141,99,49,92
17445,141,98,49,92
17446,141,99,49,92
17447,172,122,61,111
17448,48,27,13,35
17449,110,74,37,73
17450,48,27,13,35
17451,141,98,49,92
17452,141,99,49,92
17453,141,98,49,92
17454,141,99,49,92
17455,79,50,25,54
17456,48,27,13,35
17457,141,98,49,92
17458,141,99,49,92
17459,141,98,49,92
17460,48,27,13,35
17461,48,26,13,35
17462,128,89,44,84
17463,128,88,44,84
17464,141,99,49,92
17465,53,30,15,38
17466,141,99,49,92
17467,53,30,15,38
17468,141,99,49,92
17469,141,98,49,92
17470,141,99,49,92
17471,141,98,49,92
17472,35,17,8,27
17473,141,98,49,92
17474,141,99,49,92
17475,141,98,49,92
17476,48,27,13,35
17477,48,26,13,35
17478,48,27,13,35
17479,172,122,61,111
17480,110,75,37,73
17481,53,30,15,38
17482,110,75,37,73
17483,48,26,13,35
17484,110,75,37,73
17485,110,74,37,73
17486,110,75,37,73
17487,110,74,37,73
17488,35,17,8,27
17489,110,74,37,73
17490,53,31,15,38
17491,53,30,15,38
17492,35,17,8,27
17493,35,16,8,27
17494,48,27,13,35
17495,48,26,13,35
17496,79,51,25,54
17497,79,50,25,54
17498,79,51,25,54
17499,110,74,37,73
17500,79,51,25,54
17501,79,50,25,54
17502,53,31,15,38
17503,53,30,15,38
17504,35,17,8,27
17505,79,50,25,54
17506,79,51,25,54
17507,79,50,25,54
17508,79,51,25,54
17509,79,50,25,54
17510,79,51,25,54
17511,128,88,44,84
17512,35,17,8,27
17513,79,50,25,54
17514,35,17,8,27
17515,203,146,73,130
17516,216,157,78,138
17517,216,156,78,138
17518,216,157,78,138
17519,79,50,25,54
17520,79,51,25,54
17521,35,16,8,27
17522,66,41,20,46
17523,66,40,20,46
17524,79,51,25,54
17525,79,50,25,54
17526,48,27,13,35
17527,48,26,13,35
17528,79,51,25,54
17529,66,40,20,46
17530,79,51,25,54
17531,66,40,20,46
17532,79,51,25,54
17533,79,50,25,54
17534,79,51,25,54
17535,66,40,20,46
17536,97,65,32,65
17537,102,68,34,68
17538,141,99,49,92
17539,141,98,49,92
17540,141,99,49,92
17541,141,98,49,92
17542,141,99,49,92
17543,79,50,25,54
17544,141,99,49,92
17545,216,156,78,138
17546,141,99,49,92
17547,203,146,73,130
17548,141,99,49,92
17549,141,98,49,92
17550,141,99,49,92
17551,141,98,49,92
17552,141,99,49,92
17553,141,98,49,92
17554,141,99,49,92
17555,141,98,49,92
17556,141,99,49,92
17557,141,98,49,92
17558,141,99,49,92
17559,141,98,49,92
17560,141,99,49,92
17561,141,98,49,92
17562,141,99,49,92
17563,102,68,34,68
17564,172,123,61,111
17565,172,122,61,111
17566,172,123,61,111
17567,79,50,25,54
17568,97,65,32,65
17569,172,122,61,111
17570,141,99,49,92
17571,141,98,49,92
17572,141,99,49,92
17573,141,98,49,92
17574,141,99,49,92
17575,102,68,34,68
17576,97,65,32,65
17577,247,180,90,157
17578,97,65,32,65
17579,141,98,49,92
17580,128,89,44,84
17581,128,88,44,84
17582,128,89,44,84
17583,128,88,44,84
17584,35,17,8,27
17585,128,88,44,84
17586,128,89,44,84
17587,128,88,44,84
17588,35,17,8,27
17589,35,16,8,27
17590,128,89,44,84
17591,128,88,44,84
17592,35,17,8,27
17593,247,180,90,157
17594,35,17,8,27
17595,247,180,90,157
17596,102,69,34,68
17597,102,68,34,68
17598,102,69,34,68
17599,141,98,49,92
17600,97,65,32,65
17601,79,50,25,54
17602,79,51,25,54
17603,79,50,25,54
17604,141,99,49,92
17605,141,98,49,92
17606,141,99,49,92
17607,79,50,25,54
17608,141,99,49,92
17609,48,26,13,35
17610,141,99,49,92
17611,48,26,13,35
17612,141,99,49,92
17613,141,98,49,92
17614,79,51,25,54
17615,79,50,25,54
17616,97,65,32,65
17617,79,50,25,54
17618,79,51,25,54
17619,79,50,25,54
17620,97,65,32,65
17621,97,64,32,65
17622,53,31,15,38
17623,53,30,15,38
17624,53,31,15,38
17625,141,98,49,92
17626,53,31,15,38
17627,53,30,15,38
17628,53,31,15,38
17629,53,30,15,38
17630,53,31,15,38
17631,53,30,15,38
17632,48,27,13,35
17633,154,108,54,100
17634,97,65,32,65
17635,97,64,32,65
17636,79,51,25,54
17637,79,50,25,54
17638,79,51,25,54
17639,79,50,25,54
17640,48,27,13,35
17641,141,98,49,92
17642,48,27,13,35
17643,53,30,15,38
17644,48,27,13,35
17645,48,26,13,35
17646,48,27,13,35
17647,278,204,102,176
17648,48,27,13,35
17649,48,26,13,35
17650,141,99,49,92
17651,141,98,49,92
17652,48,27,13,35
17653,48,26,13,35
17654,123,85,42,81
17655,123,84,42,81
17656,172,123,61,111
17657,123,84,42,81
17658,172,123,61,111
17659,128,88,44,84
17660,172,123,61,111
17661,172,122,61,111
17662,123,85,42,81
17663,123,84,42,81
17664,22,7,3,19
17665,79,50,25,54
17666,79,51,25,54
17667,79,50,25,54
17668,97,65,32,65
17669,97,64,32,65
17670,97,65,32,65
17671,79,50,25,54
17672,79,51,25,54
17673,278,204,102,176
17674,79,51,25,54
17675,79,50,25,54
17676,79,51,25,54
17677,79,50,25,54
17678,79,51,25,54
17679,79,50,25,54
17680,97,65,32,65
17681,79,50,25,54
17682,141,99,49,92
17683,141,98,49,92
17684,97,65,32,65
17685,97,64,32,65
17686,79,51,25,54
17687,79,50,25,54
17688,97,65,32,65
17689,79,50,25,54
17690,97,65,32,65
17691,154,108,54,100
17692,79,51,25,54
17693,79,50,25,54
17694,79,51,25,54
17695,79,50,25,54
17696,141,99,49,92
17697,97,64,32,65
17698,48,27,13,35
17699,48,26,13,35
17700,48,27,13,35
17701,48,26,13,35
17702,48,27,13,35
17703,79,50,25,54
17704,141,99,49,92
17705,79,50,25,54
17706,141,99,49,92
17707,48,26,13,35
17708,97,65,32,65
17709,97,64,32,65
17710,97,65,32,65
17711,79,50,25,54
17712,141,99,49,92
17713,110,74,37,73
17714,110,75,37,73
17715,110,74,37,73
17716,141,99,49,92
17717,141,98,49,92
17718,79,51,25,54
17719,79,50,25,54
17720,123,85,42,81
17721,79,50,25,54
17722,123,85,42,81
17723,97,64,32,65
17724,123,85,42,81
17725,123,84,42,81
17726,79,51,25,54
17727,79,50,25,54
17728,22,7,3,19
17729,141,98,49,92
17730,172,123,61,111
17731,172,122,61,111
17732,141,99,49,92
17733,141,98,49,92
17734,141,99,49,92
17735,110,74,37,73
17736,79,51,25,54
17737,48,26,13,35
17738,79,51,25,54
17739,141,98,49,92
17740,79,51,25,54
17741,79,50,25,54
17742,79,51,25,54
17743,79,50,25,54
17744,22,7,3,19
17745,79,50,25,54
17746,172,123,61,111
17747,172,122,61,111
17748,22,7,3,19
17749,22,6,3,19
17750,97,65,32,65
17751,97,64,32,65
17752,97,65,32,65
17753,172,122,61,111
17754,97,65,32,65
17755,172,122,61,111
17756,97,65,32,65
17757,97,64,32,65
17758,172,123,61,111
17759,172,122,61,111
17760,35,17,8,27
17761,172,122,61,111
17762,185,133,66,119
17763,185,132,66,119
17764,185,133,66,119
17765,185,132,66,119
17766,185,133,66,119
17767,79,50,25,54
17768,35,17,8,27
17769,71,44,22,49
17770,35,17,8,27
17771,71,44,22,49
17772,97,65,32,65
17773,97,64,32,65
17774,97,65,32,65
17775,71,44,22,49
17776,35,17,8,27
17777,35,16,8,27
17778,185,133,66,119
17779,185,132,66,119
17780,35,17,8,27
17781,35,16,8,27
17782,71,45,22,49
17783,71,44,22,49
17784,185,133,66,119
17785,172,122,61,111
17786,185,133,66,119
17787,185,132,66,119
17788,185,133,66,119
17789,185,132,66,119
17790,71,45,22,49
17791,71,44,22,49
17792,48,27,13,35
17793,172,122,61,111
17794,35,17,8,27
17795,35,16,8,27
17796,71,45,22,49
17797,71,44,22,49
17798,71,45,22,49
17799,35,16,8,27
17800,141,99,49,92
17801,71,44,22,49
17802,141,99,49,92
17803,71,44,22,49
17804,141,99,49,92
17805,141,98,49,92
17806,97,65,32,65
17807,97,64,32,65
17808,141,99,49,92
17809,97,64,32,65
17810,97,65,32,65
17811,97,64,32,65
17812,141,99,49,92
17813,141,98,49,92
17814,97,65,32,65
17815,97,64,32,65
17816,141,99,49,92
17817,97,64,32,65
17818,141,99,49,92
17819,71,44,22,49
17820,97,65,32,65
17821,97,64,32,65
17822,97,65,32,65
17823,172,122,61,111
17824,48,27,13,35
17825,97,64,32,65
17826,48,27,13,35
17827,48,26,13,35
17828,48,27,13,35
17829,48,26,13,35
17830,48,27,13,35
17831,53,30,15,38
17832,48,27,13,35
17833,53,30,15,38
17834,48,27,13,35
17835,97,64,32,65
17836,48,27,13,35
17837,48,26,13,35
17838,48,27,13,35
17839,216,156,78,138
17840,97,65,32,65
17841,141,98,49,92
17842,141,99,49,92
17843,141,98,49,92
17844,97,65,32,65
17845,97,64,32,65
17846,71,45,22,49
17847,71,44,22,49
17848,97,65,32,65
17849,141,98,49,92
17850,97,65,32,65
17851,71,44,22,49
17852,48,27,13,35
17853,48,26,13,35
17854,48,27,13,35
17855,123,84,42,81
17856,48,27,13,35
17857,97,64,32,65
17858,97,65,32,65
17859,97,64,32,65
17860,48,27,13,35
17861,48,26,13,35
17862,48,27,13,35
17863,97,64,32,65
17864,141,99,49,92
17865,141,98,49,92
17866,141,99,49,92
17867,123,84,42,81
17868,141,99,49,92
17869,141,98,49,92
17870,110,75,37,73
17871,110,74,37,73
17872,48,27,13,35
17873,141,98,49,92
17874,97,65,32,65
17875,97,64,32,65
17876,48,27,13,35
17877,48,26,13,35
17878,123,85,42,81
17879,123,84,42,81
17880,48,27,13,35
17881,48,26,13,35
17882,48,27,13,35
17883,141,98,49,92
17884,48,27,13,35
17885,48,26,13,35
17886,154,109,54,100
17887,154,108,54,100
17888,92,61,30,62
17889,123,84,42,81
17890,48,27,13,35
17891,48,26,13,35
17892,97,65,32,65
17893,97,64,32,65
17894,97,65,32,65
17895,123,84,42,81
17896,92,61,30,62
17897,216,156,78,138
17898,92,61,30,62
17899,123,84,42,81
17900,141,99,49,92
17901,141,98,49,92
17902,141,99,49,92
17903,97,64,32,65
17904,92,61,30,62
17905,92,60,30,62
17906,141,99,49,92
17907,141,98,49,92
17908,92,61,30,62
17909,92,60,30,62
17910,97,65,32,65
17911,97,64,32,65
17912,141,99,49,92
17913,97,64,32,65
17914,141,99,49,92
17915,97,64,32,65
17916,141,99,49,92
17917,141,98,49,92
17918,247,181,90,157
17919,247,180,90,157
17920,22,7,3,19
17921,92,60,30,62
17922,48,27,13,35
17923,48,26,13,35
17924,48,27,13,35
17925,48,26,13,35
17926,48,27,13,35
17927,92,60,30,62
17928,48,27,13,35
17929,216,156,78,138
17930,48,27,13,35
17931,48,26,13,35
17932,48,27,13,35
17933,48,26,13,35
17934,141,99,49,92
17935,141,98,49,92
17936,48,27,13,35
17937,48,26,13,35
17938,53,31,15,38
17939,53,30,15,38
17940,48,27,13,35
17941,48,26,13,35
17942,141,99,49,92
17943,141,98,49,92
17944,48,27,13,35
17945,141,98,49,92
17946,48,27,13,35
17947,154,108,54,100
17948,48,27,13,35
17949,48,26,13,35
17950,48,27,13,35
17951,141,98,49,92
17952,48,27,13,35
17953,92,60,30,62
17954,48,27,13,35
17955,48,26,13,35
17956,92,61,30,62
17957,92,60,30,62
17958,92,61,30,62
17959,92,60,30,62
17960,48,27,13,35
17961,92,60,30,62
17962,48,27,13,35
17963,48,26,13,35
17964,185,133,66,119
17965,185,132,66,119
17966,185,133,66,119
17967,185,132,66,119
17968,48,27,13,35
17969,185,132,66,119
17970,185,133,66,119
17971,185,132,66,119
17972,48,27,13,35
17973,48,26,13,35
17974,92,61,30,62
17975,92,60,30,62
17976,79,51,25,54
17977,48,26,13,35
17978,79,51,25,54
17979,141,98,49,92
17980,79,51,25,54
17981,79,50,25,54
17982,141,99,49,92
17983,141,98,49,92
17984,48,27,13,35
17985,79,50,25,54
17986,79,51,25,54
17987,79,50,25,54
17988,48,27,13,35
17989,48,26,13,35
17990,48,27,13,35
17991,141,98,49,92
17992,48,27,13,35
17993,185,132,66,119
17994,48,27,13,35
17995,48,26,13,35
17996,48,27,13,35
17997,48,26,13,35
17998,185,133,66,119
17999,185,132,66,119
18000,48,27,13,35
18001,141,98,49,92
18002,141,99,49,92
18003,141,98,49,92
18004,48,27,13,35
18005,48,26,13,35
18006,79,51,25,54
18007,79,50,25,54
18008,40,21,10,30
18009,79,50,25,54
18010,40,21,10,30
18011,66,40,20,46
18012,40,21,10,30
18013,40,20,10,30
18014,79,51,25,54
18015,79,50,25,54
18016,48,27,13,35
18017,40,20,10,30
18018,40,21,10,30
18019,40,20,10,30
18020,40,21,10,30
18021,40,20,10,30
18022,40,21,10,30
18023,92,60,30,62
18024,48,27,13,35
18025,66,40,20,46
18026,48,27,13,35
18027,79,50,25,54
18028,92,61,30,62
18029,92,60,30,62
18030,92,61,30,62
18031,92,60,30,62
18032,141,99,49,92
18033,48,26,13,35
18034,40,21,10,30
18035,40,20,10,30
18036,141,99,49,92
18037,141,98,49,92
18038,40,21,10,30
18039,40,20,10,30
18040,141,99,49,92
18041,141,98,49,92
18042,141,99,49,92
18043,40,20,10,30
18044,154,109,54,100
18045,154,108,54,100
18046,154,109,54,100
18047,97,64,32,65
18048,22,7,3,19
18049,66,40,20,46
18050,48,27,13,35
18051,48,26,13,35
18052,185,133,66,119
18053,185,132,66,119
18054,185,133,66,119
18055,185,132,66,119
18056,40,21,10,30
18057,97,64,32,65
18058,40,21,10,30
18059,185,132,66,119
18060,40,21,10,30
18061,40,20,10,30
18062,185,133,66,119
18063,185,132,66,119
18064,40,21,10,30
18065,48,26,13,35
18066,48,27,13,35
18067,48,26,13,35
18068,40,21,10,30
18069,40,20,10,30
18070,40,21,10,30
18071,40,20,10,30
18072,40,21,10,30
18073,92,60,30,62
18074,40,21,10,30
18075,185,132,66,119
18076,92,61,30,62
18077,92,60,30,62
18078,92,61,30,62
18079,185,132,66,119
18080,22,7,3,19
18081,92,60,30,62
18082,185,133,66,119
18083,185,132,66,119
18084,185,133,66,119
18085,185,132,66,119
18086,185,133,66,119
18087,92,60,30,62
18088,22,7,3,19
18089,185,132,66,119
18090,22,7,3,19
18091,141,98,49,92
18092,92,61,30,62
18093,92,60,30,62
18094,92,61,30,62
18095,141,98,49,92
18096,40,21,10,30
18097,48,26,13,35
18098,48,27,13,35
18099,48,26,13,35
18100,40,21,10,30
18101,40,20,10,30
18102,92,61,30,62
18103,92,60,30,62
18104,40,21,10,30
18105,40,20,10,30
18106,40,21,10,30
18107,40,20,10,30
18108,40,21,10,30
18109,40,20,10,30
18110,40,21,10,30
18111,40,20,10,30
18112,66,41,20,46
18113,40,20,10,30
18114,79,51,25,54
18115,79,50,25,54
18116,66,41,20,46
18117,66,40,20,46
18118,66,41,20,46
18119,40,20,10,30
18120,66,41,20,46
18121,40,20,10,30
18122,66,41,20,46
18123,185,132,66,119
18124,66,41,20,46
18125,66,40,20,46
18126,92,61,30,62
18127,92,60,30,62
18128,66,41,20,46
18129,123,84,42,81
18130,123,85,42,81
18131,123,84,42,81
18132,66,41,20,46
18133,66,40,20,46
18134,48,27,13,35
18135,48,26,13,35
18136,92,61,30,62
18137,92,60,30,62
18138,92,61,30,62
18139,185,132,66,119
18140,92,61,30,62
18141,92,60,30,62
18142,92,61,30,62
18143,92,60,30,62
18144,66,41,20,46
18145,92,60,30,62
18146,66,41,20,46
18147,66,40,20,46
18148,66,41,20,46
18149,66,40,20,46
18150,66,41,20,46
18151,185,132,66,119
18152,66,41,20,46
18153,92,60,30,62
18154,66,41,20,46
18155,185,132,66,119
18156,185,133,66,119
18157,185,132,66,119
18158,185,133,66,119
18159,97,64,32,65
18160,66,41,20,46
18161,66,40,20,46
18162,97,65,32,65
18163,97,64,32,65
18164,66,41,20,46
18165,66,40,20,46
18166,92,61,30,62
18167,92,60,30,62
18168,66,41,20,46
18169,66,40,20,46
18170,66,41,20,46
18171,154,108,54,100
18172,185,133,66,119
18173,185,132,66,119
18174,185,133,66,119
18175,97,64,32,65
18176,110,75,37,73
18177,66,40,20,46
18178,141,99,49,92
18179,141,98,49,92
18180,141,99,49,92
18181,141,98,49,92
18182,141,99,49,92
18183,141,98,49,92
18184,141,99,49,92
18185,79,50,25,54
18186,141,99,49,92
18187,66,40,20,46
18188,141,99,49,92
18189,141,98,49,92
18190,141,99,49,92
18191,141,98,49,92
18192,22,7,3,19
18193,141,98,49,92
18194,123,85,42,81
18195,123,84,42,81
18196,22,7,3,19
18197,22,6,3,19
18198,123,85,42,81
18199,123,84,42,81
18200,22,7,3,19
18201,123,84,42,81
18202,22,7,3,19
18203,247,180,90,157
18204,185,133,66,119
18205,185,132,66,119
18206,185,133,66,119
18207,185,132,66,119
18208,61,37,18,43
18209,48,26,13,35
18210,154,109,54,100
18211,154,108,54,100
18212,154,109,54,100
18213,154,108,54,100
18214,154,109,54,100
18215,110,74,37,73
18216,61,37,18,43
18217,48,26,13,35
18218,61,37,18,43
18219,154,108,54,100
18220,61,37,18,43
18221,61,36,18,43
18222,61,37,18,43
18223,66,40,20,46
18224,61,37,18,43
18225,61,36,18,43
18226,61,37,18,43
18227,61,36,18,43
18228,61,37,18,43
18229,61,36,18,43
18230,154,109,54,100
18231,154,108,54,100
18232,154,109,54,100
18233,185,132,66,119
18234,154,109,54,100
18235,61,36,18,43
18236,154,109,54,100
18237,154,108,54,100
18238,66,41,20,46
18239,66,40,20,46
18240,110,75,37,73
18241,61,36,18,43
18242,61,37,18,43
18243,61,36,18,43
18244,61,37,18,43
18245,61,36,18,43
18246,61,37,18,43
18247,185,132,66,119
18248,154,109,54,100
18249,141,98,49,92
18250,154,109,54,100
18251,61,36,18,43
18252,154,109,54,100
18253,154,108,54,100
18254,154,109,54,100
18255,154,108,54,100
18256,110,75,37,73
18257,154,108,54,100
18258,66,41,20,46
18259,66,40,20,46
18260,110,75,37,73
18261,110,74,37,73
18262,154,109,54,100
18263,154,108,54,100
18264,61,37,18,43
18265,61,36,18,43
18266,61,37,18,43
18267,79,50,25,54
18268,61,37,18,43
18269,61,36,18,43
18270,61,37,18,43
18271,61,36,18,43
18272,35,17,8,27
18273,154,108,54,100
18274,35,17,8,27
18275,35,16,8,27
18276,35,17,8,27
18277,35,16,8,27
18278,35,17,8,27
18279,172,122,61,111
18280,35,17,8,27
18281,92,60,30,62
18282,35,17,8,27
18283,92,60,30,62
18284,61,37,18,43
18285,61,36,18,43
18286,61,37,18,43
18287,185,132,66,119
18288,35,17,8,27
18289,35,16,8,27
18290,66,41,20,46
18291,66,40,20,46
18292,35,17,8,27
18293,35,16,8,27
18294,66,41,20,46
18295,66,40,20,46
18296,123,85,42,81
18297,61,36,18,43
18298,123,85,42,81
18299,154,108,54,100
18300,123,85,42,81
18301,123,84,42,81
18302,92,61,30,62
18303,92,60,30,62
18304,110,75,37,73
18305,61,36,18,43
18306,154,109,54,100
18307,154,108,54,100
18308,154,109,54,100
18309,154,108,54,100
18310,154,109,54,100
18311,154,108,54,100
18312,110,75,37,73
18313,66,40,20,46
18314,110,75,37,73
18315,97,64,32,65
18316,110,75,37,73
18317,110,74,37,73
18318,198,143,71,127
18319,198,142,71,127
18320,154,109,54,100
18321,154,108,54,100
18322,154,109,54,100
18323,154,108,54,100
18324,154,109,54,100
18325,154,108,54,100
18326,35,17,8,27
18327,35,16,8,27
18328,154,109,54,100
18329,35,16,8,27
18330,154,109,54,100
18331,92,60,30,62
18332,92,61,30,62
18333,92,60,30,62
18334,92,61,30,62
18335,92,60,30,62
18336,110,75,37,73
18337,35,16,8,27
18338,154,109,54,100
18339,154,108,54,100
18340,154,109,54,100
18341,154,108,54,100
18342,154,109,54,100
18343,167,118,59,108
18344,110,75,37,73
18345,123,84,42,81
18346,110,75,37,73
18347,154,108,54,100
18348,123,85,42,81
18349,123,84,42,81
18350,123,85,42,81
18351,154,108,54,100
18352,61,37,18,43
18353,110,74,37,73
18354,110,75,37,73
18355,110,74,37,73
18356,61,37,18,43
18357,61,36,18,43
18358,61,37,18,43
18359,61,36,18,43
18360,61,37,18,43
18361,61,36,18,43
18362,61,37,18,43
18363,61,36,18,43
18364,172,123,61,111
18365,172,122,61,111
18366,172,123,61,111
18367,123,84,42,81
18368,48,27,13,35
18369,61,36,18,43
18370,185,133,66,119
18371,185,132,66,119
18372,110,75,37,73
18373,110,74,37,73
18374,110,75,37,73
18375,61,36,18,43
18376,61,37,18,43
18377,154,108,54,100
18378,61,37,18,43
18379,61,36,18,43
18380,61,37,18,43
18381,61,36,18,43
18382,61,37,18,43
18383,61,36,18,43
18384,48,27,13,35
18385,61,36,18,43
18386,92,61,30,62
18387,92,60,30,62
18388,48,27,13,35
18389,48,26,13,35
18390,154,109,54,100
18391,154,108,54,100
18392,154,109,54,100
18393,110,74,37,73
18394,154,109,54,100
18395,141,98,49,92
18396,154,109,54,100
18397,154,108,54,100
18398,66,41,20,46
18399,66,40,20,46
18400,48,27,13,35
18401,123,84,42,81
18402,48,27,13,35
18403,48,26,13,35
18404,61,37,18,43
18405,61,36,18,43
18406,61,37,18,43
18407,154,108,54,100
18408,48,27,13,35
18409,66,40,20,46
18410,48,27,13,35
18411,123,84,42,81
18412,123,85,42,81
18413,123,84,42,81
18414,123,85,42,81
18415,66,40,20,46
18416,61,37,18,43
18417,48,26,13,35
18418,123,85,42,81
18419,123,84,42,81
18420,61,37,18,43
18421,61,36,18,43
18422,123,85,42,81
18423,123,84,42,81
18424,61,37,18,43
18425,66,40,20,46
18426,61,37,18,43
18427,167,118,59,108
18428,154,109,54,100
18429,154,108,54,100
18430,154,109,54,100
18431,154,108,54,100
18432,30,13,6,24
18433,92,60,30,62
18434,48,27,13,35
18435,48,26,13,35
18436,48,27,13,35
18437,48,26,13,35
18438,48,27,13,35
18439,48,26,13,35
18440,110,75,37,73
18441,92,60,30,62
18442,110,75,37,73
18443,48,26,13,35
18444,110,75,37,73
18445,110,74,37,73
18446,48,27,13,35
18447,48,26,13,35
18448,154,109,54,100
18449,110,74,37,73
18450,229,167,83,146
18451,229,166,83,146
18452,154,109,54,100
18453,154,108,54,100
18454,110,75,37,73
18455,110,74,37,73
18456,154,109,54,100
18457,79,50,25,54
18458,154,109,54,100
18459,79,50,25,54
18460,92,61,30,62
18461,92,60,30,62
18462,92,61,30,62
18463,61,36,18,43
18464,35,17,8,27
18465,92,60,30,62
18466,154,109,54,100
18467,154,108,54,100
18468,110,75,37,73
18469,110,74,37,73
18470,110,75,37,73
18471,92,60,30,62
18472,35,17,8,27
18473,92,60,30,62
18474,35,17,8,27
18475,154,108,54,100
18476,154,109,54,100
18477,154,108,54,100
18478,154,109,54,100
18479,92,60,30,62
18480,35,17,8,27
18481,154,108,54,100
18482,154,109,54,100
18483,154,108,54,100
18484,35,17,8,27
18485,35,16,8,27
18486,92,61,30,62
18487,92,60,30,62
18488,154,109,54,100
18489,154,108,54,100
18490,154,109,54,100
18491,154,108,54,100
18492,154,109,54,100
18493,154,108,54,100
18494,185,133,66,119
18495,185,132,66,119
18496,35,17,8,27
18497,185,132,66,119
18498,185,133,66,119
18499,185,132,66,119
18500,35,17,8,27
18501,35,16,8,27
18502,35,17,8,27
18503,185,132,66,119
18504,110,75,37,73
18505,92,60,30,62
18506,110,75,37,73
18507,35,16,8,27
18508,110,75,37,73
18509,110,74,37,73
18510,154,109,54,100
18511,154,108,54,100
18512,35,17,8,27
18513,110,74,37,73
18514,260,191,95,165
18515,260,190,95,165
18516,35,17,8,27
18517,35,16,8,27
18518,48,27,13,35
18519,48,26,13,35
18520,110,75,37,73
18521,48,26,13,35
18522,110,75,37,73
18523,141,98,49,92
18524,110,75,37,73
18525,110,74,37,73
18526,141,99,49,92
18527,141,98,49,92
18528,35,17,8,27
18529,141,98,49,92
18530,110,75,37,73
18531,110,74,37,73
18532,110,75,37,73
18533,110,74,37,73
18534,110,75,37,73
18535,92,60,30,62
18536,35,17,8,27
18537,115,78,39,76
18538,35,17,8,27
18539,154,108,54,100
18540,92,61,30,62
18541,92,60,30,62
18542,92,61,30,62
18543,167,118,59,108
18544,61,37,18,43
18545,35,16,8,27
18546,154,109,54,100
18547,154,108,54,100
18548,61,37,18,43
18549,61,36,18,43
18550,154,109,54,100
18551,154,108,54,100
18552,61,37,18,43
18553,61,36,18,43
18554,61,37,18,43
18555,92,60,30,62
18556,92,61,30,62
18557,92,60,30,62
18558,92,61,30,62
18559,141,98,49,92
18560,123,85,42,81
18561,110,74,37,73
18562,61,37,18,43
18563,61,36,18,43
18564,61,37,18,43
18565,61,36,18,43
18566,61,37,18,43
18567,66,40,20,46
18568,35,17,8,27
18569,66,40,20,46
18570,35,17,8,27
18571,66,40,20,46
18572,35,17,8,27
18573,35,16,8,27
18574,167,119,59,108
18575,167,118,59,108
18576,185,133,66,119
18577,92,60,30,62
18578,92,61,30,62
18579,92,60,30,62
18580,185,133,66,119
18581,185,132,66,119
18582,35,17,8,27
18583,35,16,8,27
18584,185,133,66,119
18585,61,36,18,43
18586,185,133,66,119
18587,61,36,18,43
18588,61,37,18,43
18589,61,36,18,43
18590,61,37,18,43
18591,154,108,54,100
18592,123,85,42,81
18593,154,108,54,100
18594,185,133,66,119
18595,185,132,66,119
18596,136,95,47,89
18597,136,94,47,89
18598,136,95,47,89
18599,260,190,95,165
18600,123,85,42,81
18601,92,60,30,62
18602,123,85,42,81
18603,185,132,66,119
18604,35,17,8,27
18605,35,16,8,27
18606,35,17,8,27
18607,136,94,47,89
18608,154,109,54,100
18609,92,60,30,62
18610,92,61,30,62
18611,92,60,30,62
18612,154,109,54,100
18613,154,108,54,100
18614,92,61,30,62
18615,92,60,30,62
18616,154,109,54,100
18617,92,60,30,62
18618,154,109,54,100
18619,92,60,30,62
18620,92,61,30,62
18621,92,60,30,62
18622,92,61,30,62
18623,92,60,30,62
18624,123,85,42,81
18625,110,74,37,73
18626,110,75,37,73
18627,110,74,37,73
18628,154,109,54,100
18629,154,108,54,100
18630,154,109,54,100
18631,92,60,30,62
18632,154,109,54,100
18633,154,108,54,100
18634,154,109,54,100
18635,92,60,30,62
18636,154,109,54,100
18637,154,108,54,100
18638,92,61,30,62
18639,92,60,30,62
18640,123,85,42,81
18641,61,36,18,43
18642,61,37,18,43
18643,61,36,18,43
18644,123,85,42,81
18645,123,84,42,81
18646,61,37,18,43
18647,61,36,18,43
18648,110,75,37,73
18649,110,74,37,73
18650,110,75,37,73
18651,92,60,30,62
18652,110,75,37,73
18653,110,74,37,73
18654,92,61,30,62
18655,92,60,30,62
18656,35,17,8,27
18657,92,60,30,62
18658,123,85,42,81
18659,123,84,42,81
18660,136,95,47,89
18661,136,94,47,89
18662,136,95,47,89
18663,92,60,30,62
18664,35,17,8,27
18665,92,60,30,62
18666,35,17,8,27
18667,154,108,54,100
18668,35,17,8,27
18669,35,16,8,27
18670,35,17,8,27
18671,185,132,66,119
18672,35,17,8,27
18673,35,16,8,27
18674,154,109,54,100
18675,154,108,54,100
18676,35,17,8,27
18677,35,16,8,27
18678,154,109,54,100
18679,154,108,54,100
18680,92,61,30,62
18681,154,108,54,100
18682,92,61,30,62
18683,123,84,42,81
18684,92,61,30,62
18685,92,60,30,62
18686,61,37,18,43
18687,61,36,18,43
18688,123,85,42,81
18689,35,16,8,27
18690,185,133,66,119
18691,185,132,66,119
18692,61,37,18,43
18693,61,36,18,43
18694,61,37,18,43
18695,185,132,66,119
18696,61,37,18,43
18697,35,16,8,27
18698,61,37,18,43
18699,110,74,37,73
18700,61,37,18,43
18701,61,36,18,43
18702,110,75,37,73
18703,110,74,37,73
18704,61,37,18,43
18705,61,36,18,43
18706,185,133,66,119
18707,185,132,66,119
18708,61,37,18,43
18709,61,36,18,43
18710,198,143,71,127
18711,198,142,71,127
18712,61,37,18,43
18713,198,142,71,127
18714,61,37,18,43
18715,92,60,30,62
18716,48,27,13,35
18717,48,26,13,35
18718,48,27,13,35
18719,84,54,27,57
18720,61,37,18,43
18721,48,26,13,35
18722,48,27,13,35
18723,48,26,13,35
18724,48,27,13,35
18725,48,26,13,35
18726,48,27,13,35
18727,48,26,13,35
18728,61,37,18,43
18729,198,142,71,127
18730,61,37,18,43
18731,84,54,27,57
18732,61,37,18,43
18733,61,36,18,43
18734,61,37,18,43
18735,48,26,13,35
18736,61,37,18,43
18737,61,36,18,43
18738,61,37,18,43
18739,61,36,18,43
18740,61,37,18,43
18741,61,36,18,43
18742,185,133,66,119
18743,185,132,66,119
18744,154,109,54,100
18745,48,26,13,35
18746,154,109,54,100
18747,154,108,54,100
18748,154,109,54,100
18749,154,108,54,100
18750,48,27,13,35
18751,48,26,13,35
18752,123,85,42,81
18753,61,36,18,43
18754,110,75,37,73
18755,110,74,37,73
18756,154,109,54,100
18757,154,108,54,100
18758,154,109,54,100
18759,229,166,83,146
18760,154,109,54,100
18761,110,74,37,73
18762,154,109,54,100
18763,154,108,54,100
18764,154,109,54,100
18765,154,108,54,100
18766,110,75,37,73
18767,110,74,37,73
18768,123,85,42,81
18769,84,54,27,57
18770,84,55,27,57
18771,84,54,27,57
18772,123,85,42,81
18773,123,84,42,81
18774,61,37,18,43
18775,61,36,18,43
18776,110,75,37,73
18777,61,36,18,43
18778,110,75,37,73
18779,61,36,18,43
18780,110,75,37,73
18781,110,74,37,73
18782,61,37,18,43
18783,61,36,18,43
18784,123,85,42,81
18785,66,40,20,46
18786,110,75,37,73
18787,110,74,37,73
18788,110,75,37,73
18789,110,74,37,73
18790,110,75,37,73
18791,229,166,83,146
18792,123,85,42,81
18793,110,74,37,73
18794,123,85,42,81
18795,154,108,54,100
18796,84,55,27,57
18797,84,54,27,57
18798,84,55,27,57
18799,110,74,37,73
18800,123,85,42,81
18801,123,84,42,81
18802,61,37,18,43
18803,61,36,18,43
18804,123,85,42,81
18805,123,84,42,81
18806,61,37,18,43
18807,61,36,18,43
18808,61,37,18,43
18809,136,94,47,89
18810,61,37,18,43
18811,110,74,37,73
18812,61,37,18,43
18813,61,36,18,43
18814,110,75,37,73
18815,110,74,37,73
18816,123,85,42,81
18817,154,108,54,100
18818,61,37,18,43
18819,61,36,18,43
18820,61,37,18,43
18821,61,36,18,43
18822,61,37,18,43
18823,61,36,18,43
18824,35,17,8,27
18825,123,84,42,81
18826,35,17,8,27
18827,154,108,54,100
18828,35,17,8,27
18829,35,16,8,27
18830,61,37,18,43
18831,61,36,18,43
18832,35,17,8,27
18833,105,70,35,70
18834,105,71,35,70
18835,105,70,35,70
18836,35,17,8,27
18837,35,16,8,27
18838,105,71,35,70
18839,105,70,35,70
18840,35,17,8,27
18841,105,70,35,70
18842,35,17,8,27
18843,167,118,59,108
18844,61,37,18,43
18845,61,36,18,43
18846,61,37,18,43
18847,136,94,47,89
18848,123,85,42,81
18849,110,74,37,73
18850,154,109,54,100
18851,154,108,54,100
18852,154,109,54,100
18853,154,108,54,100
18854,154,109,54,100
18855,105,70,35,70
18856,123,85,42,81
18857,61,36,18,43
18858,123,85,42,81
18859,110,74,37,73
18860,105,71,35,70
18861,105,70,35,70
18862,105,71,35,70
18863,154,108,54,100
18864,61,37,18,43
18865,35,16,8,27
18866,35,17,8,27
18867,35,16,8,27
18868,61,37,18,43
18869,61,36,18,43
18870,154,109,54,100
18871,154,108,54,100
18872,61,37,18,43
18873,35,16,8,27
18874,61,37,18,43
18875,260,190,95,165
18876,105,71,35,70
18877,105,70,35,70
18878,105,71,35,70
18879,110,74,37,73
18880,61,37,18,43
18881,61,36,18,43
18882,105,71,35,70
18883,105,70,35,70
18884,123,85,42,81
18885,123,84,42,81
18886,123,85,42,81
18887,229,166,83,146
18888,61,37,18,43
18889,61,36,18,43
18890,61,37,18,43
18891,61,36,18,43
18892,61,37,18,43
18893,61,36,18,43
18894,154,109,54,100
18895,154,108,54,100
18896,61,37,18,43
18897,61,36,18,43
18898,61,37,18,43
18899,61,36,18,43
18900,61,37,18,43
18901,61,36,18,43
18902,154,109,54,100
18903,154,108,54,100
18904,61,37,18,43
18905,61,36,18,43
18906,61,37,18,43
18907,61,36,18,43
18908,61,37,18,43
18909,61,36,18,43
18910,154,109,54,100
18911,154,108,54,100
18912,61,37,18,43
18913,61,36,18,43
18914,61,37,18,43
18915,61,36,18,43
18916,61,37,18,43
18917,61,36,18,43
18918,61,37,18,43
18919,105,70,35,70
18920,61,37,18,43
18921,105,70,35,70
18922,61,37,18,43
18923,61,36,18,43
18924,61,37,18,43
18925,61,36,18,43
18926,61,37,18,43
18927,198,142,71,127
18928,92,61,30,62
18929,61,36,18,43
18930,61,37,18,43
18931,61,36,18,43
18932,92,61,30,62
18933,92,60,30,62
18934,105,71,35,70
18935,105,70,35,70
18936,92,61,30,62
18937,61,36,18,43
18938,92,61,30,62
18939,92,60,30,62
18940,154,109,54,100
18941,154,108,54,100
18942,154,109,54,100
18943,229,166,83,146
18944,30,13,6,24
18945,92,60,30,62
18946,61,37,18,43
18947,61,36,18,43
18948,61,37,18,43
18949,61,36,18,43
18950,61,37,18,43
18951,61,36,18,43
18952,123,85,42,81
18953,61,36,18,43
18954,123,85,42,81
18955,61,36,18,43
18956,123,85,42,81
18957,123,84,42,81
18958,198,143,71,127
18959,198,142,71,127
18960,154,109,54,100
18961,123,84,42,81
18962,154,109,54,100
18963,154,108,54,100
18964,154,109,54,100
18965,154,108,54,100
18966,53,31,15,38
18967,53,30,15,38
18968,154,109,54,100
18969,53,30,15,38
18970,154,109,54,100
18971,92,60,30,62
18972,61,37,18,43
18973,61,36,18,43
18974,61,37,18,43
18975,53,30,15,38
18976,79,51,25,54
18977,61,36,18,43
18978,154,109,54,100
18979,154,108,54,100
18980,53,31,15,38
18981,53,30,15,38
18982,53,31,15,38
18983,53,30,15,38
18984,79,51,25,54
18985,53,30,15,38
18986,79,51,25,54
18987,154,108,54,100
18988,154,109,54,100
18989,154,108,54,100
18990,154,109,54,100
18991,92,60,30,62
18992,79,51,25,54
18993,53,30,15,38
18994,53,31,15,38
18995,53,30,15,38
18996,79,51,25,54
18997,79,50,25,54
18998,105,71,35,70
18999,105,70,35,70
19000,167,119,59,108
19001,53,30,15,38
19002,167,119,59,108
19003,154,108,54,100
19004,167,119,59,108
19005,167,118,59,108
19006,154,109,54,100
19007,154,108,54,100
19008,79,51,25,54
19009,123,84,42,81
19010,123,85,42,81
19011,123,84,42,81
19012,53,31,15,38
19013,53,30,15,38
19014,53,31,15,38
19015,61,36,18,43
19016,53,31,15,38
19017,198,142,71,127
19018,53,31,15,38
19019,53,30,15,38
19020,53,31,15,38
19021,53,30,15,38
19022,53,31,15,38
19023,53,30,15,38
19024,79,51,25,54
19025,198,142,71,127
19026,198,143,71,127
19027,198,142,71,127
19028,79,51,25,54
19029,79,50,25,54
19030,53,31,15,38
19031,53,30,15,38
19032,79,51,25,54
19033,53,30,15,38
19034,79,51,25,54
19035,92,60,30,62
19036,79,51,25,54
19037,79,50,25,54
19038,105,71,35,70
19039,105,70,35,70
19040,79,51,25,54
19041,105,70,35,70
19042,35,17,8,27
19043,35,16,8,27
19044,35,17,8,27
19045,35,16,8,27
19046,35,17,8,27
19047,53,30,15,38
19048,79,51,25,54
19049,198,142,71,127
19050,79,51,25,54
19051,198,142,71,127
19052,198,143,71,127
19053,198,142,71,127
19054,198,143,71,127
19055,141,98,49,92
19056,53,31,15,38
19057,79,50,25,54
19058,105,71,35,70
19059,105,70,35,70
19060,53,31,15,38
19061,53,30,15,38
19062,79,51,25,54
19063,79,50,25,54
19064,53,31,15,38
19065,61,36,18,43
19066,53,31,15,38
19067,53,30,15,38
19068,105,71,35,70
19069,105,70,35,70
19070,105,71,35,70
19071,198,142,71,127
19072,30,13,6,24
19073,53,30,15,38
19074,79,51,25,54
19075,79,50,25,54
19076,79,51,25,54
19077,79,50,25,54
19078,79,51,25,54
19079,79,50,25,54
19080,105,71,35,70
19081,53,30,15,38
19082,105,71,35,70
19083,79,50,25,54
19084,105,71,35,70
19085,105,70,35,70
19086,53,31,15,38
19087,53,30,15,38
19088,105,71,35,70
19089,79,50,25,54
19090,79,51,25,54
19091,79,50,25,54
19092,105,71,35,70
19093,105,70,35,70
19094,105,71,35,70
19095,105,70,35,70
19096,105,71,35,70
19097,136,94,47,89
19098,105,71,35,70
19099,136,94,47,89
19100,61,37,18,43
19101,61,36,18,43
19102,61,37,18,43
19103,92,60,30,62
19104,30,13,6,24
19105,105,70,35,70
19106,105,71,35,70
19107,105,70,35,70
19108,105,71,35,70
19109,105,70,35,70
19110,105,71,35,70
19111,105,70,35,70
19112,30,13,6,24
19113,198,142,71,127
19114,30,13,6,24
19115,79,50,25,54
19116,79,51,25,54
19117,79,50,25,54
19118,79,51,25,54
19119,79,50,25,54
19120,123,85,42,81
19121,79,50,25,54
19122,79,51,25,54
19123,79,50,25,54
19124,123,85,42,81
19125,123,84,42,81
19126,198,143,71,127
19127,198,142,71,127
19128,123,85,42,81
19129,79,50,25,54
19130,123,85,42,81
19131,79,50,25,54
19132,79,51,25,54
19133,79,50,25,54
19134,79,51,25,54
19135,198,142,71,127
19136,123,85,42,81
19137,123,84,42,81
19138,79,51,25,54
19139,79,50,25,54
19140,74,47,23,51
19141,74,46,23,51
19142,74,47,23,51
19143,198,142,71,127
19144,74,47,23,51
19145,123,84,42,81
19146,74,47,23,51
19147,154,108,54,100
19148,74,47,23,51
19149,74,46,23,51
19150,198,143,71,127
19151,198,142,71,127
19152,123,85,42,81
19153,154,108,54,100
19154,154,109,54,100
19155,154,108,54,100
19156,123,85,42,81
19157,123,84,42,81
19158,154,109,54,100
19159,154,108,54,100
19160,35,17,8,27
19161,74,46,23,51
19162,35,17,8,27
19163,154,108,54,100
19164,35,17,8,27
19165,35,16,8,27
19166,136,95,47,89
19167,136,94,47,89
19168,123,85,42,81
19169,154,108,54,100
19170,123,85,42,81
19171,123,84,42,81
19172,74,47,23,51
19173,74,46,23,51
19174,74,47,23,51
19175,198,142,71,127
19176,123,85,42,81
19177,198,142,71,127
19178,123,85,42,81
19179,198,142,71,127
19180,167,119,59,108
19181,167,118,59,108
19182,167,119,59,108
19183,136,94,47,89
19184,74,47,23,51
19185,123,84,42,81
19186,123,85,42,81
19187,123,84,42,81
19188,74,47,23,51
19189,74,46,23,51
19190,74,47,23,51
19191,74,46,23,51
19192,74,47,23,51
19193,74,46,23,51
19194,74,47,23,51
19195,198,142,71,127
19196,167,119,59,108
19197,167,118,59,108
19198,167,119,59,108
19199,167,118,59,108
19200,22,7,3,19
19201,167,118,59,108
19202,167,119,59,108
19203,167,118,59,108
19204,123,85,42,81
19205,123,84,42,81
19206,123,85,42,81
19207,198,142,71,127
19208,167,119,59,108
19209,74,46,23,51
19210,167,119,59,108
19211,79,50,25,54
19212,167,119,59,108
19213,167,118,59,108
19214,123,85,42,81
19215,123,84,42,81
19216,61,37,18,43
19217,167,118,59,108
19218,74,47,23,51
19219,74,46,23,51
19220,61,37,18,43
19221,61,36,18,43
19222,167,119,59,108
19223,167,118,59,108
19224,61,37,18,43
19225,74,46,23,51
19226,61,37,18,43
19227,159,112,56,103
19228,123,85,42,81
19229,123,84,42,81
19230,123,85,42,81
19231,167,118,59,108
19232,61,37,18,43
19233,123,84,42,81
19234,48,27,13,35
19235,48,26,13,35
19236,48,27,13,35
19237,48,26,13,35
19238,48,27,13,35
19239,167,118,59,108
19240,61,37,18,43
19241,74,46,23,51
19242,61,37,18,43
19243,74,46,23,51
19244,48,27,13,35
19245,48,26,13,35
19246,48,27,13,35
19247,74,46,23,51
19248,61,37,18,43
19249,48,26,13,35
19250,48,27,13,35
19251,48,26,13,35
19252,61,37,18,43
19253,61,36,18,43
19254,48,27,13,35
19255,48,26,13,35
19256,74,47,23,51
19257,105,70,35,70
19258,74,47,23,51
19259,74,46,23,51
19260,74,47,23,51
19261,74,46,23,51
19262,159,113,56,103
19263,159,112,56,103
19264,22,7,3,19
19265,61,36,18,43
19266,48,27,13,35
19267,48,26,13,35
19268,123,85,42,81
19269,123,84,42,81
19270,123,85,42,81
19271,74,46,23,51
19272,123,85,42,81
19273,136,94,47,89
19274,123,85,42,81
19275,123,84,42,81
19276,123,85,42,81
19277,123,84,42,81
19278,136,95,47,89
19279,136,94,47,89
19280,22,7,3,19
19281,74,46,23,51
19282,74,47,23,51
19283,74,46,23,51
19284,22,7,3,19
19285,22,6,3,19
19286,167,119,59,108
19287,167,118,59,108
19288,167,119,59,108
19289,167,118,59,108
19290,167,119,59,108
19291,167,118,59,108
19292,167,119,59,108
19293,167,118,59,108
19294,123,85,42,81
19295,123,84,42,81
19296,74,47,23,51
19297,211,152,76,135
19298,61,37,18,43
19299,61,36,18,43
19300,61,37,18,43
19301,61,36,18,43
19302,61,37,18,43
19303,167,118,59,108
19304,74,47,23,51
19305,48,26,13,35
19306,74,47,23,51
19307,167,118,59,108
19308,105,71,35,70
19309,105,70,35,70
19310,105,71,35,70
19311,105,70,35,70
19312,74,47,23,51
19313,74,46,23,51
19314,61,37,18,43
19315,61,36,18,43
19316,74,47,23,51
19317,74,46,23,51
19318,167,119,59,108
19319,167,118,59,108
19320,123,85,42,81
19321,167,118,59,108
19322,123,85,42,81
19323,180,128,64,116
19324,123,85,42,81
19325,123,84,42,81
19326,185,133,66,119
19327,185,132,66,119
19328,22,7,3,19
19329,136,94,47,89
19330,74,47,23,51
19331,74,46,23,51
19332,74,47,23,51
19333,74,46,23,51
19334,74,47,23,51
19335,74,46,23,51
19336,22,7,3,19
19337,167,118,59,108
19338,22,7,3,19
19339,74,46,23,51
19340,22,7,3,19
19341,22,6,3,19
19342,74,47,23,51
19343,74,46,23,51
19344,61,37,18,43
19345,61,36,18,43
19346,61,37,18,43
19347,61,36,18,43
19348,61,37,18,43
19349,61,36,18,43
19350,74,47,23,51
19351,74,46,23,51
19352,61,37,18,43
19353,74,46,23,51
19354,61,37,18,43
19355,123,84,42,81
19356,167,119,59,108
19357,167,118,59,108
19358,167,119,59,108
19359,167,118,59,108
19360,22,7,3,19
19361,74,46,23,51
19362,61,37,18,43
19363,61,36,18,43
19364,105,71,35,70
19365,105,70,35,70
19366,105,71,35,70
19367,167,118,59,108
19368,22,7,3,19
19369,74,46,23,51
19370,22,7,3,19
19371,61,36,18,43
19372,167,119,59,108
19373,167,118,59,108
19374,167,119,59,108
19375,167,118,59,108
19376,74,47,23,51
19377,74,46,23,51
19378,74,47,23,51
19379,74,46,23,51
19380,74,47,23,51
19381,74,46,23,51
19382,61,37,18,43
19383,61,36,18,43
19384,74,47,23,51
19385,74,46,23,51
19386,74,47,23,51
19387,74,46,23,51
19388,167,119,59,108
19389,167,118,59,108
19390,167,119,59,108
19391,79,50,25,54
19392,48,27,13,35
19393,136,94,47,89
19394,136,95,47,89
19395,136,94,47,89
19396,22,7,3,19
19397,22,6,3,19
19398,22,7,3,19
19399,79,50,25,54
19400,167,119,59,108
19401,136,94,47,89
19402,167,119,59,108
19403,74,46,23,51
19404,167,119,59,108
19405,167,118,59,108
19406,136,95,47,89
19407,136,94,47,89
19408,48,27,13,35
19409,167,118,59,108
19410,180,129,64,116
19411,180,128,64,116
19412,48,27,13,35
19413,48,26,13,35
19414,167,119,59,108
19415,167,118,59,108
19416,123,85,42,81
19417,22,6,3,19
19418,123,85,42,81
19419,61,36,18,43
19420,123,85,42,81
19421,123,84,42,81
19422,61,37,18,43
19423,61,36,18,43
19424,48,27,13,35
19425,61,36,18,43
19426,48,27,13,35
19427,48,26,13,35
19428,167,119,59,108
19429,167,118,59,108
19430,167,119,59,108
19431,123,84,42,81
19432,48,27,13,35
19433,105,70,35,70
19434,48,27,13,35
19435,123,84,42,81
19436,123,85,42,81
19437,123,84,42,81
19438,123,85,42,81
19439,105,70,35,70
19440,167,119,59,108
19441,48,26,13,35
19442,167,119,59,108
19443,167,118,59,108
19444,167,119,59,108
19445,167,118,59,108
19446,105,71,35,70
19447,105,70,35,70
19448,167,119,59,108
19449,74,46,23,51
19450,167,119,59,108
19451,105,70,35,70
19452,92,61,30,62
19453,92,60,30,62
19454,92,61,30,62
19455,92,60,30,62
19456,30,13,6,24
19457,48,26,13,35
19458,167,119,59,108
19459,167,118,59,108
19460,48,27,13,35
19461,48,26,13,35
19462,48,27,13,35
19463,167,118,59,108
19464,48,27,13,35
19465,167,118,59,108
19466,48,27,13,35
19467,48,26,13,35
19468,48,27,13,35
19469,48,26,13,35
19470,48,27,13,35
19471,48,26,13,35
19472,136,95,47,89
19473,48,26,13,35
19474,167,119,59,108
19475,167,118,59,108
19476,136,95,47,89
19477,136,94,47,89
19478,48,27,13,35
19479,48,26,13,35
19480,136,95,47,89
19481,198,142,71,127
19482,136,95,47,89
19483,198,142,71,127
19484,48,27,13,35
19485,48,26,13,35
19486,48,27,13,35
19487,167,118,59,108
19488,136,95,47,89
19489,48,26,13,35
19490,136,95,47,89
19491,136,94,47,89
19492,123,85,42,81
19493,123,84,42,81
19494,123,85,42,81
19495,123,84,42,81
19496,136,95,47,89
19497,167,118,59,108
19498,136,95,47,89
19499,48,26,13,35
19500,123,85,42,81
19501,123,84,42,81
19502,123,85,42,81
19503,123,84,42,81
19504,136,95,47,89
19505,123,84,42,81
19506,123,85,42,81
19507,123,84,42,81
19508,136,95,47,89
19509,136,94,47,89
19510,61,37,18,43
19511,61,36,18,43
19512,136,95,47,89
19513,123,84,42,81
19514,136,95,47,89
19515,154,108,54,100
19516,136,95,47,89
19517,136,94,47,89
19518,154,109,54,100
19519,154,108,54,100
19520,43,23,11,32
19521,48,26,13,35
19522,48,27,13,35
19523,48,26,13,35
19524,136,95,47,89
19525,136,94,47,89
19526,136,95,47,89
19527,128,88,44,84
19528,74,47,23,51
19529,167,118,59,108
19530,74,47,23,51
19531,136,94,47,89
19532,74,47,23,51
19533,74,46,23,51
19534,74,47,23,51
19535,74,46,23,51
19536,43,23,11,32
19537,74,46,23,51
19538,105,71,35,70
19539,105,70,35,70
19540,43,23,11,32
19541,43,22,11,32
19542,136,95,47,89
19543,136,94,47,89
19544,48,27,13,35
19545,105,70,35,70
19546,48,27,13,35
19547,105,70,35,70
19548,48,27,13,35
19549,48,26,13,35
19550,154,109,54,100
19551,154,108,54,100
19552,43,23,11,32
19553,74,46,23,51
19554,48,27,13,35
19555,48,26,13,35
19556,48,27,13,35
19557,48,26,13,35
19558,48,27,13,35
19559,79,50,25,54
19560,43,23,11,32
19561,79,50,25,54
19562,43,23,11,32
19563,79,50,25,54
19564,180,129,64,116
19565,180,128,64,116
19566,180,129,64,116
19567,180,128,64,116
19568,136,95,47,89
19569,43,22,11,32
19570,198,143,71,127
19571,198,142,71,127
19572,136,95,47,89
19573,136,94,47,89
19574,198,143,71,127
19575,198,142,71,127
19576,136,95,47,89
19577,74,46,23,51
19578,136,95,47,89
19579,198,142,71,127
19580,74,47,23,51
19581,74,46,23,51
19582,74,47,23,51
19583,105,70,35,70
19584,43,23,11,32
19585,167,118,59,108
19586,167,119,59,108
19587,167,118,59,108
19588,167,119,59,108
19589,167,118,59,108
19590,167,119,59,108
19591,149,104,52,97
19592,136,95,47,89
19593,273,200,100,173
19594,136,95,47,89
19595,136,94,47,89
19596,136,95,47,89
19597,136,94,47,89
19598,48,27,13,35
19599,48,26,13,35
19600,136,95,47,89
19601,105,70,35,70
19602,105,71,35,70
19603,105,70,35,70
19604,136,95,47,89
19605,136,94,47,89
19606,136,95,47,89
19607,136,94,47,89
19608,136,95,47,89
19609,167,118,59,108
19610,136,95,47,89
19611,198,142,71,127
19612,105,71,35,70
19613,105,70,35,70
19614,105,71,35,70
19615,154,108,54,100
19616,43,23,11,32
19617,105,70,35,70
19618,167,119,59,108
19619,167,118,59,108
19620,167,119,59,108
19621,167,118,59,108
19622,167,119,59,108
19623,123,84,42,81
19624,43,23,11,32
19625,149,104,52,97
19626,43,23,11,32
19627,167,118,59,108
19628,136,95,47,89
19629,136,94,47,89
19630,136,95,47,89
19631,105,70,35,70
19632,136,95,47,89
19633,136,94,47,89
19634,136,95,47,89
19635,136,94,47,89
19636,136,95,47,89
19637,136,94,47,89
19638,74,47,23,51
19639,74,46,23,51
19640,136,95,47,89
19641,74,46,23,51
19642,136,95,47,89
19643,74,46,23,51
19644,123,85,42,81
19645,123,84,42,81
19646,123,85,42,81
19647,105,70,35,70
19648,43,23,11,32
19649,48,26,13,35
19650,48,27,13,35
19651,48,26,13,35
19652,136,95,47,89
19653,136,94,47,89
19654,136,95,47,89
19655,136,94,47,89
19656,136,95,47,89
19657,48,26,13,35
19658,136,95,47,89
19659,48,26,13,35
19660,136,95,47,89
19661,136,94,47,89
19662,105,71,35,70
19663,105,70,35,70
19664,43,23,11,32
19665,48,26,13,35
19666,48,27,13,35
19667,48,26,13,35
19668,43,23,11,32
19669,43,22,11,32
19670,167,119,59,108
19671,167,118,59,108
19672,105,71,35,70
19673,105,70,35,70
19674,105,71,35,70
19675,48,26,13,35
19676,105,71,35,70
19677,105,70,35,70
19678,48,27,13,35
19679,48,26,13,35
19680,74,47,23,51
19681,136,94,47,89
19682,43,23,11,32
19683,43,22,11,32
19684,74,47,23,51
19685,74,46,23,51
19686,74,47,23,51
19687,105,70,35,70
19688,74,47,23,51
19689,198,142,71,127
19690,74,47,23,51
19691,48,26,13,35
19692,74,47,23,51
19693,74,46,23,51
19694,74,47,23,51
19695,105,70,35,70
19696,74,47,23,51
19697,74,46,23,51
19698,74,47,23,51
19699,74,46,23,51
19700,74,47,23,51
19701,74,46,23,51
19702,74,47,23,51
19703,74,46,23,51
19704,211,153,76,135
19705,198,142,71,127
19706,211,153,76,135
19707,198,142,71,127
19708,211,153,76,135
19709,211,152,76,135
19710,97,65,32,65
19711,97,64,32,65
19712,30,13,6,24
19713,61,36,18,43
19714,61,37,18,43
19715,61,36,18,43
19716,43,23,11,32
19717,43,22,11,32
19718,43,23,11,32
19719,97,64,32,65
19720,74,47,23,51
19721,61,36,18,43
19722,74,47,23,51
19723,61,36,18,43
19724,74,47,23,51
19725,74,46,23,51
19726,74,47,23,51
19727,74,46,23,51
19728,136,95,47,89
19729,74,46,23,51
19730,97,65,32,65
19731,97,64,32,65
19732,136,95,47,89
19733,136,94,47,89
19734,74,47,23,51
19735,74,46,23,51
19736,136,95,47,89
19737,74,46,23,51
19738,136,95,47,89
19739,211,152,76,135
19740,198,143,71,127
19741,198,142,71,127
19742,198,143,71,127
19743,74,46,23,51
19744,136,95,47,89
19745,136,94,47,89
19746,136,95,47,89
19747,136,94,47,89
19748,136,95,47,89
19749,136,94,47,89
19750,136,95,47,89
19751,167,118,59,108
19752,136,95,47,89
19753,61,36,18,43
19754,136,95,47,89
19755,123,84,42,81
19756,136,95,47,89
19757,136,94,47,89
19758,136,95,47,89
19759,97,64,32,65
19760,136,95,47,89
19761,167,118,59,108
19762,167,119,59,108
19763,167,118,59,108
19764,136,95,47,89
19765,136,94,47,89
19766,167,119,59,108
19767,167,118,59,108
19768,136,95,47,89
19769,123,84,42,81
19770,136,95,47,89
19771,136,94,47,89
19772,136,95,47,89
19773,136,94,47,89
19774,242,177,88,154
19775,242,176,88,154
19776,30,13,6,24
19777,136,94,47,89
19778,123,85,42,81
19779,123,84,42,81
19780,123,85,42,81
19781,123,84,42,81
19782,123,85,42,81
19783,74,46,23,51
19784,123,85,42,81
19785,74,46,23,51
19786,123,85,42,81
19787,123,84,42,81
19788,123,85,42,81
19789,123,84,42,81
19790,123,85,42,81
19791,123,84,42,81
19792,30,13,6,24
19793,242,176,88,154
19794,242,177,88,154
19795,242,176,88,154
19796,30,13,6,24
19797,30,12,6,24
19798,97,65,32,65
19799,97,64,32,65
19800,74,47,23,51
19801,136,94,47,89
19802,74,47,23,51
19803,97,64,32,65
19804,74,47,23,51
19805,74,46,23,51
19806,74,47,23,51
19807,74,46,23,51
19808,136,95,47,89
19809,136,94,47,89
19810,43,23,11,32
19811,43,22,11,32
19812,43,23,11,32
19813,43,22,11,32
19814,43,23,11,32
19815,97,64,32,65
19816,136,95,47,89
19817,74,46,23,51
19818,136,95,47,89
19819,123,84,42,81
19820,74,47,23,51
19821,74,46,23,51
19822,74,47,23,51
19823,167,118,59,108
19824,136,95,47,89
19825,136,94,47,89
19826,48,27,13,35
19827,48,26,13,35
19828,136,95,47,89
19829,136,94,47,89
19830,48,27,13,35
19831,48,26,13,35
19832,48,27,13,35
19833,167,118,59,108
19834,48,27,13,35
19835,48,26,13,35
19836,48,27,13,35
19837,48,26,13,35
19838,149,105,52,97
19839,149,104,52,97
19840,92,61,30,62
19841,48,26,13,35
19842,136,95,47,89
19843,136,94,47,89
19844,74,47,23,51
19845,74,46,23,51
19846,74,47,23,51
19847,136,94,47,89
19848,43,23,11,32
19849,48,26,13,35
19850,43,23,11,32
19851,74,46,23,51
19852,43,23,11,32
19853,43,22,11,32
19854,136,95,47,89
19855,136,94,47,89
19856,43,23,11,32
19857,136,94,47,89
19858,136,95,47,89
19859,136,94,47,89
19860,43,23,11,32
19861,43,22,11,32
19862,118,81,40,78
19863,118,80,40,78
19864,43,23,11,32
19865,118,80,40,78
19866,43,23,11,32
19867,123,84,42,81
19868,167,119,59,108
19869,167,118,59,108
19870,167,119,59,108
19871,118,80,40,78
19872,92,61,30,62
19873,48,26,13,35
19874,74,47,23,51
19875,74,46,23,51
19876,74,47,23,51
19877,74,46,23,51
19878,74,47,23,51
19879,167,118,59,108
19880,92,61,30,62
19881,74,46,23,51
19882,92,61,30,62
19883,273,200,100,173
19884,74,47,23,51
19885,74,46,23,51
19886,74,47,23,51
19887,118,80,40,78
19888,74,47,23,51
19889,74,46,23,51
19890,74,47,23,51
19891,74,46,23,51
19892,74,47,23,51
19893,74,46,23,51
19894,136,95,47,89
19895,136,94,47,89
19896,74,47,23,51
19897,74,46,23,51
19898,74,47,23,51
19899,74,46,23,51
19900,74,47,23,51
19901,74,46,23,51
19902,74,47,23,51
19903,149,104,52,97
19904,92,61,30,62
19905,74,46,23,51
19906,74,47,23,51
19907,74,46,23,51
19908,92,61,30,62
19909,92,60,30,62
19910,92,61,30,62
19911,74,46,23,51
19912,43,23,11,32
19913,74,46,23,51
19914,43,23,11,32
19915,74,46,23,51
19916,43,23,11,32
19917,43,22,11,32
19918,74,47,23,51
19919,74,46,23,51
19920,92,61,30,62
19921,43,22,11,32
19922,74,47,23,51
19923,74,46,23,51
19924,92,61,30,62
19925,92,60,30,62
19926,74,47,23,51
19927,74,46,23,51
19928,105,71,35,70
19929,105,70,35,70
19930,105,71,35,70
19931,74,46,23,51
19932,105,71,35,70
19933,105,70,35,70
19934,74,47,23,51
19935,74,46,23,51
19936,136,95,47,89
19937,74,46,23,51
19938,92,61,30,62
19939,92,60,30,62
19940,118,81,40,78
19941,118,80,40,78
19942,118,81,40,78
19943,74,46,23,51
19944,136,95,47,89
19945,118,80,40,78
19946,136,95,47,89
19947,118,80,40,78
19948,167,119,59,108
19949,167,118,59,108
19950,167,119,59,108
19951,211,152,76,135
19952,136,95,47,89
19953,136,94,47,89
19954,43,23,11,32
19955,43,22,11,32
19956,136,95,47,89
19957,136,94,47,89
19958,74,47,23,51
19959,74,46,23,51
19960,74,47,23,51
19961,74,46,23,51
19962,74,47,23,51
19963,74,46,23,51
19964,74,47,23,51
19965,74,46,23,51
19966,167,119,59,108
19967,167,118,59,108
19968,43,23,11,32
19969,211,152,76,135
19970,92,61,30,62
19971,92,60,30,62
19972,167,119,59,108
19973,167,118,59,108
19974,167,119,59,108
19975,167,118,59,108
19976,92,61,30,62
19977,167,118,59,108
19978,92,61,30,62
19979,167,118,59,108
19980,92,61,30,62
19981,92,60,30,62
19982,167,119,59,108
19983,167,118,59,108
19984,180,129,64,116
19985,92,60,30,62
19986,74,47,23,51
19987,74,46,23,51
19988,180,129,64,116
19989,180,128,64,116
19990,66,41,20,46
19991,66,40,20,46
19992,180,129,64,116
19993,66,40,20,46
19994,180,129,64,116
19995,66,40,20,46
19996,92,61,30,62
19997,92,60,30,62
19998,92,61,30,62
19999,66,40,20,46
20000,30,13,6,24
20001,167,118,59,108
20002,180,129,64,116
20003,180,128,64,116
20004,66,41,20,46
20005,66,40,20,46
20006,66,41,20,46
20007,92,60,30,62
20008,30,13,6,24
20009,167,118,59,108
20010,30,13,6,24
20011,180,128,64,116
20012,180,129,64,116
20013,180,128,64,116
20014,180,129,64,116
20015,66,40,20,46
20016,30,13,6,24
20017,167,118,59,108
20018,167,119,59,108
20019,167,118,59,108
20020,30,13,6,24
20021,30,12,6,24
20022,211,153,76,135
20023,211,152,76,135
20024,66,41,20,46
20025,136,94,47,89
20026,66,41,20,46
20027,66,40,20,46
20028,66,41,20,46
20029,66,40,20,46
20030,66,41,20,46
20031,66,40,20,46
20032,136,95,47,89
20033,92,60,30,62
20034,92,61,30,62
20035,92,60,30,62
20036,92,61,30,62
20037,92,60,30,62
20038,92,61,30,62
20039,66,40,20,46
20040,92,61,30,62
20041,211,152,76,135
20042,92,61,30,62
20043,92,60,30,62
20044,92,61,30,62
20045,92,60,30,62
20046,66,41,20,46
20047,66,40,20,46
20048,136,95,47,89
20049,92,60,30,62
20050,92,61,30,62
20051,92,60,30,62
20052,136,95,47,89
20053,136,94,47,89
20054,92,61,30,62
20055,92,60,30,62
20056,43,23,11,32
20057,48,26,13,35
20058,43,23,11,32
20059,118,80,40,78
20060,43,23,11,32
20061,43,22,11,32
20062,48,27,13,35
20063,48,26,13,35
20064,136,95,47,89
20065,92,60,30,62
20066,43,23,11,32
20067,43,22,11,32
20068,43,23,11,32
20069,43,22,11,32
20070,43,23,11,32
20071,48,26,13,35
20072,136,95,47,89
20073,154,108,54,100
20074,136,95,47,89
20075,92,60,30,62
20076,66,41,20,46
20077,66,40,20,46
20078,66,41,20,46
20079,118,80,40,78
20080,92,61,30,62
20081,136,94,47,89
20082,66,41,20,46
20083,66,40,20,46
20084,92,61,30,62
20085,92,60,30,62
20086,43,23,11,32
20087,43,22,11,32
20088,92,61,30,62
20089,118,80,40,78
20090,92,61,30,62
20091,43,22,11,32
20092,92,61,30,62
20093,92,60,30,62
20094,92,61,30,62
20095,242,176,88,154
20096,43,23,11,32
20097,92,60,30,62
20098,136,95,47,89
20099,136,94,47,89
20100,118,81,40,78
20101,118,80,40,78
20102,118,81,40,78
20103,118,80,40,78
20104,136,95,47,89
20105,105,70,35,70
20106,136,95,47,89
20107,118,80,40,78
20108,136,95,47,89
20109,136,94,47,89
20110,92,61,30,62
20111,92,60,30,62
20112,43,23,11,32
20113,118,80,40,78
20114,118,81,40,78
20115,118,80,40,78
20116,43,23,11,32
20117,43,22,11,32
20118,136,95,47,89
20119,136,94,47,89
20120,43,23,11,32
20121,74,46,23,51
20122,43,23,11,32
20123,149,104,52,97
20124,118,81,40,78
20125,118,80,40,78
20126,118,81,40,78
20127,118,80,40,78
20128,43,23,11,32
20129,118,80,40,78
20130,43,23,11,32
20131,43,22,11,32
20132,92,61,30,62
20133,92,60,30,62
20134,92,61,30,62
20135,211,152,76,135
20136,43,23,11,32
20137,118,80,40,78
20138,43,23,11,32
20139,92,60,30,62
20140,136,95,47,89
20141,136,94,47,89
20142,136,95,47,89
20143,92,60,30,62
20144,87,57,28,59
20145,136,94,47,89
20146,136,95,47,89
20147,136,94,47,89
20148,87,57,28,59
20149,87,56,28,59
20150,92,61,30,62
20151,92,60,30,62
20152,87,57,28,59
20153,92,60,30,62
20154,87,57,28,59
20155,92,60,30,62
20156,136,95,47,89
20157,136,94,47,89
20158,136,95,47,89
20159,242,176,88,154
20160,43,23,11,32
20161,87,56,28,59
20162,87,57,28,59
20163,87,56,28,59
20164,43,23,11,32
20165,43,22,11,32
20166,43,23,11,32
20167,87,56,28,59
20168,43,23,11,32
20169,87,56,28,59
20170,43,23,11,32
20171,211,152,76,135
20172,43,23,11,32
20173,43,22,11,32
20174,224,163,81,143
20175,224,162,81,143
20176,43,23,11,32
20177,136,94,47,89
20178,136,95,47,89
20179,136,94,47,89
20180,43,23,11,32
20181,43,22,11,32
20182,48,27,13,35
20183,48,26,13,35
20184,136,95,47,89
20185,136,94,47,89
20186,136,95,47,89
20187,167,118,59,108
20188,136,95,47,89
20189,136,94,47,89
20190,149,105,52,97
20191,149,104,52,97
20192,43,23,11,32
20193,167,118,59,108
20194,43,23,11,32
20195,43,22,11,32
20196,87,57,28,59
20197,87,56,28,59
20198,87,57,28,59
20199,48,26,13,35
20200,43,23,11,32
20201,87,56,28,59
20202,43,23,11,32
20203,136,94,47,89
20204,87,57,28,59
20205,87,56,28,59
20206,87,57,28,59
20207,87,56,28,59
20208,180,129,64,116
20209,43,22,11,32
20210,136,95,47,89
20211,136,94,47,89
20212,180,129,64,116
20213,180,128,64,116
20214,87,57,28,59
20215,87,56,28,59
20216,180,129,64,116
20217,87,56,28,59
20218,180,129,64,116
20219,87,56,28,59
20220,87,57,28,59
20221,87,56,28,59
20222,87,57,28,59
20223,87,56,28,59
20224,43,23,11,32
20225,43,22,11,32
20226,136,95,47,89
20227,136,94,47,89
20228,74,47,23,51
20229,74,46,23,51
20230,74,47,23,51
20231,136,94,47,89
20232,74,47,23,51
20233,211,152,76,135
20234,74,47,23,51
20235,180,128,64,116
20236,74,47,23,51
20237,74,46,23,51
20238,74,47,23,51
20239,74,46,23,51
20240,43,23,11,32
20241,74,46,23,51
20242,180,129,64,116
20243,180,128,64,116
20244,43,23,11,32
20245,43,22,11,32
20246,180,129,64,116
20247,180,128,64,116
20248,43,23,11,32
20249,180,128,64,116
20250,43,23,11,32
20251,211,152,76,135
20252,136,95,47,89
20253,136,94,47,89
20254,136,95,47,89
20255,172,122,61,111
20256,35,17,8,27
20257,74,46,23,51
20258,74,47,23,51
20259,74,46,23,51
20260,74,47,23,51
20261,74,46,23,51
20262,74,47,23,51
20263,61,36,18,43
20264,35,17,8,27
20265,61,36,18,43
20266,35,17,8,27
20267,74,46,23,51
20268,35,17,8,27
20269,35,16,8,27
20270,35,17,8,27
20271,74,46,23,51
20272,35,17,8,27
20273,35,16,8,27
20274,35,17,8,27
20275,35,16,8,27
20276,35,17,8,27
20277,35,16,8,27
20278,61,37,18,43
20279,61,36,18,43
20280,87,57,28,59
20281,74,46,23,51
20282,87,57,28,59
20283,87,56,28,59
20284,87,57,28,59
20285,87,56,28,59
20286,118,81,40,78
20287,118,80,40,78
20288,43,23,11,32
20289,35,16,8,27
20290,35,17,8,27
20291,35,16,8,27
20292,35,17,8,27
20293,35,16,8,27
20294,35,17,8,27
20295,74,46,23,51
20296,136,95,47,89
20297,136,94,47,89
20298,136,95,47,89
20299,35,16,8,27
20300,136,95,47,89
20301,136,94,47,89
20302,149,105,52,97
20303,149,104,52,97
20304,43,23,11,32
20305,136,94,47,89
20306,61,37,18,43
20307,61,36,18,43
20308,43,23,11,32
20309,43,22,11,32
20310,87,57,28,59
20311,87,56,28,59
20312,180,129,64,116
20313,180,128,64,116
20314,180,129,64,116
20315,92,60,30,62
20316,180,129,64,116
20317,180,128,64,116
20318,180,129,64,116
20319,180,128,64,116
20320,35,17,8,27
20321,180,128,64,116
20322,43,23,11,32
20323,43,22,11,32
20324,43,23,11,32
20325,43,22,11,32
20326,43,23,11,32
20327,242,176,88,154
20328,35,17,8,27
20329,74,46,23,51
20330,35,17,8,27
20331,74,46,23,51
20332,87,57,28,59
20333,87,56,28,59
20334,87,57,28,59
20335,180,128,64,116
20336,35,17,8,27
20337,35,16,8,27
20338,87,57,28,59
20339,87,56,28,59
20340,35,17,8,27
20341,35,16,8,27
20342,87,57,28,59
20343,87,56,28,59
20344,180,129,64,116
20345,87,56,28,59
20346,180,129,64,116
20347,74,46,23,51
20348,180,129,64,116
20349,180,128,64,116
20350,180,129,64,116
20351,180,128,64,116
20352,61,37,18,43
20353,136,94,47,89
20354,35,17,8,27
20355,35,16,8,27
20356,87,57,28,59
20357,87,56,28,59
20358,87,57,28,59
20359,35,16,8,27
20360,43,23,11,32
20361,87,56,28,59
20362,43,23,11,32
20363,87,56,28,59
20364,43,23,11,32
20365,43,22,11,32
20366,87,57,28,59
20367,87,56,28,59
20368,35,17,8,27
20369,35,16,8,27
20370,35,17,8,27
20371,35,16,8,27
20372,35,17,8,27
20373,35,16,8,27
20374,35,17,8,27
20375,35,16,8,27
20376,35,17,8,27
20377,35,16,8,27
20378,35,17,8,27
20379,74,46,23,51
20380,74,47,23,51
20381,74,46,23,51
20382,74,47,23,51
20383,198,142,71,127
20384,61,37,18,43
20385,74,46,23,51
20386,35,17,8,27
20387,35,16,8,27
20388,180,129,64,116
20389,180,128,64,116
20390,180,129,64,116
20391,136,94,47,89
20392,61,37,18,43
20393,87,56,28,59
20394,61,37,18,43
20395,87,56,28,59
20396,118,81,40,78
20397,118,80,40,78
20398,118,81,40,78
20399,118,80,40,78
20400,87,57,28,59
20401,43,22,11,32
20402,43,23,11,32
20403,43,22,11,32
20404,87,57,28,59
20405,87,56,28,59
20406,180,129,64,116
20407,180,128,64,116
20408,87,57,28,59
20409,87,56,28,59
20410,87,57,28,59
20411,87,56,28,59
20412,87,57,28,59
20413,87,56,28,59
20414,87,57,28,59
20415,167,118,59,108
20416,61,37,18,43
20417,87,56,28,59
20418,87,57,28,59
20419,87,56,28,59
20420,61,37,18,43
20421,61,36,18,43
20422,61,37,18,43
20423,87,56,28,59
20424,180,129,64,116
20425,180,128,64,116
20426,180,129,64,116
20427,43,22,11,32
20428,180,129,64,116
20429,180,128,64,116
20430,149,105,52,97
20431,149,104,52,97
20432,61,37,18,43
20433,180,128,64,116
20434,92,61,30,62
20435,92,60,30,62
20436,61,37,18,43
20437,61,36,18,43
20438,87,57,28,59
20439,87,56,28,59
20440,61,37,18,43
20441,61,36,18,43
20442,61,37,18,43
20443,149,104,52,97
20444,61,37,18,43
20445,61,36,18,43
20446,180,129,64,116
20447,180,128,64,116
20448,136,95,47,89
20449,242,176,88,154
20450,61,37,18,43
20451,61,36,18,43
20452,136,95,47,89
20453,136,94,47,89
20454,136,95,47,89
20455,35,16,8,27
20456,136,95,47,89
20457,74,46,23,51
20458,136,95,47,89
20459,74,46,23,51
20460,61,37,18,43
20461,61,36,18,43
20462,61,37,18,43
20463,136,94,47,89
20464,136,95,47,89
20465,136,94,47,89
20466,180,129,64,116
20467,180,128,64,116
20468,136,95,47,89
20469,136,94,47,89
20470,118,81,40,78
20471,118,80,40,78
20472,118,81,40,78
20473,136,94,47,89
20474,118,81,40,78
20475,61,36,18,43
20476,118,81,40,78
20477,118,80,40,78
20478,242,177,88,154
20479,242,176,88,154
20480,17,3,1,16
20481,180,128,64,116
20482,180,129,64,116
20483,180,128,64,116
20484,43,23,11,32
20485,43,22,11,32
20486,43,23,11,32
20487,180,128,64,116
20488,149,105,52,97
20489,180,128,64,116
20490,149,105,52,97
20491,43,22,11,32
20492,149,105,52,97
20493,149,104,52,97
20494,43,23,11,32
20495,43,22,11,32
20496,56,33,16,40
20497,149,104,52,97
20498,61,37,18,43
20499,61,36,18,43
20500,56,33,16,40
20501,56,32,16,40
20502,149,105,52,97
20503,149,104,52,97
20504,56,33,16,40
20505,61,36,18,43
20506,56,33,16,40
20507,118,80,40,78
20508,149,105,52,97
20509,149,104,52,97
20510,149,105,52,97
20511,180,128,64,116
20512,56,33,16,40
20513,180,128,64,116
20514,56,33,16,40
20515,56,32,16,40
20516,149,105,52,97
20517,149,104,52,97
20518,149,105,52,97
20519,61,36,18,43
20520,56,33,16,40
20521,180,128,64,116
20522,56,33,16,40
20523,61,36,18,43
20524,56,33,16,40
20525,56,32,16,40
20526,56,33,16,40
20527,211,152,76,135
20528,56,33,16,40
20529,136,94,47,89
20530,136,95,47,89
20531,136,94,47,89
20532,56,33,16,40
20533,56,32,16,40
20534,149,105,52,97
20535,149,104,52,97
20536,149,105,52,97
20537,149,104,52,97
20538,149,105,52,97
20539,149,104,52,97
20540,149,105,52,97
20541,149,104,52,97
20542,61,37,18,43
20543,61,36,18,43
20544,30,13,6,24
20545,149,104,52,97
20546,149,105,52,97
20547,149,104,52,97
20548,56,33,16,40
20549,56,32,16,40
20550,56,33,16,40
20551,74,46,23,51
20552,56,33,16,40
20553,74,46,23,51
20554,56,33,16,40
20555,56,32,16,40
20556,56,33,16,40
20557,56,32,16,40
20558,149,105,52,97
20559,149,104,52,97
20560,30,13,6,24
20561,56,32,16,40
20562,136,95,47,89
20563,136,94,47,89
20564,30,13,6,24
20565,30,12,6,24
20566,87,57,28,59
20567,87,56,28,59
20568,56,33,16,40
20569,87,56,28,59
20570,56,33,16,40
20571,141,98,49,92
20572,56,33,16,40
20573,56,32,16,40
20574,149,105,52,97
20575,149,104,52,97
20576,30,13,6,24
20577,87,56,28,59
20578,61,37,18,43
20579,61,36,18,43
20580,61,37,18,43
20581,61,36,18,43
20582,61,37,18,43
20583,87,56,28,59
20584,30,13,6,24
20585,56,32,16,40
20586,30,13,6,24
20587,149,104,52,97
20588,118,81,40,78
20589,118,80,40,78
20590,118,81,40,78
20591,87,56,28,59
20592,149,105,52,97
20593,30,12,6,24
20594,56,33,16,40
20595,56,32,16,40
20596,149,105,52,97
20597,149,104,52,97
20598,61,37,18,43
20599,61,36,18,43
20600,149,105,52,97
20601,61,36,18,43
20602,149,105,52,97
20603,61,36,18,43
20604,92,61,30,62
20605,92,60,30,62
20606,92,61,30,62
20607,92,60,30,62
20608,105,71,35,70
20609,193,138,69,124
20610,149,105,52,97
20611,149,104,52,97
20612,149,105,52,97
20613,149,104,52,97
20614,149,105,52,97
20615,211,152,76,135
20616,30,13,6,24
20617,136,94,47,89
20618,30,13,6,24
20619,211,152,76,135
20620,30,13,6,24
20621,30,12,6,24
20622,87,57,28,59
20623,87,56,28,59
20624,149,105,52,97
20625,87,56,28,59
20626,87,57,28,59
20627,87,56,28,59
20628,149,105,52,97
20629,149,104,52,97
20630,30,13,6,24
20631,30,12,6,24
20632,149,105,52,97
20633,180,128,64,116
20634,149,105,52,97
20635,180,128,64,116
20636,149,105,52,97
20637,149,104,52,97
20638,149,105,52,97
20639,118,80,40,78
20640,105,71,35,70
20641,149,104,52,97
20642,149,105,52,97
20643,149,104,52,97
20644,118,81,40,78
20645,118,80,40,78
20646,118,81,40,78
20647,162,114,57,105
20648,105,71,35,70
20649,61,36,18,43
20650,105,71,35,70
20651,149,104,52,97
20652,56,33,16,40
20653,56,32,16,40
20654,56,33,16,40
20655,149,104,52,97
20656,56,33,16,40
20657,56,32,16,40
20658,56,33,16,40
20659,56,32,16,40
20660,56,33,16,40
20661,56,32,16,40
20662,167,119,59,108
20663,167,118,59,108
20664,56,33,16,40
20665,180,128,64,116
20666,56,33,16,40
20667,180,128,64,116
20668,180,129,64,116
20669,180,128,64,116
20670,180,129,64,116
20671,136,94,47,89
20672,105,71,35,70
20673,149,104,52,97
20674,149,105,52,97
20675,149,104,52,97
20676,56,33,16,40
20677,56,32,16,40
20678,56,33,16,40
20679,149,104,52,97
20680,56,33,16,40
20681,56,32,16,40
20682,56,33,16,40
20683,149,104,52,97
20684,56,33,16,40
20685,56,32,16,40
20686,87,57,28,59
20687,87,56,28,59
20688,105,71,35,70
20689,149,104,52,97
20690,149,105,52,97
20691,149,104,52,97
20692,105,71,35,70
20693,105,70,35,70
20694,136,95,47,89
20695,136,94,47,89
20696,149,105,52,97
20697,149,104,52,97
20698,149,105,52,97
20699,61,36,18,43
20700,149,105,52,97
20701,149,104,52,97
20702,118,81,40,78
20703,118,80,40,78
20704,43,23,11,32
20705,149,104,52,97
20706,105,71,35,70
20707,105,70,35,70
20708,56,33,16,40
20709,56,32,16,40
20710,56,33,16,40
20711,61,36,18,43
20712,43,23,11,32
20713,118,80,40,78
20714,43,23,11,32
20715,180,128,64,116
20716,118,81,40,78
20717,118,80,40,78
20718,118,81,40,78
20719,61,36,18,43
20720,43,23,11,32
20721,43,22,11,32
20722,118,81,40,78
20723,118,80,40,78
20724,43,23,11,32
20725,43,22,11,32
20726,118,81,40,78
20727,118,80,40,78
20728,56,33,16,40
20729,61,36,18,43
20730,56,33,16,40
20731,162,114,57,105
20732,56,33,16,40
20733,56,32,16,40
20734,149,105,52,97
20735,149,104,52,97
20736,30,13,6,24
20737,87,56,28,59
20738,87,57,28,59
20739,87,56,28,59
20740,43,23,11,32
20741,43,22,11,32
20742,43,23,11,32
20743,61,36,18,43
20744,43,23,11,32
20745,87,56,28,59
20746,43,23,11,32
20747,87,56,28,59
20748,43,23,11,32
20749,43,22,11,32
20750,87,57,28,59
20751,87,56,28,59
20752,105,71,35,70
20753,43,22,11,32
20754,87,57,28,59
20755,87,56,28,59
20756,105,71,35,70
20757,105,70,35,70
20758,224,163,81,143
20759,224,162,81,143
20760,105,71,35,70
20761,224,162,81,143
20762,105,71,35,70
20763,87,56,28,59
20764,74,47,23,51
20765,74,46,23,51
20766,74,47,23,51
20767,74,46,23,51
20768,149,105,52,97
20769,87,56,28,59
20770,87,57,28,59
20771,87,56,28,59
20772,87,57,28,59
20773,87,56,28,59
20774,87,57,28,59
20775,74,46,23,51
20776,149,105,52,97
20777,74,46,23,51
20778,149,105,52,97
20779,87,56,28,59
20780,105,71,35,70
20781,105,70,35,70
20782,105,71,35,70
20783,87,56,28,59
20784,149,105,52,97
20785,149,104,52,97
20786,149,105,52,97
20787,149,104,52,97
20788,149,105,52,97
20789,149,104,52,97
20790,87,57,28,59
20791,87,56,28,59
20792,149,105,52,97
20793,224,162,81,143
20794,149,105,52,97
20795,149,104,52,97
20796,149,105,52,97
20797,149,104,52,97
20798,87,57,28,59
20799,87,56,28,59
20800,30,13,6,24
20801,149,104,52,97
20802,149,105,52,97
20803,149,104,52,97
20804,149,105,52,97
20805,149,104,52,97
20806,149,105,52,97
20807,180,128,64,116
20808,180,129,64,116
20809,149,104,52,97
20810,180,129,64,116
20811,149,104,52,97
20812,180,129,64,116
20813,180,128,64,116
20814,110,75,37,73
20815,110,74,37,73
20816,30,13,6,24
20817,180,128,64,116
20818,87,57,28,59
20819,87,56,28,59
20820,30,13,6,24
20821,30,12,6,24
20822,149,105,52,97
20823,149,104,52,97
20824,105,71,35,70
20825,149,104,52,97
20826,105,71,35,70
20827,149,104,52,97
20828,105,71,35,70
20829,105,70,35,70
20830,255,187,93,162
20831,255,186,93,162
20832,105,71,35,70
20833,149,104,52,97
20834,43,23,11,32
20835,43,22,11,32
20836,43,23,11,32
20837,43,22,11,32
20838,43,23,11,32
20839,136,94,47,89
20840,105,71,35,70
20841,136,94,47,89
20842,105,71,35,70
20843,136,94,47,89
20844,136,95,47,89
20845,136,94,47,89
20846,136,95,47,89
20847,136,94,47,89
20848,105,71,35,70
20849,105,70,35,70
20850,43,23,11,32
20851,43,22,11,32
20852,105,71,35,70
20853,105,70,35,70
20854,110,75,37,73
20855,110,74,37,73
20856,87,57,28,59
20857,149,104,52,97
20858,87,57,28,59
20859,149,104,52,97
20860,87,57,28,59
20861,87,56,28,59
20862,87,57,28,59
20863,87,56,28,59
20864,30,13,6,24
20865,149,104,52,97
20866,149,105,52,97
20867,149,104,52,97
20868,149,105,52,97
20869,149,104,52,97
20870,149,105,52,97
20871,149,104,52,97
20872,56,33,16,40
20873,56,32,16,40
20874,56,33,16,40
20875,87,56,28,59
20876,56,33,16,40
20877,56,32,16,40
20878,87,57,28,59
20879,87,56,28,59
20880,56,33,16,40
20881,105,70,35,70
20882,105,71,35,70
20883,105,70,35,70
20884,56,33,16,40
20885,56,32,16,40
20886,61,37,18,43
20887,61,36,18,43
20888,56,33,16,40
20889,61,36,18,43
20890,56,33,16,40
20891,61,36,18,43
20892,61,37,18,43
20893,61,36,18,43
20894,61,37,18,43
20895,255,186,93,162
20896,30,13,6,24
20897,162,114,57,105
20898,87,57,28,59
20899,87,56,28,59
20900,87,57,28,59
20901,87,56,28,59
20902,87,57,28,59
20903,149,104,52,97
20904,30,13,6,24
20905,87,56,28,59
20906,30,13,6,24
20907,149,104,52,97
20908,56,33,16,40
20909,56,32,16,40
20910,56,33,16,40
20911,56,32,16,40
20912,180,129,64,116
20913,56,32,16,40
20914,56,33,16,40
20915,56,32,16,40
20916,180,129,64,116
20917,180,128,64,116
20918,149,105,52,97
20919,149,104,52,97
20920,180,129,64,116
20921,56,32,16,40
20922,180,129,64,116
20923,131,90,45,86
20924,131,91,45,86
20925,131,90,45,86
20926,131,91,45,86
20927,87,56,28,59
20928,149,105,52,97
20929,180,128,64,116
20930,131,91,45,86
20931,131,90,45,86
20932,30,13,6,24
20933,30,12,6,24
20934,30,13,6,24
20935,61,36,18,43
20936,87,57,28,59
20937,87,56,28,59
20938,87,57,28,59
20939,105,70,35,70
20940,87,57,28,59
20941,87,56,28,59
20942,87,57,28,59
20943,87,56,28,59
20944,149,105,52,97
20945,87,56,28,59
20946,87,57,28,59
20947,87,56,28,59
20948,149,105,52,97
20949,149,104,52,97
20950,87,57,28,59
20951,87,56,28,59
20952,105,71,35,70
20953,105,70,35,70
20954,105,71,35,70
20955,87,56,28,59
20956,105,71,35,70
20957,105,70,35,70
20958,131,91,45,86
20959,131,90,45,86
20960,149,105,52,97
20961,87,56,28,59
20962,149,105,52,97
20963,149,104,52,97
20964,87,57,28,59
20965,87,56,28,59
20966,87,57,28,59
20967,162,114,57,105
20968,149,105,52,97
20969,87,56,28,59
20970,149,105,52,97
20971,87,56,28,59
20972,56,33,16,40
20973,56,32,16,40
20974,56,33,16,40
20975,92,60,30,62
20976,105,71,35,70
20977,149,104,52,97
20978,56,33,16,40
20979,56,32,16,40
20980,105,71,35,70
20981,105,70,35,70
20982,87,57,28,59
20983,87,56,28,59
20984,105,71,35,70
20985,56,32,16,40
20986,105,71,35,70
20987,87,56,28,59
20988,87,57,28,59
20989,87,56,28,59
20990,87,57,28,59
20991,87,56,28,59
20992,118,81,40,78
20993,118,80,40,78
20994,149,105,52,97
20995,149,104,52,97
20996,131,91,45,86
20997,131,90,45,86
20998,131,91,45,86
20999,87,56,28,59
21000,30,13,6,24
21001,149,104,52,97
21002,30,13,6,24
21003,131,90,45,86
21004,30,13,6,24
21005,30,12,6,24
21006,131,91,45,86
21007,131,90,45,86
21008,30,13,6,24
21009,30,12,6,24
21010,149,105,52,97
21011,149,104,52,97
21012,30,13,6,24
21013,30,12,6,24
21014,149,105,52,97
21015,149,104,52,97
21016,30,13,6,24
21017,149,104,52,97
21018,30,13,6,24
21019,118,80,40,78
21020,87,57,28,59
21021,87,56,28,59
21022,87,57,28,59
21023,56,32,16,40
21024,56,33,16,40
21025,87,56,28,59
21026,30,13,6,24
21027,30,12,6,24
21028,180,129,64,116
21029,180,128,64,116
21030,180,129,64,116
21031,87,56,28,59
21032,56,33,16,40
21033,87,56,28,59
21034,56,33,16,40
21035,30,12,6,24
21036,105,71,35,70
21037,105,70,35,70
21038,105,71,35,70
21039,224,162,81,143
21040,56,33,16,40
21041,105,70,35,70
21042,105,71,35,70
21043,105,70,35,70
21044,56,33,16,40
21045,56,32,16,40
21046,180,129,64,116
21047,180,128,64,116
21048,193,139,69,124
21049,180,128,64,116
21050,193,139,69,124
21051,193,138,69,124
21052,193,139,69,124
21053,193,138,69,124
21054,87,57,28,59
21055,87,56,28,59
21056,56,33,16,40
21057,43,22,11,32
21058,43,23,11,32
21059,43,22,11,32
21060,43,23,11,32
21061,43,22,11,32
21062,43,23,11,32
21063,193,138,69,124
21064,43,23,11,32
21065,105,70,35,70
21066,43,23,11,32
21067,43,22,11,32
21068,43,23,11,32
21069,43,22,11,32
21070,193,139,69,124
21071,193,138,69,124
21072,56,33,16,40
21073,79,50,25,54
21074,79,51,25,54
21075,79,50,25,54
21076,56,33,16,40
21077,56,32,16,40
21078,193,139,69,124
21079,193,138,69,124
21080,56,33,16,40
21081,193,138,69,124
21082,56,33,16,40
21083,87,56,28,59
21084,56,33,16,40
21085,56,32,16,40
21086,180,129,64,116
21087,180,128,64,116
21088,56,33,16,40
21089,43,22,11,32
21090,149,105,52,97
21091,149,104,52,97
21092,149,105,52,97
21093,149,104,52,97
21094,149,105,52,97
21095,43,22,11,32
21096,56,33,16,40
21097,79,50,25,54
21098,56,33,16,40
21099,79,50,25,54
21100,105,71,35,70
21101,105,70,35,70
21102,105,71,35,70
21103,79,50,25,54
21104,149,105,52,97
21105,56,32,16,40
21106,105,71,35,70
21107,105,70,35,70
21108,149,105,52,97
21109,149,104,52,97
21110,149,105,52,97
21111,149,104,52,97
21112,149,105,52,97
21113,105,70,35,70
21114,149,105,52,97
21115,105,70,35,70
21116,79,51,25,54
21117,79,50,25,54
21118,79,51,25,54
21119,79,50,25,54
21120,118,81,40,78
21121,105,70,35,70
21122,56,33,16,40
21123,56,32,16,40
21124,56,33,16,40
21125,56,32,16,40
21126,56,33,16,40
21127,56,32,16,40
21128,105,71,35,70
21129,61,36,18,43
21130,105,71,35,70
21131,56,32,16,40
21132,105,71,35,70
21133,105,70,35,70
21134,61,37,18,43
21135,61,36,18,43
21136,105,71,35,70
21137,56,32,16,40
21138,56,33,16,40
21139,56,32,16,40
21140,105,71,35,70
21141,105,70,35,70
21142,105,71,35,70
21143,105,70,35,70
21144,105,71,35,70
21145,149,104,52,97
21146,105,71,35,70
21147,131,90,45,86
21148,79,51,25,54
21149,79,50,25,54
21150,79,51,25,54
21151,131,90,45,86
21152,118,81,40,78
21153,149,104,52,97
21154,56,33,16,40
21155,56,32,16,40
21156,56,33,16,40
21157,56,32,16,40
21158,56,33,16,40
21159,131,90,45,86
21160,118,81,40,78
21161,131,90,45,86
21162,118,81,40,78
21163,105,70,35,70
21164,56,33,16,40
21165,56,32,16,40
21166,56,33,16,40
21167,105,70,35,70
21168,56,33,16,40
21169,149,104,52,97
21170,149,105,52,97
21171,149,104,52,97
21172,56,33,16,40
21173,56,32,16,40
21174,131,91,45,86
21175,131,90,45,86
21176,56,33,16,40
21177,149,104,52,97
21178,56,33,16,40
21179,118,80,40,78
21180,149,105,52,97
21181,149,104,52,97
21182,149,105,52,97
21183,79,50,25,54
21184,30,13,6,24
21185,56,32,16,40
21186,131,91,45,86
21187,131,90,45,86
21188,100,67,33,67
21189,100,66,33,67
21190,100,67,33,67
21191,56,32,16,40
21192,100,67,33,67
21193,56,32,16,40
21194,100,67,33,67
21195,56,32,16,40
21196,100,67,33,67
21197,100,66,33,67
21198,162,115,57,105
21199,162,114,57,105
21200,30,13,6,24
21201,56,32,16,40
21202,56,33,16,40
21203,56,32,16,40
21204,30,13,6,24
21205,30,12,6,24
21206,105,71,35,70
21207,105,70,35,70
21208,149,105,52,97
21209,100,66,33,67
21210,149,105,52,97
21211,224,162,81,143
21212,149,105,52,97
21213,149,104,52,97
21214,56,33,16,40
21215,56,32,16,40
21216,30,13,6,24
21217,105,70,35,70
21218,30,13,6,24
21219,30,12,6,24
21220,100,67,33,67
21221,100,66,33,67
21222,100,67,33,67
21223,149,104,52,97
21224,30,13,6,24
21225,224,162,81,143
21226,30,13,6,24
21227,105,70,35,70
21228,149,105,52,97
21229,149,104,52,97
21230,149,105,52,97
21231,193,138,69,124
21232,56,33,16,40
21233,30,12,6,24
21234,255,187,93,162
21235,255,186,93,162
21236,56,33,16,40
21237,56,32,16,40
21238,100,67,33,67
21239,100,66,33,67
21240,56,33,16,40
21241,56,32,16,40
21242,56,33,16,40
21243,100,66,33,67
21244,100,67,33,67
21245,100,66,33,67
21246,100,67,33,67
21247,149,104,52,97
21248,118,81,40,78
21249,56,32,16,40
21250,56,33,16,40
21251,56,32,16,40
21252,56,33,16,40
21253,56,32,16,40
21254,56,33,16,40
21255,149,104,52,97
21256,56,33,16,40
21257,149,104,52,97
21258,56,33,16,40
21259,61,36,18,43
21260,56,33,16,40
21261,56,32,16,40
21262,56,33,16,40
21263,56,32,16,40
21264,56,33,16,40
21265,56,32,16,40
21266,149,105,52,97
21267,149,104,52,97
21268,56,33,16,40
21269,56,32,16,40
21270,56,33,16,40
21271,56,32,16,40
21272,56,33,16,40
21273,56,32,16,40
21274,56,33,16,40
21275,149,104,52,97
21276,56,33,16,40
21277,56,32,16,40
21278,56,33,16,40
21279,61,36,18,43
21280,56,33,16,40
21281,100,66,33,67
21282,56,33,16,40
21283,56,32,16,40
21284,56,33,16,40
21285,56,32,16,40
21286,56,33,16,40
21287,100,66,33,67
21288,56,33,16,40
21289,56,32,16,40
21290,56,33,16,40
21291,193,138,69,124
21292,56,33,16,40
21293,56,32,16,40
21294,56,33,16,40
21295,100,66,33,67
21296,56,33,16,40
21297,56,32,16,40
21298,56,33,16,40
21299,56,32,16,40
21300,56,33,16,40
21301,56,32,16,40
21302,100,67,33,67
21303,100,66,33,67
21304,87,57,28,59
21305,56,32,16,40
21306,87,57,28,59
21307,87,56,28,59
21308,87,57,28,59
21309,87,56,28,59
21310,149,105,52,97
21311,149,104,52,97
21312,118,81,40,78
21313,56,32,16,40
21314,87,57,28,59
21315,87,56,28,59
21316,56,33,16,40
21317,56,32,16,40
21318,56,33,16,40
21319,100,66,33,67
21320,56,33,16,40
21321,56,32,16,40
21322,56,33,16,40
21323,56,32,16,40
21324,56,33,16,40
21325,56,32,16,40
21326,56,33,16,40
21327,56,32,16,40
21328,118,81,40,78
21329,193,138,69,124
21330,193,139,69,124
21331,193,138,69,124
21332,118,81,40,78
21333,118,80,40,78
21334,149,105,52,97
21335,149,104,52,97
21336,48,27,13,35
21337,56,32,16,40
21338,48,27,13,35
21339,87,56,28,59
21340,48,27,13,35
21341,48,26,13,35
21342,87,57,28,59
21343,87,56,28,59
21344,149,105,52,97
21345,74,46,23,51
21346,56,33,16,40
21347,56,32,16,40
21348,56,33,16,40
21349,56,32,16,40
21350,56,33,16,40
21351,255,186,93,162
21352,149,105,52,97
21353,48,26,13,35
21354,149,105,52,97
21355,48,26,13,35
21356,48,27,13,35
21357,48,26,13,35
21358,48,27,13,35
21359,48,26,13,35
21360,149,105,52,97
21361,149,104,52,97
21362,56,33,16,40
21363,56,32,16,40
21364,149,105,52,97
21365,149,104,52,97
21366,100,67,33,67
21367,100,66,33,67
21368,48,27,13,35
21369,100,66,33,67
21370,48,27,13,35
21371,131,90,45,86
21372,48,27,13,35
21373,48,26,13,35
21374,100,67,33,67
21375,100,66,33,67
21376,74,47,23,51
21377,48,26,13,35
21378,149,105,52,97
21379,149,104,52,97
21380,162,115,57,105
21381,162,114,57,105
21382,162,115,57,105
21383,149,104,52,97
21384,118,81,40,78
21385,100,66,33,67
21386,118,81,40,78
21387,162,114,57,105
21388,118,81,40,78
21389,118,80,40,78
21390,74,47,23,51
21391,74,46,23,51
21392,48,27,13,35
21393,193,138,69,124
21394,193,139,69,124
21395,193,138,69,124
21396,48,27,13,35
21397,48,26,13,35
21398,48,27,13,35
21399,48,26,13,35
21400,48,27,13,35
21401,48,26,13,35
21402,48,27,13,35
21403,193,138,69,124
21404,193,139,69,124
21405,193,138,69,124
21406,193,139,69,124
21407,193,138,69,124
21408,74,47,23,51
21409,56,32,16,40
21410,48,27,13,35
21411,48,26,13,35
21412,48,27,13,35
21413,48,26,13,35
21414,48,27,13,35
21415,87,56,28,59
21416,74,47,23,51
21417,237,172,86,151
21418,74,47,23,51
21419,100,66,33,67
21420,100,67,33,67
21421,100,66,33,67
21422,100,67,33,67
21423,48,26,13,35
21424,30,13,6,24
21425,30,12,6,24
21426,30,13,6,24
21427,30,12,6,24
21428,30,13,6,24
21429,30,12,6,24
21430,193,139,69,124
21431,193,138,69,124
21432,30,13,6,24
21433,193,138,69,124
21434,30,13,6,24
21435,193,138,69,124
21436,193,139,69,124
21437,193,138,69,124
21438,193,139,69,124
21439,74,46,23,51
21440,74,47,23,51
21441,100,66,33,67
21442,100,67,33,67
21443,100,66,33,67
21444,74,47,23,51
21445,74,46,23,51
21446,74,47,23,51
21447,48,26,13,35
21448,48,27,13,35
21449,56,32,16,40
21450,48,27,13,35
21451,48,26,13,35
21452,48,27,13,35
21453,48,26,13,35
21454,100,67,33,67
21455,100,66,33,67
21456,74,47,23,51
21457,48,26,13,35
21458,48,27,13,35
21459,48,26,13,35
21460,74,47,23,51
21461,74,46,23,51
21462,48,27,13,35
21463,48,26,13,35
21464,74,47,23,51
21465,74,46,23,51
21466,74,47,23,51
21467,48,26,13,35
21468,74,47,23,51
21469,74,46,23,51
21470,87,57,28,59
21471,87,56,28,59
21472,100,67,33,67
21473,48,26,13,35
21474,74,47,23,51
21475,74,46,23,51
21476,74,47,23,51
21477,74,46,23,51
21478,74,47,23,51
21479,193,138,69,124
21480,100,67,33,67
21481,149,104,52,97
21482,100,67,33,67
21483,100,66,33,67
21484,131,91,45,86
21485,131,90,45,86
21486,131,91,45,86
21487,131,90,45,86
21488,100,67,33,67
21489,100,66,33,67
21490,56,33,16,40
21491,56,32,16,40
21492,100,67,33,67
21493,100,66,33,67
21494,100,67,33,67
21495,100,66,33,67
21496,100,67,33,67
21497,193,138,69,124
21498,100,67,33,67
21499,100,66,33,67
21500,100,67,33,67
21501,100,66,33,67
21502,193,139,69,124
21503,193,138,69,124
21504,17,3,1,16
21505,74,46,23,51
21506,74,47,23,51
21507,74,46,23,51
21508,74,47,23,51
21509,74,46,23,51
21510,74,47,23,51
21511,74,46,23,51
21512,74,47,23,51
21513,74,46,23,51
21514,74,47,23,51
21515,74,46,23,51
21516,74,47,23,51
21517,74,46,23,51
21518,193,139,69,124
21519,193,138,69,124
21520,118,81,40,78
21521,74,46,23,51
21522,74,47,23,51
21523,74,46,23,51
21524,118,81,40,78
21525,118,80,40,78
21526,74,47,23,51
21527,74,46,23,51
21528,118,81,40,78
21529,100,66,33,67
21530,118,81,40,78
21531,105,70,35,70
21532,74,47,23,51
21533,74,46,23,51
21534,74,47,23,51
21535,100,66,33,67
21536,69,43,21,48
21537,193,138,69,124
21538,118,81,40,78
21539,118,80,40,78
21540,149,105,52,97
21541,149,104,52,97
21542,149,105,52,97
21543,74,46,23,51
21544,69,43,21,48
21545,193,138,69,124
21546,69,43,21,48
21547,149,104,52,97
21548,149,105,52,97
21549,149,104,52,97
21550,149,105,52,97
21551,87,56,28,59
21552,69,43,21,48
21553,149,104,52,97
21554,149,105,52,97
21555,149,104,52,97
21556,69,43,21,48
21557,69,42,21,48
21558,149,105,52,97
21559,149,104,52,97
21560,30,13,6,24
21561,149,104,52,97
21562,30,13,6,24
21563,131,90,45,86
21564,30,13,6,24
21565,30,12,6,24
21566,149,105,52,97
21567,149,104,52,97
21568,118,81,40,78
21569,30,12,6,24
21570,30,13,6,24
21571,30,12,6,24
21572,69,43,21,48
21573,69,42,21,48
21574,69,43,21,48
21575,193,138,69,124
21576,162,115,57,105
21577,193,138,69,124
21578,162,115,57,105
21579,69,42,21,48
21580,162,115,57,105
21581,162,114,57,105
21582,162,115,57,105
21583,162,114,57,105
21584,118,81,40,78
21585,162,114,57,105
21586,118,81,40,78
21587,118,80,40,78
21588,118,81,40,78
21589,118,80,40,78
21590,69,43,21,48
21591,69,42,21,48
21592,69,43,21,48
21593,69,42,21,48
21594,69,43,21,48
21595,193,138,69,124
21596,69,43,21,48
21597,69,42,21,48
21598,162,115,57,105
21599,162,114,57,105
21600,118,81,40,78
21601,69,42,21,48
21602,162,115,57,105
21603,162,114,57,105
21604,162,115,57,105
21605,162,114,57,105
21606,162,115,57,105
21607,131,90,45,86
21608,118,81,40,78
21609,193,138,69,124
21610,118,81,40,78
21611,69,42,21,48
21612,74,47,23,51
21613,74,46,23,51
21614,74,47,23,51
21615,162,114,57,105
21616,162,115,57,105
21617,118,80,40,78
21618,69,43,21,48
21619,69,42,21,48
21620,162,115,57,105
21621,162,114,57,105
21622,69,43,21,48
21623,69,42,21,48
21624,162,115,57,105
21625,193,138,69,124
21626,162,115,57,105
21627,149,104,52,97
21628,69,43,21,48
21629,69,42,21,48
21630,69,43,21,48
21631,154,108,54,100
21632,56,33,16,40
21633,162,114,57,105
21634,118,81,40,78
21635,118,80,40,78
21636,118,81,40,78
21637,118,80,40,78
21638,118,81,40,78
21639,74,46,23,51
21640,43,23,11,32
21641,193,138,69,124
21642,43,23,11,32
21643,162,114,57,105
21644,43,23,11,32
21645,43,22,11,32
21646,69,43,21,48
21647,69,42,21,48
21648,43,23,11,32
21649,69,42,21,48
21650,69,43,21,48
21651,69,42,21,48
21652,43,23,11,32
21653,43,22,11,32
21654,43,23,11,32
21655,43,22,11,32
21656,43,23,11,32
21657,43,22,11,32
21658,43,23,11,32
21659,69,42,21,48
21660,43,23,11,32
21661,43,22,11,32
21662,43,23,11,32
21663,87,56,28,59
21664,56,33,16,40
21665,100,66,33,67
21666,69,43,21,48
21667,69,42,21,48
21668,69,43,21,48
21669,69,42,21,48
21670,69,43,21,48
21671,154,108,54,100
21672,56,33,16,40
21673,193,138,69,124
21674,56,33,16,40
21675,43,22,11,32
21676,43,23,11,32
21677,43,22,11,32
21678,43,23,11,32
21679,74,46,23,51
21680,118,81,40,78
21681,131,90,45,86
21682,131,91,45,86
21683,131,90,45,86
21684,118,81,40,78
21685,118,80,40,78
21686,162,115,57,105
21687,162,114,57,105
21688,118,81,40,78
21689,131,90,45,86
21690,118,81,40,78
21691,100,66,33,67
21692,69,43,21,48
21693,69,42,21,48
21694,69,43,21,48
21695,74,46,23,51
21696,56,33,16,40
21697,162,114,57,105
21698,162,115,57,105
21699,162,114,57,105
21700,162,115,57,105
21701,162,114,57,105
21702,162,115,57,105
21703,162,114,57,105
21704,162,115,57,105
21705,118,80,40,78
21706,162,115,57,105
21707,118,80,40,78
21708,162,115,57,105
21709,162,114,57,105
21710,206,149,74,132
21711,206,148,74,132
21712,56,33,16,40
21713,162,114,57,105
21714,162,115,57,105
21715,162,114,57,105
21716,56,33,16,40
21717,56,32,16,40
21718,43,23,11,32
21719,43,22,11,32
21720,100,67,33,67
21721,162,114,57,105
21722,100,67,33,67
21723,43,22,11,32
21724,100,67,33,67
21725,100,66,33,67
21726,100,67,33,67
21727,100,66,33,67
21728,69,43,21,48
21729,100,66,33,67
21730,56,33,16,40
21731,56,32,16,40
21732,162,115,57,105
21733,162,114,57,105
21734,162,115,57,105
21735,193,138,69,124
21736,69,43,21,48
21737,162,114,57,105
21738,69,43,21,48
21739,175,124,62,113
21740,118,81,40,78
21741,118,80,40,78
21742,118,81,40,78
21743,180,128,64,116
21744,69,43,21,48
21745,69,42,21,48
21746,131,91,45,86
21747,131,90,45,86
21748,69,43,21,48
21749,69,42,21,48
21750,118,81,40,78
21751,118,80,40,78
21752,69,43,21,48
21753,118,80,40,78
21754,69,43,21,48
21755,162,114,57,105
21756,69,43,21,48
21757,69,42,21,48
21758,131,91,45,86
21759,131,90,45,86
21760,17,3,1,16
21761,69,42,21,48
21762,180,129,64,116
21763,180,128,64,116
21764,56,33,16,40
21765,56,32,16,40
21766,56,33,16,40
21767,180,128,64,116
21768,69,43,21,48
21769,193,138,69,124
21770,69,43,21,48
21771,193,138,69,124
21772,69,43,21,48
21773,69,42,21,48
21774,118,81,40,78
21775,118,80,40,78
21776,56,33,16,40
21777,69,42,21,48
21778,162,115,57,105
21779,162,114,57,105
21780,56,33,16,40
21781,56,32,16,40
21782,69,43,21,48
21783,69,42,21,48
21784,56,33,16,40
21785,69,42,21,48
21786,56,33,16,40
21787,131,90,45,86
21788,100,67,33,67
21789,100,66,33,67
21790,100,67,33,67
21791,69,42,21,48
21792,69,43,21,48
21793,56,32,16,40
21794,162,115,57,105
21795,162,114,57,105
21796,162,115,57,105
21797,162,114,57,105
21798,162,115,57,105
21799,118,80,40,78
21800,69,43,21,48
21801,149,104,52,97
21802,69,43,21,48
21803,162,114,57,105
21804,56,33,16,40
21805,56,32,16,40
21806,56,33,16,40
21807,162,114,57,105
21808,69,43,21,48
21809,69,42,21,48
21810,69,43,21,48
21811,69,42,21,48
21812,69,43,21,48
21813,69,42,21,48
21814,162,115,57,105
21815,162,114,57,105
21816,131,91,45,86
21817,74,46,23,51
21818,131,91,45,86
21819,56,32,16,40
21820,131,91,45,86
21821,131,90,45,86
21822,193,139,69,124
21823,193,138,69,124
21824,17,3,1,16
21825,69,42,21,48
21826,131,91,45,86
21827,131,90,45,86
21828,69,43,21,48
21829,69,42,21,48
21830,69,43,21,48
21831,74,46,23,51
21832,162,115,57,105
21833,131,90,45,86
21834,162,115,57,105
21835,69,42,21,48
21836,162,115,57,105
21837,162,114,57,105
21838,175,125,62,113
21839,175,124,62,113
21840,17,3,1,16
21841,162,114,57,105
21842,162,115,57,105
21843,162,114,57,105
21844,17,3,1,16
21845,17,2,1,16
21846,56,33,16,40
21847,56,32,16,40
21848,118,81,40,78
21849,56,32,16,40
21850,118,81,40,78
21851,56,32,16,40
21852,118,81,40,78
21853,118,80,40,78
21854,56,33,16,40
21855,56,32,16,40
21856,43,23,11,32
21857,56,32,16,40
21858,162,115,57,105
21859,162,114,57,105
21860,162,115,57,105
21861,162,114,57,105
21862,162,115,57,105
21863,100,66,33,67
21864,43,23,11,32
21865,118,80,40,78
21866,43,23,11,32
21867,237,172,86,151
21868,118,81,40,78
21869,118,80,40,78
21870,118,81,40,78
21871,237,172,86,151
21872,43,23,11,32
21873,43,22,11,32
21874,162,115,57,105
21875,162,114,57,105
21876,43,23,11,32
21877,43,22,11,32
21878,100,67,33,67
21879,100,66,33,67
21880,162,115,57,105
21881,69,42,21,48
21882,162,115,57,105
21883,100,66,33,67
21884,162,115,57,105
21885,162,114,57,105
21886,87,57,28,59
21887,87,56,28,59
21888,131,91,45,86
21889,118,80,40,78
21890,43,23,11,32
21891,43,22,11,32
21892,162,115,57,105
21893,162,114,57,105
21894,162,115,57,105
21895,43,22,11,32
21896,43,23,11,32
21897,162,114,57,105
21898,43,23,11,32
21899,162,114,57,105
21900,43,23,11,32
21901,43,22,11,32
21902,162,115,57,105
21903,162,114,57,105
21904,43,23,11,32
21905,43,22,11,32
21906,43,23,11,32
21907,43,22,11,32
21908,43,23,11,32
21909,43,22,11,32
21910,162,115,57,105
21911,162,114,57,105
21912,43,23,11,32
21913,162,114,57,105
21914,43,23,11,32
21915,162,114,57,105
21916,193,139,69,124
21917,193,138,69,124
21918,193,139,69,124
21919,193,138,69,124
21920,131,91,45,86
21921,193,138,69,124
21922,43,23,11,32
21923,43,22,11,32
21924,43,23,11,32
21925,43,22,11,32
21926,43,23,11,32
21927,123,84,42,81
21928,131,91,45,86
21929,193,138,69,124
21930,131,91,45,86
21931,100,66,33,67
21932,118,81,40,78
21933,118,80,40,78
21934,118,81,40,78
21935,162,114,57,105
21936,118,81,40,78
21937,43,22,11,32
21938,43,23,11,32
21939,43,22,11,32
21940,118,81,40,78
21941,118,80,40,78
21942,268,197,98,170
21943,268,196,98,170
21944,118,81,40,78
21945,43,22,11,32
21946,118,81,40,78
21947,56,32,16,40
21948,56,33,16,40
21949,56,32,16,40
21950,56,33,16,40
21951,100,66,33,67
21952,131,91,45,86
21953,118,80,40,78
21954,149,105,52,97
21955,149,104,52,97
21956,131,91,45,86
21957,131,90,45,86
21958,131,91,45,86
21959,149,104,52,97
21960,43,23,11,32
21961,118,80,40,78
21962,43,23,11,32
21963,118,80,40,78
21964,43,23,11,32
21965,43,22,11,32
21966,100,67,33,67
21967,100,66,33,67
21968,131,91,45,86
21969,43,22,11,32
21970,162,115,57,105
21971,162,114,57,105
21972,131,91,45,86
21973,131,90,45,86
21974,100,67,33,67
21975,100,66,33,67
21976,69,43,21,48
21977,69,42,21,48
21978,69,43,21,48
21979,43,22,11,32
21980,69,43,21,48
21981,69,42,21,48
21982,100,67,33,67
21983,100,66,33,67
21984,43,23,11,32
21985,162,114,57,105
21986,131,91,45,86
21987,131,90,45,86
21988,100,67,33,67
21989,100,66,33,67
21990,100,67,33,67
21991,100,66,33,67
21992,43,23,11,32
21993,149,104,52,97
21994,43,23,11,32
21995,149,104,52,97
21996,69,43,21,48
21997,69,42,21,48
21998,69,43,21,48
21999,118,80,40,78
22000,43,23,11,32
22001,43,22,11,32
22002,69,43,21,48
22003,69,42,21,48
22004,43,23,11,32
22005,43,22,11,32
22006,74,47,23,51
22007,74,46,23,51
22008,175,125,62,113
22009,74,46,23,51
22010,175,125,62,113
22011,74,46,23,51
22012,175,125,62,113
22013,175,124,62,113
22014,74,47,23,51
22015,74,46,23,51
22016,38,19,9,29
22017,100,66,33,67
22018,193,139,69,124
22019,193,138,69,124
22020,193,139,69,124
22021,193,138,69,124
22022,193,139,69,124
22023,43,22,11,32
22024,131,91,45,86
22025,69,42,21,48
22026,131,91,45,86
22027,193,138,69,124
22028,131,91,45,86
22029,131,90,45,86
22030,69,43,21,48
22031,69,42,21,48
22032,162,115,57,105
22033,131,90,45,86
22034,162,115,57,105
22035,162,114,57,105
22036,162,115,57,105
22037,162,114,57,105
22038,144,101,50,94
22039,144,100,50,94
22040,162,115,57,105
22041,144,100,50,94
22042,162,115,57,105
22043,268,196,98,170
22044,131,91,45,86
22045,131,90,45,86
22046,131,91,45,86
22047,193,138,69,124
22048,131,91,45,86
22049,43,22,11,32
22050,162,115,57,105
22051,162,114,57,105
22052,100,67,33,67
22053,100,66,33,67
22054,100,67,33,67
22055,100,66,33,67
22056,131,91,45,86
22057,100,66,33,67
22058,131,91,45,86
22059,162,114,57,105
22060,162,115,57,105
22061,162,114,57,105
22062,162,115,57,105
22063,193,138,69,124
22064,131,91,45,86
22065,100,66,33,67
22066,100,67,33,67
22067,100,66,33,67
22068,131,91,45,86
22069,131,90,45,86
22070,100,67,33,67
22071,100,66,33,67
22072,162,115,57,105
22073,118,80,40,78
22074,162,115,57,105
22075,118,80,40,78
22076,162,115,57,105
22077,162,114,57,105
22078,144,101,50,94
22079,144,100,50,94
22080,131,91,45,86
22081,162,114,57,105
22082,162,115,57,105
22083,162,114,57,105
22084,131,91,45,86
22085,131,90,45,86
22086,131,91,45,86
22087,100,66,33,67
22088,131,91,45,86
22089,100,66,33,67
22090,131,91,45,86
22091,131,90,45,86
22092,131,91,45,86
22093,131,90,45,86
22094,69,43,21,48
22095,69,42,21,48
22096,131,91,45,86
22097,69,42,21,48
22098,69,43,21,48
22099,69,42,21,48
22100,131,91,45,86
22101,131,90,45,86
22102,118,81,40,78
22103,118,80,40,78
22104,43,23,11,32
22105,118,80,40,78
22106,43,23,11,32
22107,69,42,21,48
22108,43,23,11,32
22109,43,22,11,32
22110,100,67,33,67
22111,100,66,33,67
22112,131,91,45,86
22113,131,90,45,86
22114,43,23,11,32
22115,43,22,11,32
22116,43,23,11,32
22117,43,22,11,32
22118,43,23,11,32
22119,100,66,33,67
22120,131,91,45,86
22121,100,66,33,67
22122,131,91,45,86
22123,162,114,57,105
22124,43,23,11,32
22125,43,22,11,32
22126,43,23,11,32
22127,118,80,40,78
22128,100,67,33,67
22129,131,90,45,86
22130,162,115,57,105
22131,162,114,57,105
22132,100,67,33,67
22133,100,66,33,67
22134,43,23,11,32
22135,43,22,11,32
22136,100,67,33,67
22137,162,114,57,105
22138,100,67,33,67
22139,43,22,11,32
22140,131,91,45,86
22141,131,90,45,86
22142,131,91,45,86
22143,131,90,45,86
22144,38,19,9,29
22145,69,42,21,48
22146,131,91,45,86
22147,131,90,45,86
22148,69,43,21,48
22149,69,42,21,48
22150,69,43,21,48
22151,193,138,69,124
22152,69,43,21,48
22153,43,22,11,32
22154,69,43,21,48
22155,69,42,21,48
22156,69,43,21,48
22157,69,42,21,48
22158,43,23,11,32
22159,43,22,11,32
22160,69,43,21,48
22161,69,42,21,48
22162,69,43,21,48
22163,69,42,21,48
22164,69,43,21,48
22165,69,42,21,48
22166,69,43,21,48
22167,69,42,21,48
22168,69,43,21,48
22169,193,138,69,124
22170,69,43,21,48
22171,193,138,69,124
22172,206,149,74,132
22173,206,148,74,132
22174,206,149,74,132
22175,92,60,30,62
22176,38,19,9,29
22177,206,148,74,132
22178,56,33,16,40
22179,56,32,16,40
22180,56,33,16,40
22181,56,32,16,40
22182,56,33,16,40
22183,56,32,16,40
22184,38,19,9,29
22185,92,60,30,62
22186,38,19,9,29
22187,56,32,16,40
22188,56,33,16,40
22189,56,32,16,40
22190,56,33,16,40
22191,118,80,40,78
22192,69,43,21,48
22193,69,42,21,48
22194,69,43,21,48
22195,69,42,21,48
22196,69,43,21,48
22197,69,42,21,48
22198,92,61,30,62
22199,92,60,30,62
22200,69,43,21,48
22201,69,42,21,48
22202,69,43,21,48
22203,69,42,21,48
22204,69,43,21,48
22205,69,42,21,48
22206,69,43,21,48
22207,206,148,74,132
22208,131,91,45,86
22209,69,42,21,48
22210,193,139,69,124
22211,193,138,69,124
22212,131,91,45,86
22213,131,90,45,86
22214,131,91,45,86
22215,69,42,21,48
22216,131,91,45,86
22217,162,114,57,105
22218,131,91,45,86
22219,162,114,57,105
22220,131,91,45,86
22221,131,90,45,86
22222,56,33,16,40
22223,56,32,16,40
22224,131,91,45,86
22225,118,80,40,78
22226,118,81,40,78
22227,118,80,40,78
22228,131,91,45,86
22229,131,90,45,86
22230,162,115,57,105
22231,162,114,57,105
22232,162,115,57,105
22233,162,114,57,105
22234,162,115,57,105
22235,118,80,40,78
22236,162,115,57,105
22237,162,114,57,105
22238,162,115,57,105
22239,162,114,57,105
22240,131,91,45,86
22241,118,80,40,78
22242,131,91,45,86
22243,131,90,45,86
22244,131,91,45,86
22245,131,90,45,86
22246,131,91,45,86
22247,237,172,86,151
22248,131,91,45,86
22249,118,80,40,78
22250,131,91,45,86
22251,69,42,21,48
22252,118,81,40,78
22253,118,80,40,78
22254,118,81,40,78
22255,118,80,40,78
22256,118,81,40,78
22257,131,90,45,86
22258,69,43,21,48
22259,69,42,21,48
22260,118,81,40,78
22261,118,80,40,78
22262,74,47,23,51
22263,74,46,23,51
22264,118,81,40,78
22265,118,80,40,78
22266,118,81,40,78
22267,69,42,21,48
22268,237,173,86,151
22269,237,172,86,151
22270,237,173,86,151
22271,144,100,50,94
22272,38,19,9,29
22273,131,90,45,86
22274,92,61,30,62
22275,92,60,30,62
22276,131,91,45,86
22277,131,90,45,86
22278,131,91,45,86
22279,92,60,30,62
22280,69,43,21,48
22281,144,100,50,94
22282,69,43,21,48
22283,69,42,21,48
22284,69,43,21,48
22285,69,42,21,48
22286,131,91,45,86
22287,131,90,45,86
22288,38,19,9,29
22289,69,42,21,48
22290,144,101,50,94
22291,144,100,50,94
22292,38,19,9,29
22293,38,18,9,29
22294,69,43,21,48
22295,69,42,21,48
22296,38,19,9,29
22297,118,80,40,78
22298,38,19,9,29
22299,92,60,30,62
22300,69,43,21,48
22301,69,42,21,48
22302,69,43,21,48
22303,162,114,57,105
22304,131,91,45,86
22305,69,42,21,48
22306,43,23,11,32
22307,43,22,11,32
22308,43,23,11,32
22309,43,22,11,32
22310,43,23,11,32
22311,131,90,45,86
22312,131,91,45,86
22313,162,114,57,105
22314,131,91,45,86
22315,43,22,11,32
22316,43,23,11,32
22317,43,22,11,32
22318,43,23,11,32
22319,144,100,50,94
22320,131,91,45,86
22321,43,22,11,32
22322,43,23,11,32
22323,43,22,11,32
22324,131,91,45,86
22325,131,90,45,86
22326,113,77,38,75
22327,113,76,38,75
22328,69,43,21,48
22329,113,76,38,75
22330,69,43,21,48
22331,43,22,11,32
22332,69,43,21,48
22333,69,42,21,48
22334,69,43,21,48
22335,69,42,21,48
22336,38,19,9,29
22337,131,90,45,86
22338,162,115,57,105
22339,162,114,57,105
22340,131,91,45,86
22341,131,90,45,86
22342,131,91,45,86
22343,113,76,38,75
22344,113,77,38,75
22345,162,114,57,105
22346,113,77,38,75
22347,131,90,45,86
22348,113,77,38,75
22349,113,76,38,75
22350,118,81,40,78
22351,118,80,40,78
22352,38,19,9,29
22353,113,76,38,75
22354,162,115,57,105
22355,162,114,57,105
22356,38,19,9,29
22357,38,18,9,29
22358,43,23,11,32
22359,43,22,11,32
22360,69,43,21,48
22361,69,42,21,48
22362,69,43,21,48
22363,162,114,57,105
22364,69,43,21,48
22365,69,42,21,48
22366,69,43,21,48
22367,69,42,21,48
22368,69,43,21,48
22369,268,196,98,170
22370,69,43,21,48
22371,69,42,21,48
22372,69,43,21,48
22373,69,42,21,48
22374,69,43,21,48
22375,118,80,40,78
22376,69,43,21,48
22377,69,42,21,48
22378,69,43,21,48
22379,113,76,38,75
22380,131,91,45,86
22381,131,90,45,86
22382,131,91,45,86
22383,162,114,57,105
22384,69,43,21,48
22385,69,42,21,48
22386,69,43,21,48
22387,69,42,21,48
22388,69,43,21,48
22389,69,42,21,48
22390,69,43,21,48
22391,69,42,21,48
22392,69,43,21,48
22393,162,114,57,105
22394,69,43,21,48
22395,74,46,23,51
22396,69,43,21,48
22397,69,42,21,48
22398,74,47,23,51
22399,74,46,23,51
22400,87,57,28,59
22401,162,114,57,105
22402,69,43,21,48
22403,69,42,21,48
22404,69,43,21,48
22405,69,42,21,48
22406,69,43,21,48
22407,69,42,21,48
22408,38,19,9,29
22409,69,42,21,48
22410,38,19,9,29
22411,162,114,57,105
22412,38,19,9,29
22413,38,18,9,29
22414,69,43,21,48
22415,69,42,21,48
22416,100,67,33,67
22417,69,42,21,48
22418,69,43,21,48
22419,69,42,21,48
22420,100,67,33,67
22421,100,66,33,67
22422,69,43,21,48
22423,69,42,21,48
22424,100,67,33,67
22425,69,42,21,48
22426,100,67,33,67
22427,69,42,21,48
22428,69,43,21,48
22429,69,42,21,48
22430,69,43,21,48
22431,206,148,74,132
22432,87,57,28,59
22433,69,42,21,48
22434,100,67,33,67
22435,100,66,33,67
22436,113,77,38,75
22437,113,76,38,75
22438,113,77,38,75
22439,113,76,38,75
22440,87,57,28,59
22441,113,76,38,75
22442,87,57,28,59
22443,69,42,21,48
22444,162,115,57,105
22445,162,114,57,105
22446,162,115,57,105
22447,100,66,33,67
22448,131,91,45,86
22449,38,18,9,29
22450,38,19,9,29
22451,38,18,9,29
22452,131,91,45,86
22453,131,90,45,86
22454,69,43,21,48
22455,69,42,21,48
22456,131,91,45,86
22457,69,42,21,48
22458,131,91,45,86
22459,69,42,21,48
22460,69,43,21,48
22461,69,42,21,48
22462,69,43,21,48
22463,162,114,57,105
22464,87,57,28,59
22465,131,90,45,86
22466,206,149,74,132
22467,206,148,74,132
22468,87,57,28,59
22469,87,56,28,59
22470,87,57,28,59
22471,206,148,74,132
22472,162,115,57,105
22473,162,114,57,105
22474,162,115,57,105
22475,162,114,57,105
22476,162,115,57,105
22477,162,114,57,105
22478,61,37,18,43
22479,61,36,18,43
22480,87,57,28,59
22481,162,114,57,105
22482,100,67,33,67
22483,100,66,33,67
22484,87,57,28,59
22485,87,56,28,59
22486,69,43,21,48
22487,69,42,21,48
22488,61,37,18,43
22489,87,56,28,59
22490,61,37,18,43
22491,69,42,21,48
22492,61,37,18,43
22493,61,36,18,43
22494,61,37,18,43
22495,61,36,18,43
22496,175,125,62,113
22497,61,36,18,43
22498,87,57,28,59
22499,87,56,28,59
22500,162,115,57,105
22501,162,114,57,105
22502,162,115,57,105
22503,162,114,57,105
22504,175,125,62,113
22505,87,56,28,59
22506,175,125,62,113
22507,100,66,33,67
22508,61,37,18,43
22509,61,36,18,43
22510,61,37,18,43
22511,162,114,57,105
22512,175,125,62,113
22513,175,124,62,113
22514,113,77,38,75
22515,113,76,38,75
22516,175,125,62,113
22517,175,124,62,113
22518,61,37,18,43
22519,61,36,18,43
22520,162,115,57,105
22521,162,114,57,105
22522,162,115,57,105
22523,100,66,33,67
22524,162,115,57,105
22525,162,114,57,105
22526,206,149,74,132
22527,206,148,74,132
22528,25,9,4,21
22529,131,90,45,86
22530,61,37,18,43
22531,61,36,18,43
22532,61,37,18,43
22533,61,36,18,43
22534,61,37,18,43
22535,61,36,18,43
22536,87,57,28,59
22537,206,148,74,132
22538,87,57,28,59
22539,61,36,18,43
22540,87,57,28,59
22541,87,56,28,59
22542,61,37,18,43
22543,61,36,18,43
22544,87,57,28,59
22545,87,56,28,59
22546,206,149,74,132
22547,206,148,74,132
22548,87,57,28,59
22549,87,56,28,59
22550,87,57,28,59
22551,87,56,28,59
22552,87,57,28,59
22553,61,36,18,43
22554,87,57,28,59
22555,69,42,21,48
22556,87,57,28,59
22557,87,56,28,59
22558,87,57,28,59
22559,268,196,98,170
22560,38,19,9,29
22561,87,56,28,59
22562,87,57,28,59
22563,87,56,28,59
22564,43,23,11,32
22565,43,22,11,32
22566,43,23,11,32
22567,113,76,38,75
22568,38,19,9,29
22569,113,76,38,75
22570,38,19,9,29
22571,43,22,11,32
22572,87,57,28,59
22573,87,56,28,59
22574,87,57,28,59
22575,113,76,38,75
22576,38,19,9,29
22577,206,148,74,132
22578,206,149,74,132
22579,206,148,74,132
22580,38,19,9,29
22581,38,18,9,29
22582,149,105,52,97
22583,149,104,52,97
22584,61,37,18,43
22585,87,56,28,59
22586,61,37,18,43
22587,113,76,38,75
22588,61,37,18,43
22589,61,36,18,43
22590,61,37,18,43
22591,61,36,18,43
22592,131,91,45,86
22593,61,36,18,43
22594,61,37,18,43
22595,61,36,18,43
22596,38,19,9,29
22597,38,18,9,29
22598,38,19,9,29
22599,61,36,18,43
22600,87,57,28,59
22601,113,76,38,75
22602,87,57,28,59
22603,38,18,9,29
22604,87,57,28,59
22605,87,56,28,59
22606,87,57,28,59
22607,87,56,28,59
22608,131,91,45,86
22609,87,56,28,59
22610,87,57,28,59
22611,87,56,28,59
22612,131,91,45,86
22613,131,90,45,86
22614,113,77,38,75
22615,113,76,38,75
22616,113,77,38,75
22617,113,76,38,75
22618,113,77,38,75
22619,100,66,33,67
22620,113,77,38,75
22621,113,76,38,75
22622,87,57,28,59
22623,87,56,28,59
22624,131,91,45,86
22625,87,56,28,59
22626,113,77,38,75
22627,113,76,38,75
22628,113,77,38,75
22629,113,76,38,75
22630,113,77,38,75
22631,206,148,74,132
22632,131,91,45,86
22633,144,100,50,94
22634,131,91,45,86
22635,144,100,50,94
22636,69,43,21,48
22637,69,42,21,48
22638,69,43,21,48
22639,144,100,50,94
22640,38,19,9,29
22641,131,90,45,86
22642,113,77,38,75
22643,113,76,38,75
22644,38,19,9,29
22645,38,18,9,29
22646,113,77,38,75
22647,113,76,38,75
22648,38,19,9,29
22649,113,76,38,75
22650,38,19,9,29
22651,206,148,74,132
22652,87,57,28,59
22653,87,56,28,59
22654,87,57,28,59
22655,113,76,38,75
22656,38,19,9,29
22657,87,56,28,59
22658,131,91,45,86
22659,131,90,45,86
22660,131,91,45,86
22661,131,90,45,86
22662,131,91,45,86
22663,87,56,28,59
22664,131,91,45,86
22665,87,56,28,59
22666,131,91,45,86
22667,206,148,74,132
22668,131,91,45,86
22669,131,90,45,86
22670,87,57,28,59
22671,87,56,28,59
22672,82,53,26,56
22673,87,56,28,59
22674,87,57,28,59
22675,87,56,28,59
22676,82,53,26,56
22677,82,52,26,56
22678,131,91,45,86
22679,131,90,45,86
22680,82,53,26,56
22681,87,56,28,59
22682,82,53,26,56
22683,131,90,45,86
22684,82,53,26,56
22685,82,52,26,56
22686,82,53,26,56
22687,113,76,38,75
22688,38,19,9,29
22689,131,90,45,86
22690,82,53,26,56
22691,82,52,26,56
22692,206,149,74,132
22693,206,148,74,132
22694,206,149,74,132
22695,87,56,28,59
22696,38,19,9,29
22697,219,158,79,140
22698,38,19,9,29
22699,162,114,57,105
22700,131,91,45,86
22701,131,90,45,86
22702,131,91,45,86
22703,100,66,33,67
22704,131,91,45,86
22705,43,22,11,32
22706,43,23,11,32
22707,43,22,11,32
22708,131,91,45,86
22709,131,90,45,86
22710,162,115,57,105
22711,162,114,57,105
22712,131,91,45,86
22713,43,22,11,32
22714,131,91,45,86
22715,144,100,50,94
22716,162,115,57,105
22717,162,114,57,105
22718,162,115,57,105
22719,43,22,11,32
22720,38,19,9,29
22721,82,52,26,56
22722,82,53,26,56
22723,82,52,26,56
22724,82,53,26,56
22725,82,52,26,56
22726,82,53,26,56
22727,82,52,26,56
22728,82,53,26,56
22729,131,90,45,86
22730,82,53,26,56
22731,175,124,62,113
22732,82,53,26,56
22733,82,52,26,56
22734,144,101,50,94
22735,144,100,50,94
22736,38,19,9,29
22737,131,90,45,86
22738,131,91,45,86
22739,131,90,45,86
22740,38,19,9,29
22741,38,18,9,29
22742,82,53,26,56
22743,82,52,26,56
22744,175,125,62,113
22745,82,52,26,56
22746,175,125,62,113
22747,82,52,26,56
22748,175,125,62,113
22749,175,124,62,113
22750,82,53,26,56
22751,82,52,26,56
22752,69,43,21,48
22753,175,124,62,113
22754,38,19,9,29
22755,38,18,9,29
22756,131,91,45,86
22757,131,90,45,86
22758,131,91,45,86
22759,82,52,26,56
22760,69,43,21,48
22761,175,124,62,113
22762,69,43,21,48
22763,206,148,74,132
22764,175,125,62,113
22765,175,124,62,113
22766,175,125,62,113
22767,82,52,26,56
22768,69,43,21,48
22769,69,42,21,48
22770,131,91,45,86
22771,131,90,45,86
22772,69,43,21,48
22773,69,42,21,48
22774,175,125,62,113
22775,175,124,62,113
22776,175,125,62,113
22777,82,52,26,56
22778,175,125,62,113
22779,237,172,86,151
22780,175,125,62,113
22781,175,124,62,113
22782,206,149,74,132
22783,206,148,74,132
22784,38,19,9,29
22785,69,42,21,48
22786,131,91,45,86
22787,131,90,45,86
22788,69,43,21,48
22789,69,42,21,48
22790,69,43,21,48
22791,131,90,45,86
22792,69,43,21,48
22793,131,90,45,86
22794,69,43,21,48
22795,56,32,16,40
22796,69,43,21,48
22797,69,42,21,48
22798,56,33,16,40
22799,56,32,16,40
22800,30,13,6,24
22801,69,42,21,48
22802,82,53,26,56
22803,82,52,26,56
22804,30,13,6,24
22805,30,12,6,24
22806,56,33,16,40
22807,56,32,16,40
22808,30,13,6,24
22809,56,32,16,40
22810,30,13,6,24
22811,82,52,26,56
22812,56,33,16,40
22813,56,32,16,40
22814,56,33,16,40
22815,56,32,16,40
22816,30,13,6,24
22817,69,42,21,48
22818,82,53,26,56
22819,82,52,26,56
22820,82,53,26,56
22821,82,52,26,56
22822,82,53,26,56
22823,113,76,38,75
22824,30,13,6,24
22825,82,52,26,56
22826,30,13,6,24
22827,82,52,26,56
22828,30,13,6,24
22829,30,12,6,24
22830,30,13,6,24
22831,206,148,74,132
22832,30,13,6,24
22833,131,90,45,86
22834,131,91,45,86
22835,131,90,45,86
22836,30,13,6,24
22837,30,12,6,24
22838,82,53,26,56
22839,82,52,26,56
22840,131,91,45,86
22841,144,100,50,94
22842,131,91,45,86
22843,131,90,45,86
22844,131,91,45,86
22845,131,90,45,86
22846,56,33,16,40
22847,56,32,16,40
22848,38,19,9,29
22849,30,12,6,24
22850,82,53,26,56
22851,82,52,26,56
22852,175,125,62,113
22853,175,124,62,113
22854,175,125,62,113
22855,87,56,28,59
22856,175,125,62,113
22857,175,124,62,113
22858,175,125,62,113
22859,175,124,62,113
22860,175,125,62,113
22861,175,124,62,113
22862,175,125,62,113
22863,175,124,62,113
22864,38,19,9,29
22865,131,90,45,86
22866,131,91,45,86
22867,131,90,45,86
22868,38,19,9,29
22869,38,18,9,29
22870,69,43,21,48
22871,69,42,21,48
22872,82,53,26,56
22873,69,42,21,48
22874,82,53,26,56
22875,175,124,62,113
22876,82,53,26,56
22877,82,52,26,56
22878,56,33,16,40
22879,56,32,16,40
22880,30,13,6,24
22881,175,124,62,113
22882,82,53,26,56
22883,82,52,26,56
22884,82,53,26,56
22885,82,52,26,56
22886,82,53,26,56
22887,113,76,38,75
22888,30,13,6,24
22889,82,52,26,56
22890,30,13,6,24
22891,69,42,21,48
22892,175,125,62,113
22893,175,124,62,113
22894,175,125,62,113
22895,175,124,62,113
22896,30,13,6,24
22897,30,12,6,24
22898,131,91,45,86
22899,131,90,45,86
22900,30,13,6,24
22901,30,12,6,24
22902,131,91,45,86
22903,131,90,45,86
22904,82,53,26,56
22905,193,138,69,124
22906,82,53,26,56
22907,82,52,26,56
22908,82,53,26,56
22909,82,52,26,56
22910,144,101,50,94
22911,144,100,50,94
22912,38,19,9,29
22913,82,52,26,56
22914,30,13,6,24
22915,30,12,6,24
22916,30,13,6,24
22917,30,12,6,24
22918,30,13,6,24
22919,30,12,6,24
22920,30,13,6,24
22921,144,100,50,94
22922,30,13,6,24
22923,82,52,26,56
22924,30,13,6,24
22925,30,12,6,24
22926,69,43,21,48
22927,69,42,21,48
22928,30,13,6,24
22929,69,42,21,48
22930,69,43,21,48
22931,69,42,21,48
22932,30,13,6,24
22933,30,12,6,24
22934,69,43,21,48
22935,69,42,21,48
22936,30,13,6,24
22937,69,42,21,48
22938,30,13,6,24
22939,131,90,45,86
22940,175,125,62,113
22941,175,124,62,113
22942,175,125,62,113
22943,82,52,26,56
22944,38,19,9,29
22945,82,52,26,56
22946,113,77,38,75
22947,113,76,38,75
22948,113,77,38,75
22949,113,76,38,75
22950,113,77,38,75
22951,69,42,21,48
22952,38,19,9,29
22953,175,124,62,113
22954,38,19,9,29
22955,82,52,26,56
22956,175,125,62,113
22957,175,124,62,113
22958,175,125,62,113
22959,175,124,62,113
22960,82,53,26,56
22961,82,52,26,56
22962,82,53,26,56
22963,82,52,26,56
22964,82,53,26,56
22965,82,52,26,56
22966,82,53,26,56
22967,82,52,26,56
22968,82,53,26,56
22969,82,52,26,56
22970,82,53,26,56
22971,69,42,21,48
22972,82,53,26,56
22973,82,52,26,56
22974,82,53,26,56
22975,87,56,28,59
22976,56,33,16,40
22977,175,124,62,113
22978,175,125,62,113
22979,175,124,62,113
22980,38,19,9,29
22981,38,18,9,29
22982,38,19,9,29
22983,87,56,28,59
22984,175,125,62,113
22985,144,100,50,94
22986,175,125,62,113
22987,30,12,6,24
22988,175,125,62,113
22989,175,124,62,113
22990,87,57,28,59
22991,87,56,28,59
22992,56,33,16,40
22993,175,124,62,113
22994,82,53,26,56
22995,82,52,26,56
22996,56,33,16,40
22997,56,32,16,40
22998,144,101,50,94
22999,144,100,50,94
23000,56,33,16,40
23001,56,32,16,40
23002,56,33,16,40
23003,175,124,62,113
23004,56,33,16,40
23005,56,32,16,40
23006,237,173,86,151
23007,237,172,86,151
23008,56,33,16,40
23009,175,124,62,113
23010,56,33,16,40
23011,56,32,16,40
23012,131,91,45,86
23013,131,90,45,86
23014,131,91,45,86
23015,69,42,21,48
23016,56,33,16,40
23017,69,42,21,48
23018,56,33,16,40
23019,69,42,21,48
23020,56,33,16,40
23021,56,32,16,40
23022,56,33,16,40
23023,113,76,38,75
23024,131,91,45,86
23025,56,32,16,40
23026,175,125,62,113
23027,175,124,62,113
23028,131,91,45,86
23029,131,90,45,86
23030,113,77,38,75
23031,113,76,38,75
23032,131,91,45,86
23033,131,90,45,86
23034,131,91,45,86
23035,56,32,16,40
23036,113,77,38,75
23037,113,76,38,75
23038,113,77,38,75
23039,237,172,86,151
23040,25,9,4,21
23041,175,124,62,113
23042,175,125,62,113
23043,175,124,62,113
23044,175,125,62,113
23045,175,124,62,113
23046,175,125,62,113
23047,113,76,38,75
23048,38,19,9,29
23049,175,124,62,113
23050,38,19,9,29
23051,175,124,62,113
23052,38,19,9,29
23053,38,18,9,29
23054,100,67,33,67
23055,100,66,33,67
23056,144,101,50,94
23057,38,18,9,29
23058,56,33,16,40
23059,56,32,16,40
23060,144,101,50,94
23061,144,100,50,94
23062,56,33,16,40
23063,56,32,16,40
23064,144,101,50,94
23065,56,32,16,40
23066,144,101,50,94
23067,175,124,62,113
23068,56,33,16,40
23069,56,32,16,40
23070,56,33,16,40
23071,113,76,38,75
23072,51,29,14,37
23073,56,32,16,40
23074,144,101,50,94
23075,144,100,50,94
23076,175,125,62,113
23077,175,124,62,113
23078,175,125,62,113
23079,56,32,16,40
23080,51,29,14,37
23081,113,76,38,75
23082,51,29,14,37
23083,144,100,50,94
23084,144,101,50,94
23085,144,100,50,94
23086,144,101,50,94
23087,175,124,62,113
23088,51,29,14,37
23089,56,32,16,40
23090,56,33,16,40
23091,56,32,16,40
23092,51,29,14,37
23093,51,28,14,37
23094,175,125,62,113
23095,175,124,62,113
23096,131,91,45,86
23097,56,32,16,40
23098,131,91,45,86
23099,144,100,50,94
23100,131,91,45,86
23101,131,90,45,86
23102,144,101,50,94
23103,144,100,50,94
23104,51,29,14,37
23105,144,100,50,94
23106,144,101,50,94
23107,144,100,50,94
23108,144,101,50,94
23109,144,100,50,94
23110,144,101,50,94
23111,56,32,16,40
23112,144,101,50,94
23113,131,90,45,86
23114,144,101,50,94
23115,144,100,50,94
23116,144,101,50,94
23117,144,100,50,94
23118,131,91,45,86
23119,131,90,45,86
23120,51,29,14,37
23121,69,42,21,48
23122,69,43,21,48
23123,69,42,21,48
23124,51,29,14,37
23125,51,28,14,37
23126,144,101,50,94
23127,144,100,50,94
23128,51,29,14,37
23129,144,100,50,94
23130,51,29,14,37
23131,162,114,57,105
23132,51,29,14,37
23133,51,28,14,37
23134,131,91,45,86
23135,131,90,45,86
23136,51,29,14,37
23137,56,32,16,40
23138,82,53,26,56
23139,82,52,26,56
23140,82,53,26,56
23141,82,52,26,56
23142,82,53,26,56
23143,136,94,47,89
23144,51,29,14,37
23145,175,124,62,113
23146,51,29,14,37
23147,144,100,50,94
23148,82,53,26,56
23149,82,52,26,56
23150,82,53,26,56
23151,113,76,38,75
23152,56,33,16,40
23153,51,28,14,37
23154,113,77,38,75
23155,113,76,38,75
23156,56,33,16,40
23157,56,32,16,40
23158,51,29,14,37
23159,51,28,14,37
23160,56,33,16,40
23161,144,100,50,94
23162,56,33,16,40
23163,113,76,38,75
23164,113,77,38,75
23165,113,76,38,75
23166,113,77,38,75
23167,113,76,38,75
23168,25,9,4,21
23169,162,114,57,105
23170,51,29,14,37
23171,51,28,14,37
23172,56,33,16,40
23173,56,32,16,40
23174,56,33,16,40
23175,56,32,16,40
23176,144,101,50,94
23177,56,32,16,40
23178,144,101,50,94
23179,56,32,16,40
23180,144,101,50,94
23181,144,100,50,94
23182,87,57,28,59
23183,87,56,28,59
23184,144,101,50,94
23185,188,134,67,121
23186,188,135,67,121
23187,188,134,67,121
23188,144,101,50,94
23189,144,100,50,94
23190,144,101,50,94
23191,144,100,50,94
23192,144,101,50,94
23193,206,148,74,132
23194,144,101,50,94
23195,131,90,45,86
23196,206,149,74,132
23197,206,148,74,132
23198,206,149,74,132
23199,206,148,74,132
23200,25,9,4,21
23201,82,52,26,56
23202,82,53,26,56
23203,82,52,26,56
23204,82,53,26,56
23205,82,52,26,56
23206,82,53,26,56
23207,87,56,28,59
23208,25,9,4,21
23209,113,76,38,75
23210,25,9,4,21
23211,175,124,62,113
23212,175,125,62,113
23213,175,124,62,113
23214,175,125,62,113
23215,175,124,62,113
23216,144,101,50,94
23217,144,100,50,94
23218,144,101,50,94
23219,144,100,50,94
23220,144,101,50,94
23221,144,100,50,94
23222,144,101,50,94
23223,144,100,50,94
23224,144,101,50,94
23225,144,100,50,94
23226,144,101,50,94
23227,56,32,16,40
23228,113,77,38,75
23229,113,76,38,75
23230,113,77,38,75
23231,56,32,16,40
23232,51,29,14,37
23233,144,100,50,94
23234,144,101,50,94
23235,144,100,50,94
23236,51,29,14,37
23237,51,28,14,37
23238,51,29,14,37
23239,175,124,62,113
23240,51,29,14,37
23241,144,100,50,94
23242,51,29,14,37
23243,113,76,38,75
23244,51,29,14,37
23245,51,28,14,37
23246,162,115,57,105
23247,162,114,57,105
23248,51,29,14,37
23249,175,124,62,113
23250,175,125,62,113
23251,175,124,62,113
23252,51,29,14,37
23253,51,28,14,37
23254,175,125,62,113
23255,175,124,62,113
23256,144,101,50,94
23257,51,28,14,37
23258,144,101,50,94
23259,157,110,55,102
23260,144,101,50,94
23261,144,100,50,94
23262,175,125,62,113
23263,175,124,62,113
23264,51,29,14,37
23265,113,76,38,75
23266,51,29,14,37
23267,51,28,14,37
23268,144,101,50,94
23269,144,100,50,94
23270,144,101,50,94
23271,113,76,38,75
23272,51,29,14,37
23273,82,52,26,56
23274,51,29,14,37
23275,82,52,26,56
23276,144,101,50,94
23277,144,100,50,94
23278,144,101,50,94
23279,118,80,40,78
23280,144,101,50,94
23281,51,28,14,37
23282,131,91,45,86
23283,131,90,45,86
23284,144,101,50,94
23285,144,100,50,94
23286,56,33,16,40
23287,56,32,16,40
23288,144,101,50,94
23289,56,32,16,40
23290,144,101,50,94
23291,113,76,38,75
23292,144,101,50,94
23293,144,100,50,94
23294,144,101,50,94
23295,113,76,38,75
23296,100,67,33,67
23297,144,100,50,94
23298,144,101,50,94
23299,144,100,50,94
23300,51,29,14,37
23301,51,28,14,37
23302,51,29,14,37
23303,113,76,38,75
23304,113,77,38,75
23305,175,124,62,113
23306,113,77,38,75
23307,56,32,16,40
23308,113,77,38,75
23309,113,76,38,75
23310,51,29,14,37
23311,51,28,14,37
23312,38,19,9,29
23313,113,76,38,75
23314,113,77,38,75
23315,113,76,38,75
23316,38,19,9,29
23317,38,18,9,29
23318,113,77,38,75
23319,113,76,38,75
23320,38,19,9,29
23321,56,32,16,40
23322,38,19,9,29
23323,157,110,55,102
23324,51,29,14,37
23325,51,28,14,37
23326,51,29,14,37
23327,144,100,50,94
23328,38,19,9,29
23329,82,52,26,56
23330,82,53,26,56
23331,82,52,26,56
23332,82,53,26,56
23333,82,52,26,56
23334,82,53,26,56
23335,206,148,74,132
23336,38,19,9,29
23337,56,32,16,40
23338,38,19,9,29
23339,82,52,26,56
23340,82,53,26,56
23341,82,52,26,56
23342,82,53,26,56
23343,56,32,16,40
23344,38,19,9,29
23345,82,52,26,56
23346,82,53,26,56
23347,82,52,26,56
23348,38,19,9,29
23349,38,18,9,29
23350,82,53,26,56
23351,82,52,26,56
23352,219,159,79,140
23353,206,148,74,132
23354,219,159,79,140
23355,219,158,79,140
23356,219,159,79,140
23357,219,158,79,140
23358,82,53,26,56
23359,82,52,26,56
23360,100,67,33,67
23361,38,18,9,29
23362,69,43,21,48
23363,69,42,21,48
23364,82,53,26,56
23365,82,52,26,56
23366,82,53,26,56
23367,69,42,21,48
23368,82,53,26,56
23369,51,28,14,37
23370,82,53,26,56
23371,82,52,26,56
23372,82,53,26,56
23373,82,52,26,56
23374,69,43,21,48
23375,69,42,21,48
23376,100,67,33,67
23377,82,52,26,56
23378,82,53,26,56
23379,82,52,26,56
23380,100,67,33,67
23381,100,66,33,67
23382,105,71,35,70
23383,105,70,35,70
23384,144,101,50,94
23385,144,100,50,94
23386,144,101,50,94
23387,82,52,26,56
23388,144,101,50,94
23389,144,100,50,94
23390,82,53,26,56
23391,82,52,26,56
23392,144,101,50,94
23393,219,158,79,140
23394,144,101,50,94
23395,144,100,50,94
23396,144,101,50,94
23397,144,100,50,94
23398,144,101,50,94
23399,82,52,26,56
23400,144,101,50,94
23401,144,100,50,94
23402,144,101,50,94
23403,144,100,50,94
23404,144,101,50,94
23405,144,100,50,94
23406,144,101,50,94
23407,175,124,62,113
23408,144,101,50,94
23409,144,100,50,94
23410,144,101,50,94
23411,144,100,50,94
23412,144,101,50,94
23413,144,100,50,94
23414,144,101,50,94
23415,144,100,50,94
23416,175,125,62,113
23417,105,70,35,70
23418,175,125,62,113
23419,175,124,62,113
23420,175,125,62,113
23421,175,124,62,113
23422,82,53,26,56
23423,82,52,26,56
23424,100,67,33,67
23425,175,124,62,113
23426,144,101,50,94
23427,144,100,50,94
23428,144,101,50,94
23429,144,100,50,94
23430,144,101,50,94
23431,144,100,50,94
23432,100,67,33,67
23433,105,70,35,70
23434,100,67,33,67
23435,250,182,91,159
23436,100,67,33,67
23437,100,66,33,67
23438,144,101,50,94
23439,144,100,50,94
23440,38,19,9,29
23441,131,90,45,86
23442,131,91,45,86
23443,131,90,45,86
23444,38,19,9,29
23445,38,18,9,29
23446,131,91,45,86
23447,131,90,45,86
23448,38,19,9,29
23449,131,90,45,86
23450,38,19,9,29
23451,131,90,45,86
23452,131,91,45,86
23453,131,90,45,86
23454,131,91,45,86
23455,131,90,45,86
23456,100,67,33,67
23457,250,182,91,159
23458,38,19,9,29
23459,38,18,9,29
23460,105,71,35,70
23461,105,70,35,70
23462,105,71,35,70
23463,131,90,45,86
23464,100,67,33,67
23465,144,100,50,94
23466,100,67,33,67
23467,144,100,50,94
23468,82,53,26,56
23469,82,52,26,56
23470,82,53,26,56
23471,82,52,26,56
23472,144,101,50,94
23473,144,100,50,94
23474,144,101,50,94
23475,144,100,50,94
23476,144,101,50,94
23477,144,100,50,94
23478,51,29,14,37
23479,51,28,14,37
23480,144,101,50,94
23481,51,28,14,37
23482,144,101,50,94
23483,51,28,14,37
23484,82,53,26,56
23485,82,52,26,56
23486,82,53,26,56
23487,131,90,45,86
23488,51,29,14,37
23489,82,52,26,56
23490,82,53,26,56
23491,82,52,26,56
23492,100,67,33,67
23493,100,66,33,67
23494,100,67,33,67
23495,175,124,62,113
23496,56,33,16,40
23497,56,32,16,40
23498,56,33,16,40
23499,144,100,50,94
23500,56,33,16,40
23501,56,32,16,40
23502,56,33,16,40
23503,56,32,16,40
23504,51,29,14,37
23505,56,32,16,40
23506,56,33,16,40
23507,56,32,16,40
23508,51,29,14,37
23509,51,28,14,37
23510,157,111,55,102
23511,157,110,55,102
23512,82,53,26,56
23513,100,66,33,67
23514,82,53,26,56
23515,56,32,16,40
23516,82,53,26,56
23517,82,52,26,56
23518,82,53,26,56
23519,82,52,26,56
23520,51,29,14,37
23521,144,100,50,94
23522,51,29,14,37
23523,51,28,14,37
23524,51,29,14,37
23525,51,28,14,37
23526,51,29,14,37
23527,82,52,26,56
23528,51,29,14,37
23529,281,206,103,178
23530,51,29,14,37
23531,144,100,50,94
23532,144,101,50,94
23533,144,100,50,94
23534,144,101,50,94
23535,157,110,55,102
23536,175,125,62,113
23537,51,28,14,37
23538,126,87,43,83
23539,126,86,43,83
23540,175,125,62,113
23541,175,124,62,113
23542,126,87,43,83
23543,126,86,43,83
23544,175,125,62,113
23545,131,90,45,86
23546,175,125,62,113
23547,56,32,16,40
23548,126,87,43,83
23549,126,86,43,83
23550,126,87,43,83
23551,126,86,43,83
23552,25,9,4,21
23553,82,52,26,56
23554,82,53,26,56
23555,82,52,26,56
23556,100,67,33,67
23557,100,66,33,67
23558,100,67,33,67
23559,82,52,26,56
23560,82,53,26,56
23561,82,52,26,56
23562,82,53,26,56
23563,100,66,33,67
23564,82,53,26,56
23565,82,52,26,56
23566,82,53,26,56
23567,82,52,26,56
23568,100,67,33,67
23569,82,52,26,56
23570,82,53,26,56
23571,82,52,26,56
23572,100,67,33,67
23573,100,66,33,67
23574,82,53,26,56
23575,82,52,26,56
23576,100,67,33,67
23577,144,100,50,94
23578,100,67,33,67
23579,126,86,43,83
23580,82,53,26,56
23581,82,52,26,56
23582,82,53,26,56
23583,82,52,26,56
23584,144,101,50,94
23585,82,52,26,56
23586,100,67,33,67
23587,100,66,33,67
23588,82,53,26,56
23589,82,52,26,56
23590,82,53,26,56
23591,82,52,26,56
23592,144,101,50,94
23593,82,52,26,56
23594,144,101,50,94
23595,100,66,33,67
23596,51,29,14,37
23597,51,28,14,37
23598,51,29,14,37
23599,175,124,62,113
23600,144,101,50,94
23601,51,28,14,37
23602,51,29,14,37
23603,51,28,14,37
23604,144,101,50,94
23605,144,100,50,94
23606,82,53,26,56
23607,82,52,26,56
23608,100,67,33,67
23609,51,28,14,37
23610,100,67,33,67
23611,82,52,26,56
23612,100,67,33,67
23613,100,66,33,67
23614,82,53,26,56
23615,82,52,26,56
23616,25,9,4,21
23617,113,76,38,75
23618,113,77,38,75
23619,113,76,38,75
23620,144,101,50,94
23621,144,100,50,94
23622,144,101,50,94
23623,82,52,26,56
23624,126,87,43,83
23625,82,52,26,56
23626,126,87,43,83
23627,144,100,50,94
23628,126,87,43,83
23629,126,86,43,83
23630,100,67,33,67
23631,100,66,33,67
23632,25,9,4,21
23633,126,86,43,83
23634,82,53,26,56
23635,82,52,26,56
23636,25,9,4,21
23637,25,8,4,21
23638,144,101,50,94
23639,144,100,50,94
23640,144,101,50,94
23641,175,124,62,113
23642,144,101,50,94
23643,82,52,26,56
23644,144,101,50,94
23645,144,100,50,94
23646,113,77,38,75
23647,113,76,38,75
23648,25,9,4,21
23649,51,28,14,37
23650,82,53,26,56
23651,82,52,26,56
23652,82,53,26,56
23653,82,52,26,56
23654,82,53,26,56
23655,250,182,91,159
23656,25,9,4,21
23657,82,52,26,56
23658,25,9,4,21
23659,82,52,26,56
23660,175,125,62,113
23661,175,124,62,113
23662,175,125,62,113
23663,82,52,26,56
23664,100,67,33,67
23665,25,8,4,21
23666,100,67,33,67
23667,100,66,33,67
23668,100,67,33,67
23669,100,66,33,67
23670,175,125,62,113
23671,175,124,62,113
23672,100,67,33,67
23673,175,124,62,113
23674,100,67,33,67
23675,175,124,62,113
23676,175,125,62,113
23677,175,124,62,113
23678,175,125,62,113
23679,175,124,62,113
23680,51,29,14,37
23681,175,124,62,113
23682,188,135,67,121
23683,188,134,67,121
23684,188,135,67,121
23685,188,134,67,121
23686,188,135,67,121
23687,82,52,26,56
23688,38,19,9,29
23689,82,52,26,56
23690,38,19,9,29
23691,74,46,23,51
23692,38,19,9,29
23693,38,18,9,29
23694,74,47,23,51
23695,74,46,23,51
23696,38,19,9,29
23697,100,66,33,67
23698,100,67,33,67
23699,100,66,33,67
23700,38,19,9,29
23701,38,18,9,29
23702,38,19,9,29
23703,38,18,9,29
23704,38,19,9,29
23705,188,134,67,121
23706,38,19,9,29
23707,82,52,26,56
23708,74,47,23,51
23709,74,46,23,51
23710,74,47,23,51
23711,175,124,62,113
23712,51,29,14,37
23713,175,124,62,113
23714,188,135,67,121
23715,188,134,67,121
23716,188,135,67,121
23717,188,134,67,121
23718,188,135,67,121
23719,82,52,26,56
23720,51,29,14,37
23721,74,46,23,51
23722,51,29,14,37
23723,175,124,62,113
23724,38,19,9,29
23725,38,18,9,29
23726,38,19,9,29
23727,113,76,38,75
23728,144,101,50,94
23729,74,46,23,51
23730,74,47,23,51
23731,74,46,23,51
23732,144,101,50,94
23733,144,100,50,94
23734,74,47,23,51
23735,74,46,23,51
23736,144,101,50,94
23737,74,46,23,51
23738,144,101,50,94
23739,74,46,23,51
23740,100,67,33,67
23741,100,66,33,67
23742,100,67,33,67
23743,219,158,79,140
23744,51,29,14,37
23745,100,66,33,67
23746,100,67,33,67
23747,100,66,33,67
23748,144,101,50,94
23749,144,100,50,94
23750,144,101,50,94
23751,219,158,79,140
23752,144,101,50,94
23753,100,66,33,67
23754,144,101,50,94
23755,100,66,33,67
23756,144,101,50,94
23757,144,100,50,94
23758,74,47,23,51
23759,74,46,23,51
23760,51,29,14,37
23761,100,66,33,67
23762,100,67,33,67
23763,100,66,33,67
23764,51,29,14,37
23765,51,28,14,37
23766,100,67,33,67
23767,100,66,33,67
23768,51,29,14,37
23769,51,28,14,37
23770,51,29,14,37
23771,56,32,16,40
23772,51,29,14,37
23773,51,28,14,37
23774,56,33,16,40
23775,56,32,16,40
23776,100,67,33,67
23777,56,32,16,40
23778,51,29,14,37
23779,51,28,14,37
23780,51,29,14,37
23781,51,28,14,37
23782,51,29,14,37
23783,219,158,79,140
23784,100,67,33,67
23785,219,158,79,140
23786,100,67,33,67
23787,56,32,16,40
23788,144,101,50,94
23789,144,100,50,94
23790,144,101,50,94
23791,126,86,43,83
23792,100,67,33,67
23793,100,66,33,67
23794,74,47,23,51
23795,74,46,23,51
23796,100,67,33,67
23797,100,66,33,67
23798,144,101,50,94
23799,144,100,50,94
23800,51,29,14,37
23801,74,46,23,51
23802,51,29,14,37
23803,82,52,26,56
23804,51,29,14,37
23805,51,28,14,37
23806,126,87,43,83
23807,126,86,43,83
23808,25,9,4,21
23809,100,66,33,67
23810,100,67,33,67
23811,100,66,33,67
23812,51,29,14,37
23813,51,28,14,37
23814,51,29,14,37
23815,100,66,33,67
23816,144,101,50,94
23817,100,66,33,67
23818,144,101,50,94
23819,144,100,50,94
23820,144,101,50,94
23821,144,100,50,94
23822,126,87,43,83
23823,126,86,43,83
23824,51,29,14,37
23825,144,100,50,94
23826,113,77,38,75
23827,113,76,38,75
23828,51,29,14,37
23829,51,28,14,37
23830,144,101,50,94
23831,144,100,50,94
23832,51,29,14,37
23833,100,66,33,67
23834,51,29,14,37
23835,100,66,33,67
23836,126,87,43,83
23837,126,86,43,83
23838,126,87,43,83
23839,126,86,43,83
23840,95,63,31,64
23841,51,28,14,37
23842,51,29,14,37
23843,51,28,14,37
23844,51,29,14,37
23845,51,28,14,37
23846,51,29,14,37
23847,82,52,26,56
23848,95,63,31,64
23849,157,110,55,102
23850,95,63,31,64
23851,126,86,43,83
23852,51,29,14,37
23853,51,28,14,37
23854,51,29,14,37
23855,126,86,43,83
23856,95,63,31,64
23857,100,66,33,67
23858,100,67,33,67
23859,100,66,33,67
23860,95,63,31,64
23861,95,62,31,64
23862,219,159,79,140
23863,219,158,79,140
23864,144,101,50,94
23865,126,86,43,83
23866,144,101,50,94
23867,51,28,14,37
23868,144,101,50,94
23869,144,100,50,94
23870,100,67,33,67
23871,100,66,33,67
23872,25,9,4,21
23873,95,62,31,64
23874,144,101,50,94
23875,144,100,50,94
23876,95,63,31,64
23877,95,62,31,64
23878,95,63,31,64
23879,219,158,79,140
23880,144,101,50,94
23881,100,66,33,67
23882,144,101,50,94
23883,95,62,31,64
23884,144,101,50,94
23885,144,100,50,94
23886,100,67,33,67
23887,100,66,33,67
23888,25,9,4,21
23889,144,100,50,94
23890,250,183,91,159
23891,250,182,91,159
23892,25,9,4,21
23893,25,8,4,21
23894,95,63,31,64
23895,95,62,31,64
23896,51,29,14,37
23897,51,28,14,37
23898,51,29,14,37
23899,95,62,31,64
23900,51,29,14,37
23901,51,28,14,37
23902,95,63,31,64
23903,95,62,31,64
23904,51,29,14,37
23905,219,158,79,140
23906,51,29,14,37
23907,51,28,14,37
23908,51,29,14,37
23909,51,28,14,37
23910,51,29,14,37
23911,175,124,62,113
23912,51,29,14,37
23913,144,100,50,94
23914,51,29,14,37
23915,144,100,50,94
23916,56,33,16,40
23917,56,32,16,40
23918,56,33,16,40
23919,56,32,16,40
23920,51,29,14,37
23921,51,28,14,37
23922,144,101,50,94
23923,144,100,50,94
23924,51,29,14,37
23925,51,28,14,37
23926,144,101,50,94
23927,144,100,50,94
23928,51,29,14,37
23929,157,110,55,102
23930,51,29,14,37
23931,175,124,62,113
23932,51,29,14,37
23933,51,28,14,37
23934,144,101,50,94
23935,144,100,50,94
23936,51,29,14,37
23937,95,62,31,64
23938,51,29,14,37
23939,51,28,14,37
23940,95,63,31,64
23941,95,62,31,64
23942,95,63,31,64
23943,51,28,14,37
23944,51,29,14,37
23945,95,62,31,64
23946,51,29,14,37
23947,95,62,31,64
23948,51,29,14,37
23949,51,28,14,37
23950,51,29,14,37
23951,51,28,14,37
23952,51,29,14,37
23953,188,134,67,121
23954,188,135,67,121
23955,188,134,67,121
23956,51,29,14,37
23957,51,28,14,37
23958,188,135,67,121
23959,188,134,67,121
23960,51,29,14,37
23961,188,134,67,121
23962,51,29,14,37
23963,95,62,31,64
23964,95,63,31,64
23965,95,62,31,64
23966,95,63,31,64
23967,100,66,33,67
23968,51,29,14,37
23969,51,28,14,37
23970,82,53,26,56
23971,82,52,26,56
23972,82,53,26,56
23973,82,52,26,56
23974,82,53,26,56
23975,144,100,50,94
23976,51,29,14,37
23977,144,100,50,94
23978,51,29,14,37
23979,219,158,79,140
23980,82,53,26,56
23981,82,52,26,56
23982,82,53,26,56
23983,188,134,67,121
23984,51,29,14,37
23985,51,28,14,37
23986,51,29,14,37
23987,51,28,14,37
23988,51,29,14,37
23989,51,28,14,37
23990,188,135,67,121
23991,188,134,67,121
23992,51,29,14,37
23993,51,28,14,37
23994,51,29,14,37
23995,188,134,67,121
23996,188,135,67,121
23997,188,134,67,121
23998,188,135,67,121
23999,95,62,31,64
24000,51,29,14,37
24001,144,100,50,94
24002,144,101,50,94
24003,144,100,50,94
24004,51,29,14,37
24005,51,28,14,37
24006,51,29,14,37
24007,82,52,26,56
24008,43,23,11,32
24009,82,52,26,56
24010,43,23,11,32
24011,82,52,26,56
24012,43,23,11,32
24013,43,22,11,32
24014,69,43,21,48
24015,69,42,21,48
24016,51,29,14,37
24017,43,22,11,32
24018,82,53,26,56
24019,82,52,26,56
24020,51,29,14,37
24021,51,28,14,37
24022,43,23,11,32
24023,43,22,11,32
24024,43,23,11,32
24025,43,22,11,32
24026,43,23,11,32
24027,43,22,11,32
24028,43,23,11,32
24029,43,22,11,32
24030,95,63,31,64
24031,95,62,31,64
24032,144,101,50,94
24033,69,42,21,48
24034,51,29,14,37
24035,51,28,14,37
24036,95,63,31,64
24037,95,62,31,64
24038,95,63,31,64
24039,95,62,31,64
24040,144,101,50,94
24041,95,62,31,64
24042,144,101,50,94
24043,126,86,43,83
24044,43,23,11,32
24045,43,22,11,32
24046,43,23,11,32
24047,95,62,31,64
24048,144,101,50,94
24049,144,100,50,94
24050,43,23,11,32
24051,43,22,11,32
24052,144,101,50,94
24053,144,100,50,94
24054,144,101,50,94
24055,144,100,50,94
24056,157,111,55,102
24057,43,22,11,32
24058,157,111,55,102
24059,95,62,31,64
24060,157,111,55,102
24061,157,110,55,102
24062,100,67,33,67
24063,100,66,33,67
24064,113,77,38,75
24065,69,42,21,48
24066,51,29,14,37
24067,51,28,14,37
24068,188,135,67,121
24069,188,134,67,121
24070,188,135,67,121
24071,95,62,31,64
24072,43,23,11,32
24073,188,134,67,121
24074,43,23,11,32
24075,188,134,67,121
24076,43,23,11,32
24077,43,22,11,32
24078,188,135,67,121
24079,188,134,67,121
24080,43,23,11,32
24081,43,22,11,32
24082,188,135,67,121
24083,188,134,67,121
24084,43,23,11,32
24085,43,22,11,32
24086,51,29,14,37
24087,51,28,14,37
24088,43,23,11,32
24089,51,28,14,37
24090,43,23,11,32
24091,250,182,91,159
24092,43,23,11,32
24093,43,22,11,32
24094,43,23,11,32
24095,232,168,84,148
24096,25,9,4,21
24097,95,62,31,64
24098,43,23,11,32
24099,43,22,11,32
24100,95,63,31,64
24101,95,62,31,64
24102,95,63,31,64
24103,43,22,11,32
24104,25,9,4,21
24105,188,134,67,121
24106,25,9,4,21
24107,43,22,11,32
24108,188,135,67,121
24109,188,134,67,121
24110,188,135,67,121
24111,126,86,43,83
24112,25,9,4,21
24113,188,134,67,121
24114,188,135,67,121
24115,188,134,67,121
24116,25,9,4,21
24117,25,8,4,21
24118,188,135,67,121
24119,188,134,67,121
24120,95,63,31,64
24121,144,100,50,94
24122,95,63,31,64
24123,43,22,11,32
24124,95,63,31,64
24125,95,62,31,64
24126,144,101,50,94
24127,144,100,50,94
24128,69,43,21,48
24129,51,28,14,37
24130,51,29,14,37
24131,51,28,14,37
24132,43,23,11,32
24133,43,22,11,32
24134,43,23,11,32
24135,157,110,55,102
24136,43,23,11,32
24137,95,62,31,64
24138,43,23,11,32
24139,43,22,11,32
24140,43,23,11,32
24141,43,22,11,32
24142,43,23,11,32
24143,43,22,11,32
24144,69,43,21,48
24145,43,22,11,32
24146,43,23,11,32
24147,43,22,11,32
24148,69,43,21,48
24149,69,42,21,48
24150,43,23,11,32
24151,43,22,11,32
24152,69,43,21,48
24153,82,52,26,56
24154,69,43,21,48
24155,82,52,26,56
24156,69,43,21,48
24157,69,42,21,48
24158,43,23,11,32
24159,43,22,11,32
24160,69,43,21,48
24161,43,22,11,32
24162,69,43,21,48
24163,69,42,21,48
24164,69,43,21,48
24165,69,42,21,48
24166,69,43,21,48
24167,144,100,50,94
24168,69,43,21,48
24169,95,62,31,64
24170,69,43,21,48
24171,95,62,31,64
24172,126,87,43,83
24173,126,86,43,83
24174,126,87,43,83
24175,82,52,26,56
24176,95,63,31,64
24177,69,42,21,48
24178,51,29,14,37
24179,51,28,14,37
24180,95,63,31,64
24181,95,62,31,64
24182,95,63,31,64
24183,95,62,31,64
24184,95,63,31,64
24185,188,134,67,121
24186,95,63,31,64
24187,95,62,31,64
24188,95,63,31,64
24189,95,62,31,64
24190,95,63,31,64
24191,188,134,67,121
24192,113,77,38,75
24193,95,62,31,64
24194,69,43,21,48
24195,69,42,21,48
24196,69,43,21,48
24197,69,42,21,48
24198,69,43,21,48
24199,95,62,31,64
24200,69,43,21,48
24201,188,134,67,121
24202,69,43,21,48
24203,69,42,21,48
24204,69,43,21,48
24205,69,42,21,48
24206,188,135,67,121
24207,188,134,67,121
24208,69,43,21,48
24209,188,134,67,121
24210,188,135,67,121
24211,188,134,67,121
24212,69,43,21,48
24213,69,42,21,48
24214,69,43,21,48
24215,69,42,21,48
24216,69,43,21,48
24217,100,66,33,67
24218,69,43,21,48
24219,219,158,79,140
24220,95,63,31,64
24221,95,62,31,64
24222,95,63,31,64
24223,100,66,33,67
24224,113,77,38,75
24225,69,42,21,48
24226,69,43,21,48
24227,69,42,21,48
24228,188,135,67,121
24229,188,134,67,121
24230,188,135,67,121
24231,69,42,21,48
24232,113,77,38,75
24233,100,66,33,67
24234,113,77,38,75
24235,250,182,91,159
24236,144,101,50,94
24237,144,100,50,94
24238,144,101,50,94
24239,188,134,67,121
24240,144,101,50,94
24241,144,100,50,94
24242,144,101,50,94
24243,144,100,50,94
24244,144,101,50,94
24245,144,100,50,94
24246,82,53,26,56
24247,82,52,26,56
24248,144,101,50,94
24249,69,42,21,48
24250,144,101,50,94
24251,69,42,21,48
24252,144,101,50,94
24253,144,100,50,94
24254,144,101,50,94
24255,82,52,26,56
24256,64,39,19,45
24257,144,100,50,94
24258,126,87,43,83
24259,126,86,43,83
24260,25,9,4,21
24261,25,8,4,21
24262,25,9,4,21
24263,144,100,50,94
24264,25,9,4,21
24265,126,86,43,83
24266,25,9,4,21
24267,126,86,43,83
24268,25,9,4,21
24269,25,8,4,21
24270,250,183,91,159
24271,250,182,91,159
24272,64,39,19,45
24273,188,134,67,121
24274,188,135,67,121
24275,188,134,67,121
24276,64,39,19,45
24277,64,38,19,45
24278,51,29,14,37
24279,51,28,14,37
24280,157,111,55,102
24281,157,110,55,102
24282,157,111,55,102
24283,188,134,67,121
24284,157,111,55,102
24285,157,110,55,102
24286,113,77,38,75
24287,113,76,38,75
24288,64,39,19,45
24289,51,28,14,37
24290,64,39,19,45
24291,64,38,19,45
24292,64,39,19,45
24293,64,38,19,45
24294,64,39,19,45
24295,188,134,67,121
24296,64,39,19,45
24297,69,42,21,48
24298,64,39,19,45
24299,157,110,55,102
24300,64,39,19,45
24301,64,38,19,45
24302,64,39,19,45
24303,188,134,67,121
24304,157,111,55,102
24305,64,38,19,45
24306,157,111,55,102
24307,157,110,55,102
24308,157,111,55,102
24309,157,110,55,102
24310,188,135,67,121
24311,188,134,67,121
24312,157,111,55,102
24313,64,38,19,45
24314,157,111,55,102
24315,126,86,43,83
24316,69,43,21,48
24317,69,42,21,48
24318,69,43,21,48
24319,188,134,67,121
24320,113,77,38,75
24321,64,38,19,45
24322,64,39,19,45
24323,64,38,19,45
24324,64,39,19,45
24325,64,38,19,45
24326,64,39,19,45
24327,64,38,19,45
24328,157,111,55,102
24329,188,134,67,121
24330,157,111,55,102
24331,144,100,50,94
24332,157,111,55,102
24333,157,110,55,102
24334,64,39,19,45
24335,64,38,19,45
24336,113,77,38,75
24337,157,110,55,102
24338,157,111,55,102
24339,157,110,55,102
24340,113,77,38,75
24341,113,76,38,75
24342,157,111,55,102
24343,157,110,55,102
24344,113,77,38,75
24345,69,42,21,48
24346,113,77,38,75
24347,188,134,67,121
24348,157,111,55,102
24349,157,110,55,102
24350,157,111,55,102
24351,157,110,55,102
24352,38,19,9,29
24353,64,38,19,45
24354,64,39,19,45
24355,64,38,19,45
24356,64,39,19,45
24357,64,38,19,45
24358,64,39,19,45
24359,82,52,26,56
24360,38,19,9,29
24361,64,38,19,45
24362,38,19,9,29
24363,64,38,19,45
24364,38,19,9,29
24365,38,18,9,29
24366,38,19,9,29
24367,64,38,19,45
24368,38,19,9,29
24369,38,18,9,29
24370,38,19,9,29
24371,38,18,9,29
24372,38,19,9,29
24373,38,18,9,29
24374,95,63,31,64
24375,95,62,31,64
24376,64,39,19,45
24377,95,62,31,64
24378,64,39,19,45
24379,64,38,19,45
24380,64,39,19,45
24381,64,38,19,45
24382,188,135,67,121
24383,188,134,67,121
24384,113,77,38,75
24385,38,18,9,29
24386,69,43,21,48
24387,69,42,21,48
24388,38,19,9,29
24389,38,18,9,29
24390,38,19,9,29
24391,64,38,19,45
24392,126,87,43,83
24393,69,42,21,48
24394,126,87,43,83
24395,38,18,9,29
24396,126,87,43,83
24397,126,86,43,83
24398,157,111,55,102
24399,157,110,55,102
24400,113,77,38,75
24401,126,86,43,83
24402,95,63,31,64
24403,95,62,31,64
24404,113,77,38,75
24405,113,76,38,75
24406,64,39,19,45
24407,64,38,19,45
24408,157,111,55,102
24409,157,110,55,102
24410,157,111,55,102
24411,157,110,55,102
24412,157,111,55,102
24413,157,110,55,102
24414,157,111,55,102
24415,157,110,55,102
24416,157,111,55,102
24417,69,42,21,48
24418,113,77,38,75
24419,113,76,38,75
24420,113,77,38,75
24421,113,76,38,75
24422,113,77,38,75
24423,100,66,33,67
24424,157,111,55,102
24425,201,144,72,129
24426,157,111,55,102
24427,157,110,55,102
24428,157,111,55,102
24429,157,110,55,102
24430,157,111,55,102
24431,157,110,55,102
24432,157,111,55,102
24433,157,110,55,102
24434,38,19,9,29
24435,38,18,9,29
24436,157,111,55,102
24437,157,110,55,102
24438,38,19,9,29
24439,38,18,9,29
24440,95,63,31,64
24441,95,62,31,64
24442,95,63,31,64
24443,95,62,31,64
24444,95,63,31,64
24445,95,62,31,64
24446,95,63,31,64
24447,95,62,31,64
24448,51,29,14,37
24449,38,18,9,29
24450,157,111,55,102
24451,157,110,55,102
24452,157,111,55,102
24453,157,110,55,102
24454,157,111,55,102
24455,157,110,55,102
24456,113,77,38,75
24457,170,120,60,110
24458,113,77,38,75
24459,157,110,55,102
24460,113,77,38,75
24461,113,76,38,75
24462,157,111,55,102
24463,157,110,55,102
24464,64,39,19,45
24465,126,86,43,83
24466,126,87,43,83
24467,126,86,43,83
24468,64,39,19,45
24469,64,38,19,45
24470,113,77,38,75
24471,113,76,38,75
24472,64,39,19,45
24473,113,76,38,75
24474,64,39,19,45
24475,157,110,55,102
24476,64,39,19,45
24477,64,38,19,45
24478,64,39,19,45
24479,126,86,43,83
24480,51,29,14,37
24481,64,38,19,45
24482,64,39,19,45
24483,64,38,19,45
24484,175,125,62,113
24485,175,124,62,113
24486,175,125,62,113
24487,126,86,43,83
24488,51,29,14,37
24489,126,86,43,83
24490,51,29,14,37
24491,188,134,67,121
24492,188,135,67,121
24493,188,134,67,121
24494,188,135,67,121
24495,64,38,19,45
24496,64,39,19,45
24497,113,76,38,75
24498,113,77,38,75
24499,113,76,38,75
24500,64,39,19,45
24501,64,38,19,45
24502,157,111,55,102
24503,157,110,55,102
24504,64,39,19,45
24505,64,38,19,45
24506,64,39,19,45
24507,64,38,19,45
24508,64,39,19,45
24509,64,38,19,45
24510,64,39,19,45
24511,126,86,43,83
24512,51,29,14,37
24513,64,38,19,45
24514,95,63,31,64
24515,95,62,31,64
24516,51,29,14,37
24517,51,28,14,37
24518,51,29,14,37
24519,95,62,31,64
24520,157,111,55,102
24521,157,110,55,102
24522,157,111,55,102
24523,113,76,38,75
24524,157,111,55,102
24525,157,110,55,102
24526,144,101,50,94
24527,144,100,50,94
24528,51,29,14,37
24529,157,110,55,102
24530,69,43,21,48
24531,69,42,21,48
24532,51,29,14,37
24533,51,28,14,37
24534,126,87,43,83
24535,126,86,43,83
24536,64,39,19,45
24537,51,28,14,37
24538,64,39,19,45
24539,157,110,55,102
24540,64,39,19,45
24541,64,38,19,45
24542,157,111,55,102
24543,157,110,55,102
24544,64,39,19,45
24545,69,42,21,48
24546,51,29,14,37
24547,51,28,14,37
24548,126,87,43,83
24549,126,86,43,83
24550,126,87,43,83
24551,188,134,67,121
24552,64,39,19,45
24553,69,42,21,48
24554,64,39,19,45
24555,69,42,21,48
24556,126,87,43,83
24557,126,86,43,83
24558,126,87,43,83
24559,188,134,67,121
24560,64,39,19,45
24561,64,38,19,45
24562,126,87,43,83
24563,126,86,43,83
24564,64,39,19,45
24565,64,38,19,45
24566,69,43,21,48
24567,69,42,21,48
24568,157,111,55,102
24569,170,120,60,110
24570,157,111,55,102
24571,157,110,55,102
24572,157,111,55,102
24573,157,110,55,102
24574,157,111,55,102
24575,157,110,55,102
24576,20,5,2,18
24577,95,62,31,64
24578,51,29,14,37
24579,51,28,14,37
24580,51,29,14,37
24581,51,28,14,37
24582,51,29,14,37
24583,51,28,14,37
24584,113,77,38,75
24585,51,28,14,37
24586,113,77,38,75
24587,51,28,14,37
24588,113,77,38,75
24589,113,76,38,75
24590,51,29,14,37
24591,51,28,14,37
24592,157,111,55,102
24593,113,76,38,75
24594,51,29,14,37
24595,51,28,14,37
24596,157,111,55,102
24597,157,110,55,102
24598,113,77,38,75
24599,113,76,38,75
24600,157,111,55,102
24601,232,168,84,148
24602,157,111,55,102
24603,95,62,31,64
24604,113,77,38,75
24605,113,76,38,75
24606,113,77,38,75
24607,219,158,79,140
24608,38,19,9,29
24609,82,52,26,56
24610,157,111,55,102
24611,157,110,55,102
24612,95,63,31,64
24613,95,62,31,64
24614,95,63,31,64
24615,95,62,31,64
24616,38,19,9,29
24617,64,38,19,45
24618,38,19,9,29
24619,95,62,31,64
24620,157,111,55,102
24621,157,110,55,102
24622,157,111,55,102
24623,82,52,26,56
24624,38,19,9,29
24625,113,76,38,75
24626,113,77,38,75
24627,113,76,38,75
24628,38,19,9,29
24629,38,18,9,29
24630,95,63,31,64
24631,95,62,31,64
24632,157,111,55,102
24633,157,110,55,102
24634,157,111,55,102
24635,157,110,55,102
24636,157,111,55,102
24637,157,110,55,102
24638,95,63,31,64
24639,95,62,31,64
24640,38,19,9,29
24641,157,110,55,102
24642,157,111,55,102
24643,157,110,55,102
24644,38,19,9,29
24645,38,18,9,29
24646,38,19,9,29
24647,219,158,79,140
24648,157,111,55,102
24649,95,62,31,64
24650,157,111,55,102
24651,38,18,9,29
24652,157,111,55,102
24653,157,110,55,102
24654,157,111,55,102
24655,157,110,55,102
24656,38,19,9,29
24657,157,110,55,102
24658,188,135,67,121
24659,188,134,67,121
24660,38,19,9,29
24661,38,18,9,29
24662,188,135,67,121
24663,188,134,67,121
24664,38,19,9,29
24665,188,134,67,121
24666,38,19,9,29
24667,144,100,50,94
24668,38,19,9,29
24669,38,18,9,29
24670,188,135,67,121
24671,188,134,67,121
24672,38,19,9,29
24673,95,62,31,64
24674,113,77,38,75
24675,113,76,38,75
24676,113,77,38,75
24677,113,76,38,75
24678,113,77,38,75
24679,188,134,67,121
24680,38,19,9,29
24681,157,110,55,102
24682,38,19,9,29
24683,157,110,55,102
24684,263,193,96,167
24685,263,192,96,167
24686,263,193,96,167
24687,188,134,67,121
24688,113,77,38,75
24689,38,18,9,29
24690,51,29,14,37
24691,51,28,14,37
24692,113,77,38,75
24693,113,76,38,75
24694,51,29,14,37
24695,51,28,14,37
24696,113,77,38,75
24697,144,100,50,94
24698,113,77,38,75
24699,144,100,50,94
24700,144,101,50,94
24701,144,100,50,94
24702,144,101,50,94
24703,95,62,31,64
24704,126,87,43,83
24705,144,100,50,94
24706,113,77,38,75
24707,113,76,38,75
24708,113,77,38,75
24709,113,76,38,75
24710,113,77,38,75
24711,51,28,14,37
24712,38,19,9,29
24713,95,62,31,64
24714,38,19,9,29
24715,118,80,40,78
24716,38,19,9,29
24717,38,18,9,29
24718,157,111,55,102
24719,157,110,55,102
24720,64,39,19,45
24721,95,62,31,64
24722,95,63,31,64
24723,95,62,31,64
24724,64,39,19,45
24725,64,38,19,45
24726,38,19,9,29
24727,38,18,9,29
24728,64,39,19,45
24729,157,110,55,102
24730,64,39,19,45
24731,95,62,31,64
24732,157,111,55,102
24733,157,110,55,102
24734,157,111,55,102
24735,144,100,50,94
24736,126,87,43,83
24737,64,38,19,45
24738,64,39,19,45
24739,64,38,19,45
24740,95,63,31,64
24741,95,62,31,64
24742,95,63,31,64
24743,144,100,50,94
24744,126,87,43,83
24745,144,100,50,94
24746,126,87,43,83
24747,113,76,38,75
24748,64,39,19,45
24749,64,38,19,45
24750,64,39,19,45
24751,188,134,67,121
24752,38,19,9,29
24753,64,38,19,45
24754,64,39,19,45
24755,64,38,19,45
24756,38,19,9,29
24757,38,18,9,29
24758,69,43,21,48
24759,69,42,21,48
24760,38,19,9,29
24761,69,42,21,48
24762,38,19,9,29
24763,69,42,21,48
24764,170,121,60,110
24765,170,120,60,110
24766,170,121,60,110
24767,69,42,21,48
24768,126,87,43,83
24769,95,62,31,64
24770,95,63,31,64
24771,95,62,31,64
24772,188,135,67,121
24773,188,134,67,121
24774,188,135,67,121
24775,95,62,31,64
24776,188,135,67,121
24777,38,18,9,29
24778,188,135,67,121
24779,64,38,19,45
24780,188,135,67,121
24781,188,134,67,121
24782,64,39,19,45
24783,64,38,19,45
24784,126,87,43,83
24785,64,38,19,45
24786,64,39,19,45
24787,64,38,19,45
24788,126,87,43,83
24789,126,86,43,83
24790,157,111,55,102
24791,157,110,55,102
24792,139,97,48,91
24793,188,134,67,121
24794,139,97,48,91
24795,64,38,19,45
24796,139,97,48,91
24797,139,96,48,91
24798,263,193,96,167
24799,263,192,96,167
24800,157,111,55,102
24801,95,62,31,64
24802,126,87,43,83
24803,126,86,43,83
24804,38,19,9,29
24805,38,18,9,29
24806,38,19,9,29
24807,188,134,67,121
24808,157,111,55,102
24809,139,96,48,91
24810,157,111,55,102
24811,69,42,21,48
24812,95,63,31,64
24813,95,62,31,64
24814,95,63,31,64
24815,95,62,31,64
24816,157,111,55,102
24817,157,110,55,102
24818,95,63,31,64
24819,95,62,31,64
24820,157,111,55,102
24821,157,110,55,102
24822,95,63,31,64
24823,95,62,31,64
24824,95,63,31,64
24825,95,62,31,64
24826,95,63,31,64
24827,118,80,40,78
24828,95,63,31,64
24829,95,62,31,64
24830,95,63,31,64
24831,95,62,31,64
24832,126,87,43,83
24833,113,76,38,75
24834,113,77,38,75
24835,113,76,38,75
24836,157,111,55,102
24837,157,110,55,102
24838,157,111,55,102
24839,139,96,48,91
24840,157,111,55,102
24841,95,62,31,64
24842,157,111,55,102
24843,157,110,55,102
24844,157,111,55,102
24845,157,110,55,102
24846,95,63,31,64
24847,95,62,31,64
24848,126,87,43,83
24849,157,110,55,102
24850,95,63,31,64
24851,95,62,31,64
24852,126,87,43,83
24853,126,86,43,83
24854,64,39,19,45
24855,64,38,19,45
24856,126,87,43,83
24857,64,38,19,45
24858,126,87,43,83
24859,100,66,33,67
24860,64,39,19,45
24861,64,38,19,45
24862,64,39,19,45
24863,64,38,19,45
24864,38,19,9,29
24865,113,76,38,75
24866,113,77,38,75
24867,113,76,38,75
24868,113,77,38,75
24869,113,76,38,75
24870,113,77,38,75
24871,64,38,19,45
24872,38,19,9,29
24873,95,62,31,64
24874,38,19,9,29
24875,95,62,31,64
24876,126,87,43,83
24877,126,86,43,83
24878,126,87,43,83
24879,95,62,31,64
24880,38,19,9,29
24881,139,96,48,91
24882,139,97,48,91
24883,139,96,48,91
24884,38,19,9,29
24885,38,18,9,29
24886,95,63,31,64
24887,95,62,31,64
24888,38,19,9,29
24889,157,110,55,102
24890,38,19,9,29
24891,38,18,9,29
24892,38,19,9,29
24893,38,18,9,29
24894,188,135,67,121
24895,188,134,67,121
24896,126,87,43,83
24897,38,18,9,29
24898,157,111,55,102
24899,157,110,55,102
24900,38,19,9,29
24901,38,18,9,29
24902,38,19,9,29
24903,139,96,48,91
24904,95,63,31,64
24905,157,110,55,102
24906,95,63,31,64
24907,38,18,9,29
24908,95,63,31,64
24909,95,62,31,64
24910,126,87,43,83
24911,126,86,43,83
24912,126,87,43,83
24913,95,62,31,64
24914,64,39,19,45
24915,64,38,19,45
24916,126,87,43,83
24917,126,86,43,83
24918,38,19,9,29
24919,38,18,9,29
24920,64,39,19,45
24921,188,134,67,121
24922,64,39,19,45
24923,38,18,9,29
24924,64,39,19,45
24925,64,38,19,45
24926,188,135,67,121
24927,188,134,67,121
24928,64,39,19,45
24929,38,18,9,29
24930,64,39,19,45
24931,64,38,19,45
24932,64,39,19,45
24933,64,38,19,45
24934,64,39,19,45
24935,232,168,84,148
24936,64,39,19,45
24937,113,76,38,75
24938,64,39,19,45
24939,113,76,38,75
24940,188,135,67,121
24941,188,134,67,121
24942,188,135,67,121
24943,188,134,67,121
24944,64,39,19,45
24945,64,38,19,45
24946,201,145,72,129
24947,201,144,72,129
24948,64,39,19,45
24949,64,38,19,45
24950,201,145,72,129
24951,201,144,72,129
24952,51,29,14,37
24953,95,62,31,64
24954,51,29,14,37
24955,95,62,31,64
24956,51,29,14,37
24957,51,28,14,37
24958,87,57,28,59
24959,87,56,28,59
24960,126,87,43,83
24961,51,28,14,37
24962,51,29,14,37
24963,51,28,14,37
24964,51,29,14,37
24965,51,28,14,37
24966,51,29,14,37
24967,51,28,14,37
24968,64,39,19,45
24969,51,28,14,37
24970,64,39,19,45
24971,201,144,72,129
24972,64,39,19,45
24973,64,38,19,45
24974,87,57,28,59
24975,87,56,28,59
24976,64,39,19,45
24977,64,38,19,45
24978,64,39,19,45
24979,64,38,19,45
24980,64,39,19,45
24981,64,38,19,45
24982,64,39,19,45
24983,64,38,19,45
24984,64,39,19,45
24985,64,38,19,45
24986,64,39,19,45
24987,95,62,31,64
24988,188,135,67,121
24989,188,134,67,121
24990,188,135,67,121
24991,87,56,28,59
24992,126,87,43,83
24993,51,28,14,37
24994,157,111,55,102
24995,157,110,55,102
24996,157,111,55,102
24997,157,110,55,102
24998,157,111,55,102
24999,87,56,28,59
25000,126,87,43,83
25001,51,28,14,37
25002,126,87,43,83
25003,87,56,28,59
25004,113,77,38,75
25005,113,76,38,75
25006,113,77,38,75
25007,157,110,55,102
25008,157,111,55,102
25009,157,110,55,102
25010,157,111,55,102
25011,157,110,55,102
25012,157,111,55,102
25013,157,110,55,102
25014,113,77,38,75
25015,113,76,38,75
25016,157,111,55,102
25017,157,110,55,102
25018,157,111,55,102
25019,157,110,55,102
25020,113,77,38,75
25021,113,76,38,75
25022,113,77,38,75
25023,87,56,28,59
25024,126,87,43,83
25025,87,56,28,59
25026,87,57,28,59
25027,87,56,28,59
25028,126,87,43,83
25029,126,86,43,83
25030,126,87,43,83
25031,113,76,38,75
25032,113,77,38,75
25033,64,38,19,45
25034,113,77,38,75
25035,64,38,19,45
25036,113,77,38,75
25037,113,76,38,75
25038,64,39,19,45
25039,64,38,19,45
25040,126,87,43,83
25041,113,76,38,75
25042,64,39,19,45
25043,64,38,19,45
25044,126,87,43,83
25045,126,86,43,83
25046,69,43,21,48
25047,69,42,21,48
25048,113,77,38,75
25049,113,76,38,75
25050,113,77,38,75
25051,64,38,19,45
25052,113,77,38,75
25053,113,76,38,75
25054,232,169,84,148
25055,232,168,84,148
25056,126,87,43,83
25057,113,76,38,75
25058,126,87,43,83
25059,126,86,43,83
25060,87,57,28,59
25061,87,56,28,59
25062,87,57,28,59
25063,139,96,48,91
25064,126,87,43,83
25065,113,76,38,75
25066,126,87,43,83
25067,139,96,48,91
25068,64,39,19,45
25069,64,38,19,45
25070,64,39,19,45
25071,87,56,28,59
25072,64,39,19,45
25073,126,86,43,83
25074,64,39,19,45
25075,64,38,19,45
25076,64,39,19,45
25077,64,38,19,45
25078,139,97,48,91
25079,139,96,48,91
25080,64,39,19,45
25081,113,76,38,75
25082,64,39,19,45
25083,113,76,38,75
25084,113,77,38,75
25085,113,76,38,75
25086,113,77,38,75
25087,87,56,28,59
25088,33,15,7,26
25089,157,110,55,102
25090,64,39,19,45
25091,64,38,19,45
25092,64,39,19,45
25093,64,38,19,45
25094,64,39,19,45
25095,139,96,48,91
25096,38,19,9,29
25097,64,38,19,45
25098,38,19,9,29
25099,64,38,19,45
25100,38,19,9,29
25101,38,18,9,29
25102,157,111,55,102
25103,157,110,55,102
25104,38,19,9,29
25105,38,18,9,29
25106,64,39,19,45
25107,64,38,19,45
25108,38,19,9,29
25109,38,18,9,29
25110,108,73,36,72
25111,108,72,36,72
25112,38,19,9,29
25113,108,72,36,72
25114,38,19,9,29
25115,64,38,19,45
25116,108,73,36,72
25117,108,72,36,72
25118,108,73,36,72
25119,157,110,55,102
25120,126,87,43,83
25121,108,72,36,72
25122,38,19,9,29
25123,38,18,9,29
25124,64,39,19,45
25125,64,38,19,45
25126,64,39,19,45
25127,64,38,19,45
25128,126,87,43,83
25129,139,96,48,91
25130,126,87,43,83
25131,38,18,9,29
25132,157,111,55,102
25133,157,110,55,102
25134,157,111,55,102
25135,139,96,48,91
25136,126,87,43,83
25137,157,110,55,102
25138,157,111,55,102
25139,157,110,55,102
25140,126,87,43,83
25141,126,86,43,83
25142,64,39,19,45
25143,64,38,19,45
25144,108,73,36,72
25145,113,76,38,75
25146,108,73,36,72
25147,38,18,9,29
25148,108,73,36,72
25149,108,72,36,72
25150,157,111,55,102
25151,157,110,55,102
25152,64,39,19,45
25153,38,18,9,29
25154,38,19,9,29
25155,38,18,9,29
25156,64,39,19,45
25157,64,38,19,45
25158,64,39,19,45
25159,157,110,55,102
25160,64,39,19,45
25161,157,110,55,102
25162,64,39,19,45
25163,64,38,19,45
25164,64,39,19,45
25165,64,38,19,45
25166,263,193,96,167
25167,263,192,96,167
25168,64,39,19,45
25169,108,72,36,72
25170,108,73,36,72
25171,108,72,36,72
25172,64,39,19,45
25173,64,38,19,45
25174,64,39,19,45
25175,64,38,19,45
25176,126,87,43,83
25177,108,72,36,72
25178,126,87,43,83
25179,108,72,36,72
25180,126,87,43,83
25181,126,86,43,83
25182,232,169,84,148
25183,232,168,84,148
25184,64,39,19,45
25185,64,38,19,45
25186,64,39,19,45
25187,64,38,19,45
25188,64,39,19,45
25189,64,38,19,45
25190,64,39,19,45
25191,157,110,55,102
25192,64,39,19,45
25193,157,110,55,102
25194,64,39,19,45
25195,69,42,21,48
25196,64,39,19,45
25197,64,38,19,45
25198,64,39,19,45
25199,69,42,21,48
25200,64,39,19,45
25201,64,38,19,45
25202,157,111,55,102
25203,157,110,55,102
25204,64,39,19,45
25205,64,38,19,45
25206,64,39,19,45
25207,64,38,19,45
25208,64,39,19,45
25209,64,38,19,45
25210,64,39,19,45
25211,64,38,19,45
25212,157,111,55,102
25213,157,110,55,102
25214,157,111,55,102
25215,188,134,67,121
25216,33,15,7,26
25217,64,38,19,45
25218,64,39,19,45
25219,64,38,19,45
25220,64,39,19,45
25221,64,38,19,45
25222,64,39,19,45
25223,64,38,19,45
25224,64,39,19,45
25225,108,72,36,72
25226,64,39,19,45
25227,64,38,19,45
25228,64,39,19,45
25229,64,38,19,45
25230,64,39,19,45
25231,64,38,19,45
25232,95,63,31,64
25233,64,38,19,45
25234,64,39,19,45
25235,64,38,19,45
25236,95,63,31,64
25237,95,62,31,64
25238,64,39,19,45
25239,64,38,19,45
25240,95,63,31,64
25241,64,38,19,45
25242,95,63,31,64
25243,170,120,60,110
25244,108,73,36,72
25245,108,72,36,72
25246,108,73,36,72
25247,108,72,36,72
25248,33,15,7,26
25249,64,38,19,45
25250,95,63,31,64
25251,95,62,31,64
25252,157,111,55,102
25253,157,110,55,102
25254,157,111,55,102
25255,95,62,31,64
25256,33,15,7,26
25257,232,168,84,148
25258,33,15,7,26
25259,64,38,19,45
25260,64,39,19,45
25261,64,38,19,45
25262,64,39,19,45
25263,95,62,31,64
25264,126,87,43,83
25265,64,38,19,45
25266,64,39,19,45
25267,64,38,19,45
25268,126,87,43,83
25269,126,86,43,83
25270,64,39,19,45
25271,64,38,19,45
25272,126,87,43,83
25273,64,38,19,45
25274,126,87,43,83
25275,64,38,19,45
25276,201,145,72,129
25277,201,144,72,129
25278,201,145,72,129
25279,201,144,72,129
25280,82,53,26,56
25281,126,86,43,83
25282,157,111,55,102
25283,157,110,55,102
25284,157,111,55,102
25285,157,110,55,102
25286,157,111,55,102
25287,64,38,19,45
25288,157,111,55,102
25289,56,32,16,40
25290,157,111,55,102
25291,56,32,16,40
25292,157,111,55,102
25293,157,110,55,102
25294,95,63,31,64
25295,95,62,31,64
25296,82,53,26,56
25297,64,38,19,45
25298,64,39,19,45
25299,64,38,19,45
25300,82,53,26,56
25301,82,52,26,56
25302,64,39,19,45
25303,64,38,19,45
25304,56,33,16,40
25305,157,110,55,102
25306,56,33,16,40
25307,56,32,16,40
25308,56,33,16,40
25309,56,32,16,40
25310,56,33,16,40
25311,56,32,16,40
25312,82,53,26,56
25313,56,32,16,40
25314,82,53,26,56
25315,82,52,26,56
25316,157,111,55,102
25317,157,110,55,102
25318,157,111,55,102
25319,82,52,26,56
25320,82,53,26,56
25321,95,62,31,64
25322,82,53,26,56
25323,108,72,36,72
25324,56,33,16,40
25325,56,32,16,40
25326,56,33,16,40
25327,188,134,67,121
25328,170,121,60,110
25329,82,52,26,56
25330,108,73,36,72
25331,108,72,36,72
25332,170,121,60,110
25333,170,120,60,110
25334,56,33,16,40
25335,56,32,16,40
25336,170,121,60,110
25337,157,110,55,102
25338,170,121,60,110
25339,95,62,31,64
25340,157,111,55,102
25341,157,110,55,102
25342,157,111,55,102
25343,201,144,72,129
25344,33,15,7,26
25345,126,86,43,83
25346,126,87,43,83
25347,126,86,43,83
25348,56,33,16,40
25349,56,32,16,40
25350,56,33,16,40
25351,82,52,26,56
25352,56,33,16,40
25353,64,38,19,45
25354,56,33,16,40
25355,201,144,72,129
25356,56,33,16,40
25357,56,32,16,40
25358,56,33,16,40
25359,56,32,16,40
25360,82,53,26,56
25361,56,32,16,40
25362,56,33,16,40
25363,56,32,16,40
25364,82,53,26,56
25365,82,52,26,56
25366,201,145,72,129
25367,201,144,72,129
25368,82,53,26,56
25369,201,144,72,129
25370,82,53,26,56
25371,201,144,72,129
25372,56,33,16,40
25373,56,32,16,40
25374,56,33,16,40
25375,64,38,19,45
25376,82,53,26,56
25377,56,32,16,40
25378,82,53,26,56
25379,82,52,26,56
25380,82,53,26,56
25381,82,52,26,56
25382,82,53,26,56
25383,245,178,89,156
25384,82,53,26,56
25385,108,72,36,72
25386,82,53,26,56
25387,108,72,36,72
25388,38,19,9,29
25389,38,18,9,29
25390,38,19,9,29
25391,108,72,36,72
25392,82,53,26,56
25393,38,18,9,29
25394,38,19,9,29
25395,38,18,9,29
25396,82,53,26,56
25397,82,52,26,56
25398,201,145,72,129
25399,201,144,72,129
25400,201,145,72,129
25401,201,144,72,129
25402,201,145,72,129
25403,38,18,9,29
25404,201,145,72,129
25405,201,144,72,129
25406,144,101,50,94
25407,144,100,50,94
25408,33,15,7,26
25409,82,52,26,56
25410,108,73,36,72
25411,108,72,36,72
25412,56,33,16,40
25413,56,32,16,40
25414,56,33,16,40
25415,56,32,16,40
25416,56,33,16,40
25417,82,52,26,56
25418,56,33,16,40
25419,56,32,16,40
25420,56,33,16,40
25421,56,32,16,40
25422,56,33,16,40
25423,56,32,16,40
25424,33,15,7,26
25425,108,72,36,72
25426,108,73,36,72
25427,108,72,36,72
25428,33,15,7,26
25429,33,14,7,26
25430,56,33,16,40
25431,56,32,16,40
25432,82,53,26,56
25433,82,52,26,56
25434,82,53,26,56
25435,56,32,16,40
25436,82,53,26,56
25437,82,52,26,56
25438,82,53,26,56
25439,82,52,26,56
25440,108,73,36,72
25441,56,32,16,40
25442,108,73,36,72
25443,108,72,36,72
25444,108,73,36,72
25445,108,72,36,72
25446,108,73,36,72
25447,95,62,31,64
25448,108,73,36,72
25449,56,32,16,40
25450,108,73,36,72
25451,82,52,26,56
25452,82,53,26,56
25453,82,52,26,56
25454,82,53,26,56
25455,82,52,26,56
25456,108,73,36,72
25457,108,72,36,72
25458,108,73,36,72
25459,108,72,36,72
25460,108,73,36,72
25461,108,72,36,72
25462,139,97,48,91
25463,139,96,48,91
25464,64,39,19,45
25465,139,96,48,91
25466,64,39,19,45
25467,95,62,31,64
25468,64,39,19,45
25469,64,38,19,45
25470,95,63,31,64
25471,95,62,31,64
25472,126,87,43,83
25473,108,72,36,72
25474,108,73,36,72
25475,108,72,36,72
25476,108,73,36,72
25477,108,72,36,72
25478,108,73,36,72
25479,108,72,36,72
25480,33,15,7,26
25481,108,72,36,72
25482,33,15,7,26
25483,201,144,72,129
25484,33,15,7,26
25485,33,14,7,26
25486,82,53,26,56
25487,82,52,26,56
25488,126,87,43,83
25489,82,52,26,56
25490,82,53,26,56
25491,82,52,26,56
25492,126,87,43,83
25493,126,86,43,83
25494,82,53,26,56
25495,82,52,26,56
25496,126,87,43,83
25497,82,52,26,56
25498,126,87,43,83
25499,82,52,26,56
25500,201,145,72,129
25501,201,144,72,129
25502,201,145,72,129
25503,201,144,72,129
25504,126,87,43,83
25505,82,52,26,56
25506,126,87,43,83
25507,126,86,43,83
25508,82,53,26,56
25509,82,52,26,56
25510,82,53,26,56
25511,113,76,38,75
25512,126,87,43,83
25513,201,144,72,129
25514,126,87,43,83
25515,108,72,36,72
25516,82,53,26,56
25517,82,52,26,56
25518,82,53,26,56
25519,126,86,43,83
25520,77,49,24,53
25521,77,48,24,53
25522,77,49,24,53
25523,77,48,24,53
25524,77,49,24,53
25525,77,48,24,53
25526,126,87,43,83
25527,126,86,43,83
25528,77,49,24,53
25529,157,110,55,102
25530,77,49,24,53
25531,157,110,55,102
25532,201,145,72,129
25533,201,144,72,129
25534,201,145,72,129
25535,214,154,77,137
25536,126,87,43,83
25537,157,110,55,102
25538,157,111,55,102
25539,157,110,55,102
25540,126,87,43,83
25541,126,86,43,83
25542,126,87,43,83
25543,95,62,31,64
25544,38,19,9,29
25545,157,110,55,102
25546,38,19,9,29
25547,77,48,24,53
25548,38,19,9,29
25549,38,18,9,29
25550,157,111,55,102
25551,157,110,55,102
25552,126,87,43,83
25553,38,18,9,29
25554,139,97,48,91
25555,139,96,48,91
25556,126,87,43,83
25557,126,86,43,83
25558,157,111,55,102
25559,157,110,55,102
25560,77,49,24,53
25561,126,86,43,83
25562,77,49,24,53
25563,38,18,9,29
25564,77,49,24,53
25565,77,48,24,53
25566,201,145,72,129
25567,201,144,72,129
25568,77,49,24,53
25569,201,144,72,129
25570,126,87,43,83
25571,126,86,43,83
25572,170,121,60,110
25573,170,120,60,110
25574,170,121,60,110
25575,77,48,24,53
25576,77,49,24,53
25577,139,96,48,91
25578,77,49,24,53
25579,170,120,60,110
25580,126,87,43,83
25581,126,86,43,83
25582,126,87,43,83
25583,170,120,60,110
25584,77,49,24,53
25585,77,48,24,53
25586,77,49,24,53
25587,77,48,24,53
25588,77,49,24,53
25589,77,48,24,53
25590,77,49,24,53
25591,77,48,24,53
25592,170,121,60,110
25593,201,144,72,129
25594,170,121,60,110
25595,77,48,24,53
25596,170,121,60,110
25597,170,120,60,110
25598,170,121,60,110
25599,170,120,60,110
25600,33,15,7,26
25601,170,120,60,110
25602,170,121,60,110
25603,170,120,60,110
25604,126,87,43,83
25605,126,86,43,83
25606,126,87,43,83
25607,170,120,60,110
25608,170,121,60,110
25609,201,144,72,129
25610,170,121,60,110
25611,126,86,43,83
25612,170,121,60,110
25613,170,120,60,110
25614,82,53,26,56
25615,82,52,26,56
25616,64,39,19,45
25617,170,120,60,110
25618,126,87,43,83
25619,126,86,43,83
25620,64,39,19,45
25621,64,38,19,45
25622,170,121,60,110
25623,170,120,60,110
25624,64,39,19,45
25625,77,48,24,53
25626,64,39,19,45
25627,232,168,84,148
25628,170,121,60,110
25629,170,120,60,110
25630,170,121,60,110
25631,201,144,72,129
25632,64,39,19,45
25633,77,48,24,53
25634,64,39,19,45
25635,64,38,19,45
25636,126,87,43,83
25637,126,86,43,83
25638,126,87,43,83
25639,170,120,60,110
25640,64,39,19,45
25641,170,120,60,110
25642,64,39,19,45
25643,126,86,43,83
25644,51,29,14,37
25645,51,28,14,37
25646,51,29,14,37
25647,82,52,26,56
25648,64,39,19,45
25649,51,28,14,37
25650,51,29,14,37
25651,51,28,14,37
25652,64,39,19,45
25653,64,38,19,45
25654,77,49,24,53
25655,77,48,24,53
25656,51,29,14,37
25657,77,48,24,53
25658,51,29,14,37
25659,77,48,24,53
25660,51,29,14,37
25661,51,28,14,37
25662,77,49,24,53
25663,77,48,24,53
25664,25,9,4,21
25665,51,28,14,37
25666,51,29,14,37
25667,51,28,14,37
25668,64,39,19,45
25669,64,38,19,45
25670,64,39,19,45
25671,77,48,24,53
25672,77,49,24,53
25673,51,28,14,37
25674,77,49,24,53
25675,64,38,19,45
25676,77,49,24,53
25677,77,48,24,53
25678,77,49,24,53
25679,77,48,24,53
25680,25,9,4,21
25681,77,48,24,53
25682,162,115,57,105
25683,162,114,57,105
25684,25,9,4,21
25685,25,8,4,21
25686,64,39,19,45
25687,64,38,19,45
25688,126,87,43,83
25689,51,28,14,37
25690,126,87,43,83
25691,108,72,36,72
25692,126,87,43,83
25693,126,86,43,83
25694,77,49,24,53
25695,77,48,24,53
25696,25,9,4,21
25697,139,96,48,91
25698,126,87,43,83
25699,126,86,43,83
25700,126,87,43,83
25701,126,86,43,83
25702,126,87,43,83
25703,51,28,14,37
25704,25,9,4,21
25705,139,96,48,91
25706,25,9,4,21
25707,108,72,36,72
25708,77,49,24,53
25709,77,48,24,53
25710,77,49,24,53
25711,51,28,14,37
25712,170,121,60,110
25713,25,8,4,21
25714,170,121,60,110
25715,170,120,60,110
25716,170,121,60,110
25717,170,120,60,110
25718,170,121,60,110
25719,170,120,60,110
25720,170,121,60,110
25721,170,120,60,110
25722,170,121,60,110
25723,126,86,43,83
25724,126,87,43,83
25725,126,86,43,83
25726,126,87,43,83
25727,232,168,84,148
25728,25,9,4,21
25729,214,154,77,137
25730,64,39,19,45
25731,64,38,19,45
25732,64,39,19,45
25733,64,38,19,45
25734,64,39,19,45
25735,170,120,60,110
25736,77,49,24,53
25737,170,120,60,110
25738,77,49,24,53
25739,51,28,14,37
25740,77,49,24,53
25741,77,48,24,53
25742,170,121,60,110
25743,170,120,60,110
25744,77,49,24,53
25745,108,72,36,72
25746,108,73,36,72
25747,108,72,36,72
25748,77,49,24,53
25749,77,48,24,53
25750,77,49,24,53
25751,77,48,24,53
25752,77,49,24,53
25753,64,38,19,45
25754,77,49,24,53
25755,113,76,38,75
25756,170,121,60,110
25757,170,120,60,110
25758,170,121,60,110
25759,51,28,14,37
25760,25,9,4,21
25761,170,120,60,110
25762,126,87,43,83
25763,126,86,43,83
25764,126,87,43,83
25765,126,86,43,83
25766,126,87,43,83
25767,170,120,60,110
25768,25,9,4,21
25769,188,134,67,121
25770,25,9,4,21
25771,77,48,24,53
25772,77,49,24,53
25773,77,48,24,53
25774,77,49,24,53
25775,139,96,48,91
25776,25,9,4,21
25777,77,48,24,53
25778,77,49,24,53
25779,77,48,24,53
25780,25,9,4,21
25781,25,8,4,21
25782,170,121,60,110
25783,170,120,60,110
25784,25,9,4,21
25785,77,48,24,53
25786,25,9,4,21
25787,139,96,48,91
25788,77,49,24,53
25789,77,48,24,53
25790,77,49,24,53
25791,77,48,24,53
25792,25,9,4,21
25793,64,38,19,45
25794,64,39,19,45
25795,64,38,19,45
25796,64,39,19,45
25797,64,38,19,45
25798,64,39,19,45
25799,64,38,19,45
25800,64,39,19,45
25801,77,48,24,53
25802,64,39,19,45
25803,77,48,24,53
25804,64,39,19,45
25805,64,38,19,45
25806,126,87,43,83
25807,126,86,43,83
25808,25,9,4,21
25809,170,120,60,110
25810,170,121,60,110
25811,170,120,60,110
25812,25,9,4,21
25813,25,8,4,21
25814,77,49,24,53
25815,77,48,24,53
25816,108,73,36,72
25817,64,38,19,45
25818,108,73,36,72
25819,77,48,24,53
25820,108,73,36,72
25821,108,72,36,72
25822,170,121,60,110
25823,170,120,60,110
25824,77,49,24,53
25825,77,48,24,53
25826,25,9,4,21
25827,25,8,4,21
25828,170,121,60,110
25829,170,120,60,110
25830,170,121,60,110
25831,170,120,60,110
25832,77,49,24,53
25833,170,120,60,110
25834,77,49,24,53
25835,126,86,43,83
25836,77,49,24,53
25837,77,48,24,53
25838,77,49,24,53
25839,108,72,36,72
25840,77,49,24,53
25841,77,48,24,53
25842,64,39,19,45
25843,64,38,19,45
25844,77,49,24,53
25845,77,48,24,53
25846,77,49,24,53
25847,77,48,24,53
25848,170,121,60,110
25849,77,48,24,53
25850,170,121,60,110
25851,170,120,60,110
25852,170,121,60,110
25853,170,120,60,110
25854,82,53,26,56
25855,82,52,26,56
25856,33,15,7,26
25857,139,96,48,91
25858,139,97,48,91
25859,139,96,48,91
25860,25,9,4,21
25861,25,8,4,21
25862,25,9,4,21
25863,201,144,72,129
25864,170,121,60,110
25865,82,52,26,56
25866,170,121,60,110
25867,139,96,48,91
25868,170,121,60,110
25869,170,120,60,110
25870,77,49,24,53
25871,77,48,24,53
25872,51,29,14,37
25873,170,120,60,110
25874,139,97,48,91
25875,139,96,48,91
25876,51,29,14,37
25877,51,28,14,37
25878,170,121,60,110
25879,170,120,60,110
25880,51,29,14,37
25881,183,130,65,118
25882,51,29,14,37
25883,232,168,84,148
25884,170,121,60,110
25885,170,120,60,110
25886,170,121,60,110
25887,170,120,60,110
25888,51,29,14,37
25889,25,8,4,21
25890,126,87,43,83
25891,126,86,43,83
25892,126,87,43,83
25893,126,86,43,83
25894,126,87,43,83
25895,64,38,19,45
25896,51,29,14,37
25897,64,38,19,45
25898,51,29,14,37
25899,126,86,43,83
25900,51,29,14,37
25901,51,28,14,37
25902,51,29,14,37
25903,108,72,36,72
25904,51,29,14,37
25905,170,120,60,110
25906,170,121,60,110
25907,170,120,60,110
25908,51,29,14,37
25909,51,28,14,37
25910,108,73,36,72
25911,108,72,36,72
25912,126,87,43,83
25913,126,86,43,83
25914,126,87,43,83
25915,51,28,14,37
25916,126,87,43,83
25917,126,86,43,83
25918,108,73,36,72
25919,108,72,36,72
25920,33,15,7,26
25921,51,28,14,37
25922,170,121,60,110
25923,170,120,60,110
25924,170,121,60,110
25925,170,120,60,110
25926,170,121,60,110
25927,157,110,55,102
25928,170,121,60,110
25929,108,72,36,72
25930,170,121,60,110
25931,170,120,60,110
25932,170,121,60,110
25933,170,120,60,110
25934,108,73,36,72
25935,108,72,36,72
25936,33,15,7,26
25937,95,62,31,64
25938,95,63,31,64
25939,95,62,31,64
25940,33,15,7,26
25941,33,14,7,26
25942,51,29,14,37
25943,51,28,14,37
25944,51,29,14,37
25945,170,120,60,110
25946,51,29,14,37
25947,108,72,36,72
25948,51,29,14,37
25949,51,28,14,37
25950,170,121,60,110
25951,170,120,60,110
25952,139,97,48,91
25953,170,120,60,110
25954,51,29,14,37
25955,51,28,14,37
25956,51,29,14,37
25957,51,28,14,37
25958,51,29,14,37
25959,108,72,36,72
25960,139,97,48,91
25961,51,28,14,37
25962,139,97,48,91
25963,51,28,14,37
25964,170,121,60,110
25965,170,120,60,110
25966,170,121,60,110
25967,108,72,36,72
25968,139,97,48,91
25969,139,96,48,91
25970,51,29,14,37
25971,51,28,14,37
25972,139,97,48,91
25973,139,96,48,91
25974,201,145,72,129
25975,201,144,72,129
25976,51,29,14,37
25977,201,144,72,129
25978,51,29,14,37
25979,51,28,14,37
25980,51,29,14,37
25981,51,28,14,37
25982,170,121,60,110
25983,170,120,60,110
25984,46,25,12,34
25985,51,28,14,37
25986,139,97,48,91
25987,139,96,48,91
25988,126,87,43,83
25989,126,86,43,83
25990,126,87,43,83
25991,139,96,48,91
25992,139,97,48,91
25993,126,86,43,83
25994,139,97,48,91
25995,126,86,43,83
25996,139,97,48,91
25997,139,96,48,91
25998,51,29,14,37
25999,51,28,14,37
26000,139,97,48,91
26001,126,86,43,83
26002,126,87,43,83
26003,126,86,43,83
26004,139,97,48,91
26005,139,96,48,91
26006,126,87,43,83
26007,126,86,43,83
26008,139,97,48,91
26009,126,86,43,83
26010,139,97,48,91
26011,64,38,19,45
26012,64,39,19,45
26013,64,38,19,45
26014,64,39,19,45
26015,157,110,55,102
26016,46,25,12,34
26017,126,86,43,83
26018,139,97,48,91
26019,139,96,48,91
26020,139,97,48,91
26021,139,96,48,91
26022,139,97,48,91
26023,157,110,55,102
26024,46,25,12,34
26025,157,110,55,102
26026,46,25,12,34
26027,126,86,43,83
26028,51,29,14,37
26029,51,28,14,37
26030,51,29,14,37
26031,126,86,43,83
26032,77,49,24,53
26033,139,96,48,91
26034,139,97,48,91
26035,139,96,48,91
26036,77,49,24,53
26037,77,48,24,53
26038,170,121,60,110
26039,170,120,60,110
26040,77,49,24,53
26041,139,96,48,91
26042,77,49,24,53
26043,108,72,36,72
26044,77,49,24,53
26045,77,48,24,53
26046,77,49,24,53
26047,170,120,60,110
26048,46,25,12,34
26049,77,48,24,53
26050,108,73,36,72
26051,108,72,36,72
26052,46,25,12,34
26053,46,24,12,34
26054,46,25,12,34
26055,170,120,60,110
26056,51,29,14,37
26057,139,96,48,91
26058,51,29,14,37
26059,108,72,36,72
26060,51,29,14,37
26061,51,28,14,37
26062,108,73,36,72
26063,108,72,36,72
26064,46,25,12,34
26065,51,28,14,37
26066,157,111,55,102
26067,157,110,55,102
26068,46,25,12,34
26069,46,24,12,34
26070,77,49,24,53
26071,77,48,24,53
26072,51,29,14,37
26073,51,28,14,37
26074,51,29,14,37
26075,51,28,14,37
26076,51,29,14,37
26077,51,28,14,37
26078,82,53,26,56
26079,82,52,26,56
26080,139,97,48,91
26081,82,52,26,56
26082,46,25,12,34
26083,46,24,12,34
26084,183,131,65,118
26085,183,130,65,118
26086,183,131,65,118
26087,82,52,26,56
26088,139,97,48,91
26089,183,130,65,118
26090,139,97,48,91
26091,82,52,26,56
26092,201,145,72,129
26093,201,144,72,129
26094,201,145,72,129
26095,126,86,43,83
26096,139,97,48,91
26097,139,96,48,91
26098,201,145,72,129
26099,201,144,72,129
26100,139,97,48,91
26101,139,96,48,91
26102,77,49,24,53
26103,77,48,24,53
26104,77,49,24,53
26105,201,144,72,129
26106,77,49,24,53
26107,77,48,24,53
26108,77,49,24,53
26109,77,48,24,53
26110,108,73,36,72
26111,108,72,36,72
26112,33,15,7,26
26113,170,120,60,110
26114,170,121,60,110
26115,170,120,60,110
26116,170,121,60,110
26117,170,120,60,110
26118,170,121,60,110
26119,152,106,53,99
26120,139,97,48,91
26121,152,106,53,99
26122,139,97,48,91
26123,170,120,60,110
26124,139,97,48,91
26125,139,96,48,91
26126,139,97,48,91
26127,139,96,48,91
26128,139,97,48,91
26129,139,96,48,91
26130,51,29,14,37
26131,51,28,14,37
26132,139,97,48,91
26133,139,96,48,91
26134,108,73,36,72
26135,108,72,36,72
26136,139,97,48,91
26137,108,72,36,72
26138,139,97,48,91
26139,108,72,36,72
26140,139,97,48,91
26141,139,96,48,91
26142,139,97,48,91
26143,126,86,43,83
26144,46,25,12,34
26145,170,120,60,110
26146,139,97,48,91
26147,139,96,48,91
26148,108,73,36,72
26149,108,72,36,72
26150,108,73,36,72
26151,108,72,36,72
26152,46,25,12,34
26153,157,110,55,102
26154,46,25,12,34
26155,139,96,48,91
26156,170,121,60,110
26157,170,120,60,110
26158,170,121,60,110
26159,152,106,53,99
26160,46,25,12,34
26161,170,120,60,110
26162,170,121,60,110
26163,170,120,60,110
26164,46,25,12,34
26165,46,24,12,34
26166,152,107,53,99
26167,152,106,53,99
26168,139,97,48,91
26169,170,120,60,110
26170,139,97,48,91
26171,170,120,60,110
26172,139,97,48,91
26173,139,96,48,91
26174,108,73,36,72
26175,108,72,36,72
26176,46,25,12,34
26177,139,96,48,91
26178,139,97,48,91
26179,139,96,48,91
26180,139,97,48,91
26181,139,96,48,91
26182,139,97,48,91
26183,77,48,24,53
26184,139,97,48,91
26185,77,48,24,53
26186,139,97,48,91
26187,139,96,48,91
26188,139,97,48,91
26189,139,96,48,91
26190,77,49,24,53
26191,77,48,24,53
26192,46,25,12,34
26193,126,86,43,83
26194,126,87,43,83
26195,126,86,43,83
26196,46,25,12,34
26197,46,24,12,34
26198,51,29,14,37
26199,51,28,14,37
26200,139,97,48,91
26201,51,28,14,37
26202,139,97,48,91
26203,108,72,36,72
26204,139,97,48,91
26205,139,96,48,91
26206,139,97,48,91
26207,139,96,48,91
26208,46,25,12,34
26209,51,28,14,37
26210,139,97,48,91
26211,139,96,48,91
26212,139,97,48,91
26213,139,96,48,91
26214,139,97,48,91
26215,108,72,36,72
26216,46,25,12,34
26217,108,72,36,72
26218,46,25,12,34
26219,170,120,60,110
26220,51,29,14,37
26221,51,28,14,37
26222,51,29,14,37
26223,51,28,14,37
26224,108,73,36,72
26225,46,24,12,34
26226,170,121,60,110
26227,170,120,60,110
26228,108,73,36,72
26229,108,72,36,72
26230,108,73,36,72
26231,108,72,36,72
26232,108,73,36,72
26233,51,28,14,37
26234,108,73,36,72
26235,108,72,36,72
26236,51,29,14,37
26237,51,28,14,37
26238,51,29,14,37
26239,152,106,53,99
26240,33,15,7,26
26241,139,96,48,91
26242,46,25,12,34
26243,46,24,12,34
26244,77,49,24,53
26245,77,48,24,53
26246,77,49,24,53
26247,139,96,48,91
26248,77,49,24,53
26249,108,72,36,72
26250,77,49,24,53
26251,77,48,24,53
26252,77,49,24,53
26253,77,48,24,53
26254,51,29,14,37
26255,51,28,14,37
26256,77,49,24,53
26257,77,48,24,53
26258,77,49,24,53
26259,77,48,24,53
26260,77,49,24,53
26261,77,48,24,53
26262,77,49,24,53
26263,77,48,24,53
26264,77,49,24,53
26265,77,48,24,53
26266,77,49,24,53
26267,126,86,43,83
26268,77,49,24,53
26269,77,48,24,53
26270,77,49,24,53
26271,245,178,89,156
26272,33,15,7,26
26273,201,144,72,129
26274,214,155,77,137
26275,214,154,77,137
26276,214,155,77,137
26277,214,154,77,137
26278,214,155,77,137
26279,77,48,24,53
26280,33,15,7,26
26281,100,66,33,67
26282,33,15,7,26
26283,214,154,77,137
26284,64,39,19,45
26285,64,38,19,45
26286,64,39,19,45
26287,108,72,36,72
26288,77,49,24,53
26289,46,24,12,34
26290,46,25,12,34
26291,46,24,12,34
26292,77,49,24,53
26293,77,48,24,53
26294,64,39,19,45
26295,64,38,19,45
26296,77,49,24,53
26297,64,38,19,45
26298,77,49,24,53
26299,64,38,19,45
26300,77,49,24,53
26301,77,48,24,53
26302,77,49,24,53
26303,64,38,19,45
26304,139,97,48,91
26305,77,48,24,53
26306,100,67,33,67
26307,100,66,33,67
26308,139,97,48,91
26309,139,96,48,91
26310,139,97,48,91
26311,77,48,24,53
26312,139,97,48,91
26313,77,48,24,53
26314,139,97,48,91
26315,77,48,24,53
26316,139,97,48,91
26317,139,96,48,91
26318,214,155,77,137
26319,214,154,77,137
26320,139,97,48,91
26321,201,144,72,129
26322,201,145,72,129
26323,201,144,72,129
26324,139,97,48,91
26325,139,96,48,91
26326,139,97,48,91
26327,139,96,48,91
26328,139,97,48,91
26329,139,96,48,91
26330,139,97,48,91
26331,170,120,60,110
26332,139,97,48,91
26333,139,96,48,91
26334,170,121,60,110
26335,170,120,60,110
26336,139,97,48,91
26337,64,38,19,45
26338,139,97,48,91
26339,139,96,48,91
26340,139,97,48,91
26341,139,96,48,91
26342,139,97,48,91
26343,100,66,33,67
26344,139,97,48,91
26345,100,66,33,67
26346,139,97,48,91
26347,170,120,60,110
26348,170,121,60,110
26349,170,120,60,110
26350,170,121,60,110
26351,77,48,24,53
26352,139,97,48,91
26353,139,96,48,91
26354,170,121,60,110
26355,170,120,60,110
26356,139,97,48,91
26357,139,96,48,91
26358,126,87,43,83
26359,126,86,43,83
26360,139,97,48,91
26361,139,96,48,91
26362,139,97,48,91
26363,100,66,33,67
26364,245,179,89,156
26365,245,178,89,156
26366,245,179,89,156
26367,100,66,33,67
26368,95,63,31,64
26369,139,96,48,91
26370,126,87,43,83
26371,126,86,43,83
26372,126,87,43,83
26373,126,86,43,83
26374,126,87,43,83
26375,126,86,43,83
26376,126,87,43,83
26377,77,48,24,53
26378,126,87,43,83
26379,77,48,24,53
26380,126,87,43,83
26381,126,86,43,83
26382,126,87,43,83
26383,126,86,43,83
26384,33,15,7,26
26385,126,86,43,83
26386,126,87,43,83
26387,126,86,43,83
26388,33,15,7,26
26389,33,14,7,26
26390,245,179,89,156
26391,245,178,89,156
26392,33,15,7,26
26393,245,178,89,156
26394,33,15,7,26
26395,152,106,53,99
26396,100,67,33,67
26397,100,66,33,67
26398,100,67,33,67
26399,139,96,48,91
26400,139,97,48,91
26401,139,96,48,91
26402,77,49,24,53
26403,77,48,24,53
26404,77,49,24,53
26405,77,48,24,53
26406,77,49,24,53
26407,152,106,53,99
26408,139,97,48,91
26409,77,48,24,53
26410,139,97,48,91
26411,77,48,24,53
26412,46,25,12,34
26413,46,24,12,34
26414,46,25,12,34
26415,77,48,24,53
26416,139,97,48,91
26417,46,24,12,34
26418,46,25,12,34
26419,46,24,12,34
26420,139,97,48,91
26421,139,96,48,91
26422,77,49,24,53
26423,77,48,24,53
26424,77,49,24,53
26425,126,86,43,83
26426,77,49,24,53
26427,46,24,12,34
26428,77,49,24,53
26429,77,48,24,53
26430,170,121,60,110
26431,170,120,60,110
26432,95,63,31,64
26433,139,96,48,91
26434,51,29,14,37
26435,51,28,14,37
26436,139,97,48,91
26437,139,96,48,91
26438,139,97,48,91
26439,77,48,24,53
26440,51,29,14,37
26441,51,28,14,37
26442,51,29,14,37
26443,139,96,48,91
26444,51,29,14,37
26445,51,28,14,37
26446,51,29,14,37
26447,51,28,14,37
26448,95,63,31,64
26449,51,28,14,37
26450,152,107,53,99
26451,152,106,53,99
26452,95,63,31,64
26453,95,62,31,64
26454,51,29,14,37
26455,51,28,14,37
26456,77,49,24,53
26457,139,96,48,91
26458,77,49,24,53
26459,77,48,24,53
26460,77,49,24,53
26461,77,48,24,53
26462,139,97,48,91
26463,139,96,48,91
26464,46,25,12,34
26465,51,28,14,37
26466,46,25,12,34
26467,46,24,12,34
26468,46,25,12,34
26469,46,24,12,34
26470,46,25,12,34
26471,276,202,101,175
26472,46,25,12,34
26473,139,96,48,91
26474,46,25,12,34
26475,170,120,60,110
26476,139,97,48,91
26477,139,96,48,91
26478,139,97,48,91
26479,152,106,53,99
26480,46,25,12,34
26481,46,24,12,34
26482,121,83,41,80
26483,121,82,41,80
26484,46,25,12,34
26485,46,24,12,34
26486,121,83,41,80
26487,121,82,41,80
26488,170,121,60,110
26489,126,86,43,83
26490,170,121,60,110
26491,51,28,14,37
26492,170,121,60,110
26493,170,120,60,110
26494,121,83,41,80
26495,121,82,41,80
26496,95,63,31,64
26497,51,28,14,37
26498,77,49,24,53
26499,77,48,24,53
26500,77,49,24,53
26501,77,48,24,53
26502,77,49,24,53
26503,77,48,24,53
26504,95,63,31,64
26505,170,120,60,110
26506,95,63,31,64
26507,77,48,24,53
26508,95,63,31,64
26509,95,62,31,64
26510,276,203,101,175
26511,276,202,101,175
26512,77,49,24,53
26513,77,48,24,53
26514,77,49,24,53
26515,77,48,24,53
26516,77,49,24,53
26517,77,48,24,53
26518,77,49,24,53
26519,77,48,24,53
26520,77,49,24,53
26521,77,48,24,53
26522,77,49,24,53
26523,121,82,41,80
26524,139,97,48,91
26525,139,96,48,91
26526,139,97,48,91
26527,121,82,41,80
26528,95,63,31,64
26529,77,48,24,53
26530,77,49,24,53
26531,77,48,24,53
26532,77,49,24,53
26533,77,48,24,53
26534,77,49,24,53
26535,77,48,24,53
26536,95,63,31,64
26537,152,106,53,99
26538,95,63,31,64
26539,170,120,60,110
26540,77,49,24,53
26541,77,48,24,53
26542,77,49,24,53
26543,77,48,24,53
26544,46,25,12,34
26545,95,62,31,64
26546,95,63,31,64
26547,95,62,31,64
26548,46,25,12,34
26549,46,24,12,34
26550,77,49,24,53
26551,77,48,24,53
26552,46,25,12,34
26553,77,48,24,53
26554,46,25,12,34
26555,77,48,24,53
26556,77,49,24,53
26557,77,48,24,53
26558,77,49,24,53
26559,77,48,24,53
26560,139,97,48,91
26561,46,24,12,34
26562,77,49,24,53
26563,77,48,24,53
26564,95,63,31,64
26565,95,62,31,64
26566,95,63,31,64
26567,77,48,24,53
26568,108,73,36,72
26569,77,48,24,53
26570,108,73,36,72
26571,108,72,36,72
26572,108,73,36,72
26573,108,72,36,72
26574,77,49,24,53
26575,77,48,24,53
26576,139,97,48,91
26577,108,72,36,72
26578,77,49,24,53
26579,77,48,24,53
26580,139,97,48,91
26581,139,96,48,91
26582,77,49,24,53
26583,77,48,24,53
26584,121,83,41,80
26585,95,62,31,64
26586,121,83,41,80
26587,77,48,24,53
26588,121,83,41,80
26589,121,82,41,80
26590,77,49,24,53
26591,77,48,24,53
26592,139,97,48,91
26593,121,82,41,80
26594,139,97,48,91
26595,139,96,48,91
26596,170,121,60,110
26597,170,120,60,110
26598,170,121,60,110
26599,77,48,24,53
26600,139,97,48,91
26601,214,154,77,137
26602,139,97,48,91
26603,108,72,36,72
26604,46,25,12,34
26605,46,24,12,34
26606,46,25,12,34
26607,170,120,60,110
26608,77,49,24,53
26609,139,96,48,91
26610,77,49,24,53
26611,77,48,24,53
26612,77,49,24,53
26613,77,48,24,53
26614,77,49,24,53
26615,77,48,24,53
26616,77,49,24,53
26617,77,48,24,53
26618,77,49,24,53
26619,77,48,24,53
26620,170,121,60,110
26621,170,120,60,110
26622,170,121,60,110
26623,307,226,113,194
26624,20,5,2,18
26625,214,154,77,137
26626,95,63,31,64
26627,95,62,31,64
26628,170,121,60,110
26629,170,120,60,110
26630,170,121,60,110
26631,95,62,31,64
26632,95,63,31,64
26633,170,120,60,110
26634,95,63,31,64
26635,170,120,60,110
26636,95,63,31,64
26637,95,62,31,64
26638,170,121,60,110
26639,170,120,60,110
26640,183,131,65,118
26641,95,62,31,64
26642,170,121,60,110
26643,170,120,60,110
26644,183,131,65,118
26645,183,130,65,118
26646,95,63,31,64
26647,95,62,31,64
26648,183,131,65,118
26649,77,48,24,53
26650,183,131,65,118
26651,77,48,24,53
26652,69,43,21,48
26653,69,42,21,48
26654,69,43,21,48
26655,77,48,24,53
26656,33,15,7,26
26657,69,42,21,48
26658,183,131,65,118
26659,183,130,65,118
26660,95,63,31,64
26661,95,62,31,64
26662,95,63,31,64
26663,69,42,21,48
26664,33,15,7,26
26665,69,42,21,48
26666,33,15,7,26
26667,170,120,60,110
26668,183,131,65,118
26669,183,130,65,118
26670,183,131,65,118
26671,77,48,24,53
26672,33,15,7,26
26673,69,42,21,48
26674,69,43,21,48
26675,69,42,21,48
26676,33,15,7,26
26677,33,14,7,26
26678,170,121,60,110
26679,170,120,60,110
26680,183,131,65,118
26681,183,130,65,118
26682,183,131,65,118
26683,121,82,41,80
26684,183,131,65,118
26685,183,130,65,118
26686,69,43,21,48
26687,69,42,21,48
26688,139,97,48,91
26689,170,120,60,110
26690,170,121,60,110
26691,170,120,60,110
26692,33,15,7,26
26693,33,14,7,26
26694,33,15,7,26
26695,170,120,60,110
26696,69,43,21,48
26697,214,154,77,137
26698,69,43,21,48
26699,33,14,7,26
26700,69,43,21,48
26701,69,42,21,48
26702,69,43,21,48
26703,69,42,21,48
26704,139,97,48,91
26705,69,42,21,48
26706,69,43,21,48
26707,69,42,21,48
26708,139,97,48,91
26709,139,96,48,91
26710,95,63,31,64
26711,95,62,31,64
26712,95,63,31,64
26713,95,62,31,64
26714,95,63,31,64
26715,121,82,41,80
26716,95,63,31,64
26717,95,62,31,64
26718,69,43,21,48
26719,69,42,21,48
26720,139,97,48,91
26721,214,154,77,137
26722,95,63,31,64
26723,95,62,31,64
26724,95,63,31,64
26725,95,62,31,64
26726,95,63,31,64
26727,69,42,21,48
26728,139,97,48,91
26729,69,42,21,48
26730,139,97,48,91
26731,77,48,24,53
26732,95,63,31,64
26733,95,62,31,64
26734,95,63,31,64
26735,170,120,60,110
26736,46,25,12,34
26737,139,96,48,91
26738,95,63,31,64
26739,95,62,31,64
26740,46,25,12,34
26741,46,24,12,34
26742,51,29,14,37
26743,51,28,14,37
26744,46,25,12,34
26745,121,82,41,80
26746,46,25,12,34
26747,51,28,14,37
26748,51,29,14,37
26749,51,28,14,37
26750,51,29,14,37
26751,121,82,41,80
26752,46,25,12,34
26753,95,62,31,64
26754,46,25,12,34
26755,46,24,12,34
26756,46,25,12,34
26757,46,24,12,34
26758,46,25,12,34
26759,214,154,77,137
26760,139,97,48,91
26761,51,28,14,37
26762,139,97,48,91
26763,157,110,55,102
26764,139,97,48,91
26765,139,96,48,91
26766,95,63,31,64
26767,95,62,31,64
26768,95,63,31,64
26769,69,42,21,48
26770,69,43,21,48
26771,69,42,21,48
26772,95,63,31,64
26773,95,62,31,64
26774,139,97,48,91
26775,139,96,48,91
26776,95,63,31,64
26777,69,42,21,48
26778,95,63,31,64
26779,77,48,24,53
26780,46,25,12,34
26781,46,24,12,34
26782,46,25,12,34
26783,121,82,41,80
26784,46,25,12,34
26785,121,82,41,80
26786,95,63,31,64
26787,95,62,31,64
26788,95,63,31,64
26789,95,62,31,64
26790,95,63,31,64
26791,69,42,21,48
26792,46,25,12,34
26793,245,178,89,156
26794,46,25,12,34
26795,95,62,31,64
26796,139,97,48,91
26797,139,96,48,91
26798,139,97,48,91
26799,95,62,31,64
26800,139,97,48,91
26801,121,82,41,80
26802,121,83,41,80
26803,121,82,41,80
26804,139,97,48,91
26805,139,96,48,91
26806,108,73,36,72
26807,108,72,36,72
26808,139,97,48,91
26809,121,82,41,80
26810,139,97,48,91
26811,95,62,31,64
26812,95,63,31,64
26813,95,62,31,64
26814,95,63,31,64
26815,95,62,31,64
26816,46,25,12,34
26817,121,82,41,80
26818,121,83,41,80
26819,121,82,41,80
26820,46,25,12,34
26821,46,24,12,34
26822,46,25,12,34
26823,152,106,53,99
26824,46,25,12,34
26825,139,96,48,91
26826,46,25,12,34
26827,77,48,24,53
26828,46,25,12,34
26829,46,24,12,34
26830,152,107,53,99
26831,152,106,53,99
26832,46,25,12,34
26833,121,82,41,80
26834,121,83,41,80
26835,121,82,41,80
26836,46,25,12,34
26837,46,24,12,34
26838,121,83,41,80
26839,121,82,41,80
26840,95,63,31,64
26841,46,24,12,34
26842,95,63,31,64
26843,121,82,41,80
26844,95,63,31,64
26845,95,62,31,64
26846,214,155,77,137
26847,214,154,77,137
26848,90,59,29,61
26849,121,82,41,80
26850,46,25,12,34
26851,46,24,12,34
26852,139,97,48,91
26853,139,96,48,91
26854,139,97,48,91
26855,95,62,31,64
26856,90,59,29,61
26857,95,62,31,64
26858,90,59,29,61
26859,95,62,31,64
26860,139,97,48,91
26861,139,96,48,91
26862,139,97,48,91
26863,183,130,65,118
26864,90,59,29,61
26865,90,58,29,61
26866,95,63,31,64
26867,95,62,31,64
26868,90,59,29,61
26869,90,58,29,61
26870,95,63,31,64
26871,95,62,31,64
26872,139,97,48,91
26873,95,62,31,64
26874,139,97,48,91
26875,126,86,43,83
26876,139,97,48,91
26877,139,96,48,91
26878,245,179,89,156
26879,245,178,89,156
26880,46,25,12,34
26881,90,58,29,61
26882,90,59,29,61
26883,90,58,29,61
26884,46,25,12,34
26885,46,24,12,34
26886,46,25,12,34
26887,90,58,29,61
26888,46,25,12,34
26889,90,58,29,61
26890,46,25,12,34
26891,90,58,29,61
26892,46,25,12,34
26893,46,24,12,34
26894,214,155,77,137
26895,214,154,77,137
26896,46,25,12,34
26897,46,24,12,34
26898,227,165,82,145
26899,227,164,82,145
26900,46,25,12,34
26901,46,24,12,34
26902,139,97,48,91
26903,139,96,48,91
26904,46,25,12,34
26905,139,96,48,91
26906,46,25,12,34
26907,108,72,36,72
26908,51,29,14,37
26909,51,28,14,37
26910,51,29,14,37
26911,170,120,60,110
26912,46,25,12,34
26913,139,96,48,91
26914,139,97,48,91
26915,139,96,48,91
26916,139,97,48,91
26917,139,96,48,91
26918,139,97,48,91
26919,51,28,14,37
26920,46,25,12,34
26921,152,106,53,99
26922,46,25,12,34
26923,170,120,60,110
26924,46,25,12,34
26925,46,24,12,34
26926,46,25,12,34
26927,139,96,48,91
26928,46,25,12,34
26929,90,58,29,61
26930,90,59,29,61
26931,90,58,29,61
26932,46,25,12,34
26933,46,24,12,34
26934,90,59,29,61
26935,90,58,29,61
26936,90,59,29,61
26937,139,96,48,91
26938,90,59,29,61
26939,90,58,29,61
26940,90,59,29,61
26941,90,58,29,61
26942,90,59,29,61
26943,90,58,29,61
26944,46,25,12,34
26945,46,24,12,34
26946,139,97,48,91
26947,139,96,48,91
26948,183,131,65,118
26949,183,130,65,118
26950,183,131,65,118
26951,183,130,65,118
26952,183,131,65,118
26953,90,58,29,61
26954,183,131,65,118
26955,183,130,65,118
26956,183,131,65,118
26957,183,130,65,118
26958,90,59,29,61
26959,90,58,29,61
26960,46,25,12,34
26961,90,58,29,61
26962,90,59,29,61
26963,90,58,29,61
26964,46,25,12,34
26965,46,24,12,34
26966,46,25,12,34
26967,46,24,12,34
26968,77,49,24,53
26969,139,96,48,91
26970,77,49,24,53
26971,183,130,65,118
26972,77,49,24,53
26973,77,48,24,53
26974,139,97,48,91
26975,139,96,48,91
26976,46,25,12,34
26977,214,154,77,137
26978,77,49,24,53
26979,77,48,24,53
26980,77,49,24,53
26981,77,48,24,53
26982,77,49,24,53
26983,90,58,29,61
26984,46,25,12,34
26985,77,48,24,53
26986,46,25,12,34
26987,139,96,48,91
26988,183,131,65,118
26989,183,130,65,118
26990,183,131,65,118
26991,77,48,24,53
26992,46,25,12,34
26993,46,24,12,34
26994,183,131,65,118
26995,183,130,65,118
26996,46,25,12,34
26997,46,24,12,34
26998,183,131,65,118
26999,183,130,65,118
27000,139,97,48,91
27001,214,154,77,137
27002,139,97,48,91
27003,90,58,29,61
27004,139,97,48,91
27005,139,96,48,91
27006,175,125,62,113
27007,175,124,62,113
27008,46,25,12,34
27009,77,48,24,53
27010,77,49,24,53
27011,77,48,24,53
27012,77,49,24,53
27013,77,48,24,53
27014,77,49,24,53
27015,77,48,24,53
27016,38,19,9,29
27017,64,38,19,45
27018,38,19,9,29
27019,64,38,19,45
27020,38,19,9,29
27021,38,18,9,29
27022,77,49,24,53
27023,77,48,24,53
27024,38,19,9,29
27025,38,18,9,29
27026,38,19,9,29
27027,38,18,9,29
27028,38,19,9,29
27029,38,18,9,29
27030,38,19,9,29
27031,38,18,9,29
27032,38,19,9,29
27033,38,18,9,29
27034,38,19,9,29
27035,90,58,29,61
27036,64,39,19,45
27037,64,38,19,45
27038,64,39,19,45
27039,64,38,19,45
27040,46,25,12,34
27041,77,48,24,53
27042,90,59,29,61
27043,90,58,29,61
27044,90,59,29,61
27045,90,58,29,61
27046,90,59,29,61
27047,90,58,29,61
27048,46,25,12,34
27049,121,82,41,80
27050,46,25,12,34
27051,90,58,29,61
27052,38,19,9,29
27053,38,18,9,29
27054,38,19,9,29
27055,175,124,62,113
27056,139,97,48,91
27057,38,18,9,29
27058,38,19,9,29
27059,38,18,9,29
27060,139,97,48,91
27061,139,96,48,91
27062,139,97,48,91
27063,139,96,48,91
27064,139,97,48,91
27065,38,18,9,29
27066,139,97,48,91
27067,90,58,29,61
27068,152,107,53,99
27069,152,106,53,99
27070,152,107,53,99
27071,95,62,31,64
27072,38,19,9,29
27073,139,96,48,91
27074,64,39,19,45
27075,64,38,19,45
27076,46,25,12,34
27077,46,24,12,34
27078,46,25,12,34
27079,152,106,53,99
27080,183,131,65,118
27081,90,58,29,61
27082,183,131,65,118
27083,183,130,65,118
27084,183,131,65,118
27085,183,130,65,118
27086,95,63,31,64
27087,95,62,31,64
27088,38,19,9,29
27089,183,130,65,118
27090,183,131,65,118
27091,183,130,65,118
27092,38,19,9,29
27093,38,18,9,29
27094,183,131,65,118
27095,183,130,65,118
27096,46,25,12,34
27097,46,24,12,34
27098,46,25,12,34
27099,139,96,48,91
27100,46,25,12,34
27101,46,24,12,34
27102,245,179,89,156
27103,245,178,89,156
27104,38,19,9,29
27105,77,48,24,53
27106,38,19,9,29
27107,38,18,9,29
27108,90,59,29,61
27109,90,58,29,61
27110,90,59,29,61
27111,183,130,65,118
27112,38,19,9,29
27113,183,130,65,118
27114,38,19,9,29
27115,64,38,19,45
27116,90,59,29,61
27117,90,58,29,61
27118,90,59,29,61
27119,183,130,65,118
27120,183,131,65,118
27121,38,18,9,29
27122,90,59,29,61
27123,90,58,29,61
27124,183,131,65,118
27125,183,130,65,118
27126,90,59,29,61
27127,90,58,29,61
27128,183,131,65,118
27129,77,48,24,53
27130,183,131,65,118
27131,90,58,29,61
27132,183,131,65,118
27133,183,130,65,118
27134,183,131,65,118
27135,258,188,94,164
27136,20,5,2,18
27137,139,96,48,91
27138,38,19,9,29
27139,38,18,9,29
27140,90,59,29,61
27141,90,58,29,61
27142,90,59,29,61
27143,139,96,48,91
27144,46,25,12,34
27145,38,18,9,29
27146,46,25,12,34
27147,90,58,29,61
27148,46,25,12,34
27149,46,24,12,34
27150,90,59,29,61
27151,90,58,29,61
27152,38,19,9,29
27153,46,24,12,34
27154,90,59,29,61
27155,90,58,29,61
27156,38,19,9,29
27157,38,18,9,29
27158,38,19,9,29
27159,38,18,9,29
27160,38,19,9,29
27161,38,18,9,29
27162,38,19,9,29
27163,38,18,9,29
27164,38,19,9,29
27165,38,18,9,29
27166,38,19,9,29
27167,38,18,9,29
27168,64,39,19,45
27169,38,18,9,29
27170,38,19,9,29
27171,38,18,9,29
27172,77,49,24,53
27173,77,48,24,53
27174,77,49,24,53
27175,77,48,24,53
27176,64,39,19,45
27177,201,144,72,129
27178,64,39,19,45
27179,38,18,9,29
27180,38,19,9,29
27181,38,18,9,29
27182,38,19,9,29
27183,90,58,29,61
27184,64,39,19,45
27185,183,130,65,118
27186,183,131,65,118
27187,183,130,65,118
27188,64,39,19,45
27189,64,38,19,45
27190,90,59,29,61
27191,90,58,29,61
27192,121,83,41,80
27193,90,58,29,61
27194,121,83,41,80
27195,121,82,41,80
27196,121,83,41,80
27197,121,82,41,80
27198,121,83,41,80
27199,121,82,41,80
27200,64,39,19,45
27201,46,24,12,34
27202,46,25,12,34
27203,46,24,12,34
27204,90,59,29,61
27205,90,58,29,61
27206,90,59,29,61
27207,38,18,9,29
27208,90,59,29,61
27209,183,130,65,118
27210,90,59,29,61
27211,90,58,29,61
27212,90,59,29,61
27213,90,58,29,61
27214,90,59,29,61
27215,90,58,29,61
27216,64,39,19,45
27217,90,58,29,61
27218,90,59,29,61
27219,90,58,29,61
27220,64,39,19,45
27221,64,38,19,45
27222,90,59,29,61
27223,90,58,29,61
27224,64,39,19,45
27225,90,58,29,61
27226,64,39,19,45
27227,183,130,65,118
27228,64,39,19,45
27229,64,38,19,45
27230,90,59,29,61
27231,90,58,29,61
27232,64,39,19,45
27233,183,130,65,118
27234,183,131,65,118
27235,183,130,65,118
27236,183,131,65,118
27237,183,130,65,118
27238,183,131,65,118
27239,95,62,31,64
27240,64,39,19,45
27241,152,106,53,99
27242,64,39,19,45
27243,38,18,9,29
27244,95,63,31,64
27245,95,62,31,64
27246,95,63,31,64
27247,214,154,77,137
27248,64,39,19,45
27249,64,38,19,45
27250,90,59,29,61
27251,90,58,29,61
27252,64,39,19,45
27253,64,38,19,45
27254,64,39,19,45
27255,64,38,19,45
27256,64,39,19,45
27257,152,106,53,99
27258,64,39,19,45
27259,64,38,19,45
27260,183,131,65,118
27261,183,130,65,118
27262,183,131,65,118
27263,95,62,31,64
27264,20,5,2,18
27265,245,178,89,156
27266,64,39,19,45
27267,64,38,19,45
27268,139,97,48,91
27269,139,96,48,91
27270,139,97,48,91
27271,64,38,19,45
27272,139,97,48,91
27273,38,18,9,29
27274,139,97,48,91
27275,139,96,48,91
27276,139,97,48,91
27277,139,96,48,91
27278,77,49,24,53
27279,77,48,24,53
27280,139,97,48,91
27281,64,38,19,45
27282,64,39,19,45
27283,64,38,19,45
27284,139,97,48,91
27285,139,96,48,91
27286,139,97,48,91
27287,139,96,48,91
27288,139,97,48,91
27289,183,130,65,118
27290,139,97,48,91
27291,183,130,65,118
27292,121,83,41,80
27293,121,82,41,80
27294,121,83,41,80
27295,77,48,24,53
27296,20,5,2,18
27297,139,96,48,91
27298,121,83,41,80
27299,121,82,41,80
27300,121,83,41,80
27301,121,82,41,80
27302,121,83,41,80
27303,183,130,65,118
27304,20,5,2,18
27305,245,178,89,156
27306,20,5,2,18
27307,183,130,65,118
27308,183,131,65,118
27309,183,130,65,118
27310,183,131,65,118
27311,183,130,65,118
27312,152,107,53,99
27313,46,24,12,34
27314,46,25,12,34
27315,46,24,12,34
27316,152,107,53,99
27317,152,106,53,99
27318,183,131,65,118
27319,183,130,65,118
27320,152,107,53,99
27321,46,24,12,34
27322,152,107,53,99
27323,108,72,36,72
27324,46,25,12,34
27325,46,24,12,34
27326,46,25,12,34
27327,170,120,60,110
27328,59,35,17,42
27329,152,106,53,99
27330,64,39,19,45
27331,64,38,19,45
27332,59,35,17,42
27333,59,34,17,42
27334,59,35,17,42
27335,64,38,19,45
27336,59,35,17,42
27337,152,106,53,99
27338,59,35,17,42
27339,64,38,19,45
27340,59,35,17,42
27341,59,34,17,42
27342,121,83,41,80
27343,121,82,41,80
27344,59,35,17,42
27345,152,106,53,99
27346,152,107,53,99
27347,152,106,53,99
27348,59,35,17,42
27349,59,34,17,42
27350,183,131,65,118
27351,183,130,65,118
27352,152,107,53,99
27353,59,34,17,42
27354,152,107,53,99
27355,121,82,41,80
27356,152,107,53,99
27357,152,106,53,99
27358,64,39,19,45
27359,64,38,19,45
27360,59,35,17,42
27361,183,130,65,118
27362,59,35,17,42
27363,59,34,17,42
27364,59,35,17,42
27365,59,34,17,42
27366,59,35,17,42
27367,144,100,50,94
27368,59,35,17,42
27369,214,154,77,137
27370,59,35,17,42
27371,183,130,65,118
27372,139,97,48,91
27373,139,96,48,91
27374,139,97,48,91
27375,64,38,19,45
27376,152,107,53,99
27377,59,34,17,42
27378,152,107,53,99
27379,152,106,53,99
27380,152,107,53,99
27381,152,106,53,99
27382,152,107,53,99
27383,152,106,53,99
27384,152,107,53,99
27385,152,106,53,99
27386,152,107,53,99
27387,183,130,65,118
27388,64,39,19,45
27389,64,38,19,45
27390,64,39,19,45
27391,183,130,65,118
27392,108,73,36,72
27393,152,106,53,99
27394,152,107,53,99
27395,152,106,53,99
27396,59,35,17,42
27397,59,34,17,42
27398,59,35,17,42
27399,139,96,48,91
27400,59,35,17,42
27401,77,48,24,53
27402,59,35,17,42
27403,77,48,24,53
27404,59,35,17,42
27405,59,34,17,42
27406,59,35,17,42
27407,59,34,17,42
27408,33,15,7,26
27409,59,34,17,42
27410,152,107,53,99
27411,152,106,53,99
27412,33,15,7,26
27413,33,14,7,26
27414,59,35,17,42
27415,59,34,17,42
27416,33,15,7,26
27417,139,96,48,91
27418,33,15,7,26
27419,170,120,60,110
27420,90,59,29,61
27421,90,58,29,61
27422,90,59,29,61
27423,139,96,48,91
27424,33,15,7,26
27425,90,58,29,61
27426,59,35,17,42
27427,59,34,17,42
27428,59,35,17,42
27429,59,34,17,42
27430,59,35,17,42
27431,183,130,65,118
27432,33,15,7,26
27433,152,106,53,99
27434,33,15,7,26
27435,90,58,29,61
27436,64,39,19,45
27437,64,38,19,45
27438,64,39,19,45
27439,90,58,29,61
27440,33,15,7,26
27441,64,38,19,45
27442,64,39,19,45
27443,64,38,19,45
27444,33,15,7,26
27445,33,14,7,26
27446,59,35,17,42
27447,59,34,17,42
27448,121,83,41,80
27449,152,106,53,99
27450,121,83,41,80
27451,64,38,19,45
27452,121,83,41,80
27453,121,82,41,80
27454,90,59,29,61
27455,90,58,29,61
27456,108,73,36,72
27457,33,14,7,26
27458,59,35,17,42
27459,59,34,17,42
27460,152,107,53,99
27461,152,106,53,99
27462,152,107,53,99
27463,152,106,53,99
27464,152,107,53,99
27465,64,38,19,45
27466,152,107,53,99
27467,152,106,53,99
27468,152,107,53,99
27469,152,106,53,99
27470,64,39,19,45
27471,64,38,19,45
27472,108,73,36,72
27473,95,62,31,64
27474,95,63,31,64
27475,95,62,31,64
27476,108,73,36,72
27477,108,72,36,72
27478,196,141,70,126
27479,196,140,70,126
27480,152,107,53,99
27481,152,106,53,99
27482,152,107,53,99
27483,196,140,70,126
27484,152,107,53,99
27485,152,106,53,99
27486,214,155,77,137
27487,214,154,77,137
27488,152,107,53,99
27489,139,96,48,91
27490,33,15,7,26
27491,33,14,7,26
27492,33,15,7,26
27493,33,14,7,26
27494,33,15,7,26
27495,214,154,77,137
27496,152,107,53,99
27497,90,58,29,61
27498,152,107,53,99
27499,90,58,29,61
27500,90,59,29,61
27501,90,58,29,61
27502,90,59,29,61
27503,90,58,29,61
27504,152,107,53,99
27505,152,106,53,99
27506,33,15,7,26
27507,33,14,7,26
27508,152,107,53,99
27509,152,106,53,99
27510,183,131,65,118
27511,183,130,65,118
27512,152,107,53,99
27513,183,130,65,118
27514,152,107,53,99
27515,165,116,58,107
27516,152,107,53,99
27517,152,106,53,99
27518,121,83,41,80
27519,121,82,41,80
27520,108,73,36,72
27521,152,106,53,99
27522,152,107,53,99
27523,152,106,53,99
27524,121,83,41,80
27525,121,82,41,80
27526,121,83,41,80
27527,152,106,53,99
27528,108,73,36,72
27529,165,116,58,107
27530,108,73,36,72
27531,121,82,41,80
27532,108,73,36,72
27533,108,72,36,72
27534,152,107,53,99
27535,152,106,53,99
27536,59,35,17,42
27537,59,34,17,42
27538,59,35,17,42
27539,59,34,17,42
27540,59,35,17,42
27541,59,34,17,42
27542,59,35,17,42
27543,59,34,17,42
27544,59,35,17,42
27545,59,34,17,42
27546,59,35,17,42
27547,121,82,41,80
27548,170,121,60,110
27549,170,120,60,110
27550,170,121,60,110
27551,121,82,41,80
27552,108,73,36,72
27553,183,130,65,118
27554,59,35,17,42
27555,59,34,17,42
27556,183,131,65,118
27557,183,130,65,118
27558,183,131,65,118
27559,139,96,48,91
27560,108,73,36,72
27561,139,96,48,91
27562,108,73,36,72
27563,59,34,17,42
27564,152,107,53,99
27565,152,106,53,99
27566,152,107,53,99
27567,152,106,53,99
27568,59,35,17,42
27569,59,34,17,42
27570,59,35,17,42
27571,59,34,17,42
27572,59,35,17,42
27573,59,34,17,42
27574,59,35,17,42
27575,59,34,17,42
27576,59,35,17,42
27577,152,106,53,99
27578,59,35,17,42
27579,152,106,53,99
27580,90,59,29,61
27581,90,58,29,61
27582,90,59,29,61
27583,183,130,65,118
27584,46,25,12,34
27585,152,106,53,99
27586,152,107,53,99
27587,152,106,53,99
27588,108,73,36,72
27589,108,72,36,72
27590,108,73,36,72
27591,90,58,29,61
27592,152,107,53,99
27593,139,96,48,91
27594,152,107,53,99
27595,152,106,53,99
27596,152,107,53,99
27597,152,106,53,99
27598,64,39,19,45
27599,64,38,19,45
27600,46,25,12,34
27601,152,106,53,99
27602,121,83,41,80
27603,121,82,41,80
27604,46,25,12,34
27605,46,24,12,34
27606,152,107,53,99
27607,152,106,53,99
27608,59,35,17,42
27609,108,72,36,72
27610,59,35,17,42
27611,152,106,53,99
27612,59,35,17,42
27613,59,34,17,42
27614,64,39,19,45
27615,64,38,19,45
27616,46,25,12,34
27617,121,82,41,80
27618,46,25,12,34
27619,46,24,12,34
27620,121,83,41,80
27621,121,82,41,80
27622,121,83,41,80
27623,64,38,19,45
27624,46,25,12,34
27625,64,38,19,45
27626,46,25,12,34
27627,59,34,17,42
27628,121,83,41,80
27629,121,82,41,80
27630,121,83,41,80
27631,64,38,19,45
27632,59,35,17,42
27633,46,24,12,34
27634,121,83,41,80
27635,121,82,41,80
27636,59,35,17,42
27637,59,34,17,42
27638,64,39,19,45
27639,64,38,19,45
27640,59,35,17,42
27641,165,116,58,107
27642,59,35,17,42
27643,152,106,53,99
27644,152,107,53,99
27645,152,106,53,99
27646,152,107,53,99
27647,152,106,53,99
27648,121,83,41,80
27649,90,58,29,61
27650,90,59,29,61
27651,90,58,29,61
27652,46,25,12,34
27653,46,24,12,34
27654,46,25,12,34
27655,90,58,29,61
27656,46,25,12,34
27657,64,38,19,45
27658,46,25,12,34
27659,46,24,12,34
27660,46,25,12,34
27661,46,24,12,34
27662,90,59,29,61
27663,90,58,29,61
27664,108,73,36,72
27665,46,24,12,34
27666,90,59,29,61
27667,90,58,29,61
27668,108,73,36,72
27669,108,72,36,72
27670,46,25,12,34
27671,46,24,12,34
27672,108,73,36,72
27673,90,58,29,61
27674,108,73,36,72
27675,139,96,48,91
27676,227,165,82,145
27677,227,164,82,145
27678,227,165,82,145
27679,90,58,29,61
27680,152,107,53,99
27681,227,164,82,145
27682,108,73,36,72
27683,108,72,36,72
27684,77,49,24,53
27685,77,48,24,53
27686,77,49,24,53
27687,46,24,12,34
27688,152,107,53,99
27689,77,48,24,53
27690,152,107,53,99
27691,90,58,29,61
27692,90,59,29,61
27693,90,58,29,61
27694,90,59,29,61
27695,59,34,17,42
27696,152,107,53,99
27697,90,58,29,61
27698,90,59,29,61
27699,90,58,29,61
27700,152,107,53,99
27701,152,106,53,99
27702,77,49,24,53
27703,77,48,24,53
27704,108,73,36,72
27705,90,58,29,61
27706,108,73,36,72
27707,90,58,29,61
27708,108,73,36,72
27709,108,72,36,72
27710,90,59,29,61
27711,90,58,29,61
27712,33,15,7,26
27713,152,106,53,99
27714,152,107,53,99
27715,152,106,53,99
27716,152,107,53,99
27717,152,106,53,99
27718,152,107,53,99
27719,90,58,29,61
27720,152,107,53,99
27721,90,58,29,61
27722,152,107,53,99
27723,152,106,53,99
27724,152,107,53,99
27725,152,106,53,99
27726,152,107,53,99
27727,152,106,53,99
27728,33,15,7,26
27729,152,106,53,99
27730,90,59,29,61
27731,90,58,29,61
27732,33,15,7,26
27733,33,14,7,26
27734,152,107,53,99
27735,152,106,53,99
27736,152,107,53,99
27737,152,106,53,99
27738,152,107,53,99
27739,183,130,65,118
27740,152,107,53,99
27741,152,106,53,99
27742,183,131,65,118
27743,183,130,65,118
27744,33,15,7,26
27745,152,106,53,99
27746,183,131,65,118
27747,183,130,65,118
27748,183,131,65,118
27749,183,130,65,118
27750,183,131,65,118
27751,139,96,48,91
27752,33,15,7,26
27753,113,76,38,75
27754,33,15,7,26
27755,183,130,65,118
27756,90,59,29,61
27757,90,58,29,61
27758,90,59,29,61
27759,183,130,65,118
27760,108,73,36,72
27761,33,14,7,26
27762,152,107,53,99
27763,152,106,53,99
27764,108,73,36,72
27765,108,72,36,72
27766,152,107,53,99
27767,152,106,53,99
27768,108,73,36,72
27769,152,106,53,99
27770,108,73,36,72
27771,152,106,53,99
27772,258,189,94,164
27773,258,188,94,164
27774,258,189,94,164
27775,183,130,65,118
27776,33,15,7,26
27777,152,106,53,99
27778,46,25,12,34
27779,46,24,12,34
27780,46,25,12,34
27781,46,24,12,34
27782,46,25,12,34
27783,139,96,48,91
27784,108,73,36,72
27785,139,96,48,91
27786,108,73,36,72
27787,139,96,48,91
27788,108,73,36,72
27789,108,72,36,72
27790,139,97,48,91
27791,139,96,48,91
27792,108,73,36,72
27793,139,96,48,91
27794,139,97,48,91
27795,139,96,48,91
27796,108,73,36,72
27797,108,72,36,72
27798,108,73,36,72
27799,108,72,36,72
27800,108,73,36,72
27801,46,24,12,34
27802,108,73,36,72
27803,90,58,29,61
27804,113,77,38,75
27805,113,76,38,75
27806,113,77,38,75
27807,258,188,94,164
27808,33,15,7,26
27809,152,106,53,99
27810,90,59,29,61
27811,90,58,29,61
27812,90,59,29,61
27813,90,58,29,61
27814,90,59,29,61
27815,165,116,58,107
27816,33,15,7,26
27817,90,58,29,61
27818,33,15,7,26
27819,152,106,53,99
27820,152,107,53,99
27821,152,106,53,99
27822,152,107,53,99
27823,90,58,29,61
27824,59,35,17,42
27825,152,106,53,99
27826,152,107,53,99
27827,152,106,53,99
27828,59,35,17,42
27829,59,34,17,42
27830,59,35,17,42
27831,59,34,17,42
27832,59,35,17,42
27833,90,58,29,61
27834,59,35,17,42
27835,90,58,29,61
27836,90,59,29,61
27837,90,58,29,61
27838,90,59,29,61
27839,139,96,48,91
27840,33,15,7,26
27841,108,72,36,72
27842,108,73,36,72
27843,108,72,36,72
27844,59,35,17,42
27845,59,34,17,42
27846,59,35,17,42
27847,64,38,19,45
27848,59,35,17,42
27849,64,38,19,45
27850,59,35,17,42
27851,64,38,19,45
27852,59,35,17,42
27853,59,34,17,42
27854,64,39,19,45
27855,64,38,19,45
27856,33,15,7,26
27857,64,38,19,45
27858,64,39,19,45
27859,64,38,19,45
27860,33,15,7,26
27861,33,14,7,26
27862,165,117,58,107
27863,165,116,58,107
27864,90,59,29,61
27865,90,58,29,61
27866,90,59,29,61
27867,108,72,36,72
27868,90,59,29,61
27869,90,58,29,61
27870,152,107,53,99
27871,152,106,53,99
27872,183,131,65,118
27873,90,58,29,61
27874,33,15,7,26
27875,33,14,7,26
27876,59,35,17,42
27877,59,34,17,42
27878,59,35,17,42
27879,134,92,46,88
27880,183,131,65,118
27881,59,34,17,42
27882,183,131,65,118
27883,90,58,29,61
27884,59,35,17,42
27885,59,34,17,42
27886,59,35,17,42
27887,152,106,53,99
27888,183,131,65,118
27889,183,130,65,118
27890,152,107,53,99
27891,152,106,53,99
27892,183,131,65,118
27893,183,130,65,118
27894,59,35,17,42
27895,59,34,17,42
27896,134,93,46,88
27897,134,92,46,88
27898,134,93,46,88
27899,258,188,94,164
27900,134,93,46,88
27901,134,92,46,88
27902,90,59,29,61
27903,90,58,29,61
27904,121,83,41,80
27905,183,130,65,118
27906,134,93,46,88
27907,134,92,46,88
27908,33,15,7,26
27909,33,14,7,26
27910,33,15,7,26
27911,134,92,46,88
27912,90,59,29,61
27913,64,38,19,45
27914,90,59,29,61
27915,90,58,29,61
27916,90,59,29,61
27917,90,58,29,61
27918,108,73,36,72
27919,108,72,36,72
27920,152,107,53,99
27921,90,58,29,61
27922,90,59,29,61
27923,90,58,29,61
27924,152,107,53,99
27925,152,106,53,99
27926,90,59,29,61
27927,90,58,29,61
27928,152,107,53,99
27929,90,58,29,61
27930,152,107,53,99
27931,113,76,38,75
27932,90,59,29,61
27933,90,58,29,61
27934,90,59,29,61
27935,90,58,29,61
27936,152,107,53,99
27937,108,72,36,72
27938,108,73,36,72
27939,108,72,36,72
27940,108,73,36,72
27941,108,72,36,72
27942,108,73,36,72
27943,152,106,53,99
27944,152,107,53,99
27945,134,92,46,88
27946,152,107,53,99
27947,90,58,29,61
27948,152,107,53,99
27949,152,106,53,99
27950,152,107,53,99
27951,90,58,29,61
27952,152,107,53,99
27953,90,58,29,61
27954,90,59,29,61
27955,90,58,29,61
27956,152,107,53,99
27957,152,106,53,99
27958,90,59,29,61
27959,90,58,29,61
27960,59,35,17,42
27961,90,58,29,61
27962,59,35,17,42
27963,152,106,53,99
27964,59,35,17,42
27965,59,34,17,42
27966,95,63,31,64
27967,95,62,31,64
27968,121,83,41,80
27969,152,106,53,99
27970,59,35,17,42
27971,59,34,17,42
27972,108,73,36,72
27973,108,72,36,72
27974,108,73,36,72
27975,90,58,29,61
27976,108,73,36,72
27977,90,58,29,61
27978,108,73,36,72
27979,108,72,36,72
27980,108,73,36,72
27981,108,72,36,72
27982,90,59,29,61
27983,90,58,29,61
27984,121,83,41,80
27985,90,58,29,61
27986,90,59,29,61
27987,90,58,29,61
27988,121,83,41,80
27989,121,82,41,80
27990,121,83,41,80
27991,121,82,41,80
27992,134,93,46,88
27993,152,106,53,99
27994,134,93,46,88
27995,90,58,29,61
27996,134,93,46,88
27997,134,92,46,88
27998,90,59,29,61
27999,90,58,29,61
28000,33,15,7,26
28001,152,106,53,99
28002,33,15,7,26
28003,33,14,7,26
28004,33,15,7,26
28005,33,14,7,26
28006,33,15,7,26
28007,183,130,65,118
28008,33,15,7,26
28009,134,92,46,88
28010,33,15,7,26
28011,90,58,29,61
28012,152,107,53,99
28013,152,106,53,99
28014,152,107,53,99
28015,134,92,46,88
28016,33,15,7,26
28017,33,14,7,26
28018,152,107,53,99
28019,152,106,53,99
28020,33,15,7,26
28021,33,14,7,26
28022,152,107,53,99
28023,152,106,53,99
28024,90,59,29,61
28025,121,82,41,80
28026,90,59,29,61
28027,59,34,17,42
28028,90,59,29,61
28029,90,58,29,61
28030,59,35,17,42
28031,59,34,17,42
28032,59,35,17,42
28033,90,58,29,61
28034,33,15,7,26
28035,33,14,7,26
28036,183,131,65,118
28037,183,130,65,118
28038,183,131,65,118
28039,33,14,7,26
28040,59,35,17,42
28041,90,58,29,61
28042,59,35,17,42
28043,183,130,65,118
28044,59,35,17,42
28045,59,34,17,42
28046,33,15,7,26
28047,33,14,7,26
28048,59,35,17,42
28049,108,72,36,72
28050,108,73,36,72
28051,108,72,36,72
28052,59,35,17,42
28053,59,34,17,42
28054,108,73,36,72
28055,108,72,36,72
28056,59,35,17,42
28057,108,72,36,72
28058,59,35,17,42
28059,183,130,65,118
28060,183,131,65,118
28061,183,130,65,118
28062,183,131,65,118
28063,183,130,65,118
28064,59,35,17,42
28065,183,130,65,118
28066,196,141,70,126
28067,196,140,70,126
28068,196,141,70,126
28069,196,140,70,126
28070,196,141,70,126
28071,108,72,36,72
28072,59,35,17,42
28073,90,58,29,61
28074,59,35,17,42
28075,90,58,29,61
28076,46,25,12,34
28077,46,24,12,34
28078,46,25,12,34
28079,82,52,26,56
28080,46,25,12,34
28081,46,24,12,34
28082,46,25,12,34
28083,46,24,12,34
28084,46,25,12,34
28085,46,24,12,34
28086,108,73,36,72
28087,108,72,36,72
28088,46,25,12,34
28089,46,24,12,34
28090,46,25,12,34
28091,46,24,12,34
28092,196,141,70,126
28093,196,140,70,126
28094,196,141,70,126
28095,108,72,36,72
28096,59,35,17,42
28097,82,52,26,56
28098,82,53,26,56
28099,82,52,26,56
28100,59,35,17,42
28101,59,34,17,42
28102,59,35,17,42
28103,46,24,12,34
28104,59,35,17,42
28105,196,140,70,126
28106,59,35,17,42
28107,196,140,70,126
28108,59,35,17,42
28109,59,34,17,42
28110,90,59,29,61
28111,90,58,29,61
28112,59,35,17,42
28113,59,34,17,42
28114,183,131,65,118
28115,183,130,65,118
28116,59,35,17,42
28117,59,34,17,42
28118,46,25,12,34
28119,46,24,12,34
28120,152,107,53,99
28121,152,106,53,99
28122,152,107,53,99
28123,82,52,26,56
28124,152,107,53,99
28125,152,106,53,99
28126,46,25,12,34
28127,46,24,12,34
28128,152,107,53,99
28129,82,52,26,56
28130,59,35,17,42
28131,59,34,17,42
28132,108,73,36,72
28133,108,72,36,72
28134,108,73,36,72
28135,82,52,26,56
28136,152,107,53,99
28137,82,52,26,56
28138,152,107,53,99
28139,227,164,82,145
28140,108,73,36,72
28141,108,72,36,72
28142,108,73,36,72
28143,82,52,26,56
28144,152,107,53,99
28145,152,106,53,99
28146,152,107,53,99
28147,152,106,53,99
28148,152,107,53,99
28149,152,106,53,99
28150,108,73,36,72
28151,108,72,36,72
28152,82,53,26,56
28153,108,72,36,72
28154,82,53,26,56
28155,108,72,36,72
28156,82,53,26,56
28157,82,52,26,56
28158,82,53,26,56
28159,82,52,26,56
28160,121,83,41,80
28161,108,72,36,72
28162,59,35,17,42
28163,59,34,17,42
28164,59,35,17,42
28165,59,34,17,42
28166,59,35,17,42
28167,108,72,36,72
28168,108,73,36,72
28169,59,34,17,42
28170,108,73,36,72
28171,59,34,17,42
28172,108,73,36,72
28173,108,72,36,72
28174,59,35,17,42
28175,59,34,17,42
28176,108,73,36,72
28177,108,72,36,72
28178,64,39,19,45
28179,64,38,19,45
28180,108,73,36,72
28181,108,72,36,72
28182,59,35,17,42
28183,59,34,17,42
28184,108,73,36,72
28185,59,34,17,42
28186,108,73,36,72
28187,227,164,82,145
28188,108,73,36,72
28189,108,72,36,72
28190,108,73,36,72
28191,227,164,82,145
28192,121,83,41,80
28193,152,106,53,99
28194,108,73,36,72
28195,108,72,36,72
28196,82,53,26,56
28197,82,52,26,56
28198,82,53,26,56
28199,108,72,36,72
28200,121,83,41,80
28201,134,92,46,88
28202,121,83,41,80
28203,108,72,36,72
28204,59,35,17,42
28205,59,34,17,42
28206,59,35,17,42
28207,108,72,36,72
28208,121,83,41,80
28209,59,34,17,42
28210,59,35,17,42
28211,59,34,17,42
28212,121,83,41,80
28213,121,82,41,80
28214,134,93,46,88
28215,134,92,46,88
28216,59,35,17,42
28217,108,72,36,72
28218,59,35,17,42
28219,108,72,36,72
28220,59,35,17,42
28221,59,34,17,42
28222,108,73,36,72
28223,108,72,36,72
28224,33,15,7,26
28225,152,106,53,99
28226,152,107,53,99
28227,152,106,53,99
28228,59,35,17,42
28229,59,34,17,42
28230,59,35,17,42
28231,152,106,53,99
28232,59,35,17,42
28233,134,92,46,88
28234,59,35,17,42
28235,59,34,17,42
28236,59,35,17,42
28237,59,34,17,42
28238,121,83,41,80
28239,121,82,41,80
28240,33,15,7,26
28241,152,106,53,99
28242,152,107,53,99
28243,152,106,53,99
28244,33,15,7,26
28245,33,14,7,26
28246,59,35,17,42
28247,59,34,17,42
28248,103,69,34,69
28249,134,92,46,88
28250,103,69,34,69
28251,134,92,46,88
28252,103,69,34,69
28253,103,68,34,69
28254,59,35,17,42
28255,59,34,17,42
28256,33,15,7,26
28257,59,34,17,42
28258,103,69,34,69
28259,103,68,34,69
28260,103,69,34,69
28261,103,68,34,69
28262,103,69,34,69
28263,90,58,29,61
28264,33,15,7,26
28265,165,116,58,107
28266,33,15,7,26
28267,134,92,46,88
28268,59,35,17,42
28269,59,34,17,42
28270,59,35,17,42
28271,134,92,46,88
28272,152,107,53,99
28273,33,14,7,26
28274,108,73,36,72
28275,108,72,36,72
28276,152,107,53,99
28277,152,106,53,99
28278,103,69,34,69
28279,103,68,34,69
28280,152,107,53,99
28281,227,164,82,145
28282,152,107,53,99
28283,103,68,34,69
28284,59,35,17,42
28285,59,34,17,42
28286,59,35,17,42
28287,227,164,82,145
28288,121,83,41,80
28289,108,72,36,72
28290,33,15,7,26
28291,33,14,7,26
28292,103,69,34,69
28293,103,68,34,69
28294,103,69,34,69
28295,152,106,53,99
28296,33,15,7,26
28297,152,106,53,99
28298,33,15,7,26
28299,103,68,34,69
28300,33,15,7,26
28301,33,14,7,26
28302,108,73,36,72
28303,108,72,36,72
28304,59,35,17,42
28305,152,106,53,99
28306,152,107,53,99
28307,152,106,53,99
28308,59,35,17,42
28309,59,34,17,42
28310,33,15,7,26
28311,33,14,7,26
28312,59,35,17,42
28313,258,188,94,164
28314,59,35,17,42
28315,82,52,26,56
28316,103,69,34,69
28317,103,68,34,69
28318,103,69,34,69
28319,108,72,36,72
28320,121,83,41,80
28321,59,34,17,42
28322,59,35,17,42
28323,59,34,17,42
28324,103,69,34,69
28325,103,68,34,69
28326,103,69,34,69
28327,103,68,34,69
28328,121,83,41,80
28329,152,106,53,99
28330,121,83,41,80
28331,227,164,82,145
28332,59,35,17,42
28333,59,34,17,42
28334,59,35,17,42
28335,59,34,17,42
28336,59,35,17,42
28337,59,34,17,42
28338,59,35,17,42
28339,59,34,17,42
28340,59,35,17,42
28341,59,34,17,42
28342,152,107,53,99
28343,152,106,53,99
28344,59,35,17,42
28345,64,38,19,45
28346,59,35,17,42
28347,64,38,19,45
28348,59,35,17,42
28349,59,34,17,42
28350,59,35,17,42
28351,64,38,19,45
28352,59,35,17,42
28353,59,34,17,42
28354,152,107,53,99
28355,152,106,53,99
28356,59,35,17,42
28357,59,34,17,42
28358,59,35,17,42
28359,59,34,17,42
28360,59,35,17,42
28361,59,34,17,42
28362,59,35,17,42
28363,59,34,17,42
28364,59,35,17,42
28365,59,34,17,42
28366,152,107,53,99
28367,152,106,53,99
28368,59,35,17,42
28369,59,34,17,42
28370,59,35,17,42
28371,59,34,17,42
28372,59,35,17,42
28373,59,34,17,42
28374,103,69,34,69
28375,103,68,34,69
28376,59,35,17,42
28377,59,34,17,42
28378,59,35,17,42
28379,103,68,34,69
28380,59,35,17,42
28381,59,34,17,42
28382,103,69,34,69
28383,103,68,34,69
28384,59,35,17,42
28385,59,34,17,42
28386,59,35,17,42
28387,59,34,17,42
28388,59,35,17,42
28389,59,34,17,42
28390,59,35,17,42
28391,196,140,70,126
28392,59,35,17,42
28393,103,68,34,69
28394,59,35,17,42
28395,196,140,70,126
28396,59,35,17,42
28397,59,34,17,42
28398,59,35,17,42
28399,165,116,58,107
28400,90,59,29,61
28401,59,34,17,42
28402,103,69,34,69
28403,103,68,34,69
28404,90,59,29,61
28405,90,58,29,61
28406,59,35,17,42
28407,59,34,17,42
28408,90,59,29,61
28409,90,58,29,61
28410,90,59,29,61
28411,152,106,53,99
28412,152,107,53,99
28413,152,106,53,99
28414,152,107,53,99
28415,227,164,82,145
28416,77,49,24,53
28417,59,34,17,42
28418,90,59,29,61
28419,90,58,29,61
28420,59,35,17,42
28421,59,34,17,42
28422,59,35,17,42
28423,90,58,29,61
28424,59,35,17,42
28425,103,68,34,69
28426,59,35,17,42
28427,59,34,17,42
28428,59,35,17,42
28429,59,34,17,42
28430,59,35,17,42
28431,59,34,17,42
28432,121,83,41,80
28433,59,34,17,42
28434,59,35,17,42
28435,59,34,17,42
28436,121,83,41,80
28437,121,82,41,80
28438,196,141,70,126
28439,196,140,70,126
28440,121,83,41,80
28441,196,140,70,126
28442,121,83,41,80
28443,103,68,34,69
28444,152,107,53,99
28445,152,106,53,99
28446,152,107,53,99
28447,103,68,34,69
28448,152,107,53,99
28449,59,34,17,42
28450,51,29,14,37
28451,51,28,14,37
28452,51,29,14,37
28453,51,28,14,37
28454,51,29,14,37
28455,90,58,29,61
28456,152,107,53,99
28457,90,58,29,61
28458,152,107,53,99
28459,51,28,14,37
28460,59,35,17,42
28461,59,34,17,42
28462,59,35,17,42
28463,51,28,14,37
28464,152,107,53,99
28465,59,34,17,42
28466,59,35,17,42
28467,59,34,17,42
28468,152,107,53,99
28469,152,106,53,99
28470,51,29,14,37
28471,51,28,14,37
28472,51,29,14,37
28473,51,28,14,37
28474,51,29,14,37
28475,51,28,14,37
28476,51,29,14,37
28477,51,28,14,37
28478,51,29,14,37
28479,51,28,14,37
28480,77,49,24,53
28481,152,106,53,99
28482,59,35,17,42
28483,59,34,17,42
28484,152,107,53,99
28485,152,106,53,99
28486,152,107,53,99
28487,90,58,29,61
28488,51,29,14,37
28489,103,68,34,69
28490,51,29,14,37
28491,152,106,53,99
28492,51,29,14,37
28493,51,28,14,37
28494,134,93,46,88
28495,134,92,46,88
28496,77,49,24,53
28497,51,28,14,37
28498,103,69,34,69
28499,103,68,34,69
28500,77,49,24,53
28501,77,48,24,53
28502,51,29,14,37
28503,51,28,14,37
28504,165,117,58,107
28505,152,106,53,99
28506,165,117,58,107
28507,90,58,29,61
28508,165,117,58,107
28509,165,116,58,107
28510,152,107,53,99
28511,152,106,53,99
28512,51,29,14,37
28513,103,68,34,69
28514,121,83,41,80
28515,121,82,41,80
28516,121,83,41,80
28517,121,82,41,80
28518,121,83,41,80
28519,108,72,36,72
28520,51,29,14,37
28521,77,48,24,53
28522,51,29,14,37
28523,59,34,17,42
28524,196,141,70,126
28525,196,140,70,126
28526,196,141,70,126
28527,165,116,58,107
28528,51,29,14,37
28529,51,28,14,37
28530,51,29,14,37
28531,51,28,14,37
28532,51,29,14,37
28533,51,28,14,37
28534,51,29,14,37
28535,51,28,14,37
28536,196,141,70,126
28537,196,140,70,126
28538,196,141,70,126
28539,196,140,70,126
28540,196,141,70,126
28541,196,140,70,126
28542,196,141,70,126
28543,196,140,70,126
28544,77,49,24,53
28545,59,34,17,42
28546,51,29,14,37
28547,51,28,14,37
28548,51,29,14,37
28549,51,28,14,37
28550,51,29,14,37
28551,51,28,14,37
28552,77,49,24,53
28553,90,58,29,61
28554,77,49,24,53
28555,51,28,14,37
28556,77,49,24,53
28557,77,48,24,53
28558,103,69,34,69
28559,103,68,34,69
28560,33,15,7,26
28561,103,68,34,69
28562,103,69,34,69
28563,103,68,34,69
28564,33,15,7,26
28565,33,14,7,26
28566,33,15,7,26
28567,33,14,7,26
28568,33,15,7,26
28569,33,14,7,26
28570,33,15,7,26
28571,51,28,14,37
28572,196,141,70,126
28573,196,140,70,126
28574,196,141,70,126
28575,196,140,70,126
28576,77,49,24,53
28577,196,140,70,126
28578,33,15,7,26
28579,33,14,7,26
28580,196,141,70,126
28581,196,140,70,126
28582,196,141,70,126
28583,139,96,48,91
28584,77,49,24,53
28585,77,48,24,53
28586,77,49,24,53
28587,152,106,53,99
28588,103,69,34,69
28589,103,68,34,69
28590,103,69,34,69
28591,103,68,34,69
28592,51,29,14,37
28593,77,48,24,53
28594,77,49,24,53
28595,77,48,24,53
28596,51,29,14,37
28597,51,28,14,37
28598,59,35,17,42
28599,59,34,17,42
28600,51,29,14,37
28601,51,28,14,37
28602,51,29,14,37
28603,51,28,14,37
28604,103,69,34,69
28605,103,68,34,69
28606,103,69,34,69
28607,196,140,70,126
28608,103,69,34,69
28609,51,28,14,37
28610,51,29,14,37
28611,51,28,14,37
28612,77,49,24,53
28613,77,48,24,53
28614,77,49,24,53
28615,51,28,14,37
28616,77,49,24,53
28617,51,28,14,37
28618,77,49,24,53
28619,77,48,24,53
28620,77,49,24,53
28621,77,48,24,53
28622,51,29,14,37
28623,51,28,14,37
28624,103,69,34,69
28625,77,48,24,53
28626,90,59,29,61
28627,90,58,29,61
28628,103,69,34,69
28629,103,68,34,69
28630,51,29,14,37
28631,51,28,14,37
28632,77,49,24,53
28633,77,48,24,53
28634,77,49,24,53
28635,51,28,14,37
28636,77,49,24,53
28637,77,48,24,53
28638,196,141,70,126
28639,196,140,70,126
28640,103,69,34,69
28641,152,106,53,99
28642,103,69,34,69
28643,103,68,34,69
28644,134,93,46,88
28645,134,92,46,88
28646,134,93,46,88
28647,103,68,34,69
28648,103,69,34,69
28649,134,92,46,88
28650,103,69,34,69
28651,90,58,29,61
28652,59,35,17,42
28653,59,34,17,42
28654,59,35,17,42
28655,90,58,29,61
28656,103,69,34,69
28657,103,68,34,69
28658,103,69,34,69
28659,103,68,34,69
28660,103,69,34,69
28661,103,68,34,69
28662,196,141,70,126
28663,196,140,70,126
28664,103,69,34,69
28665,103,68,34,69
28666,103,69,34,69
28667,103,68,34,69
28668,196,141,70,126
28669,196,140,70,126
28670,196,141,70,126
28671,165,116,58,107
28672,28,11,5,23
28673,77,48,24,53
28674,77,49,24,53
28675,77,48,24,53
28676,77,49,24,53
28677,77,48,24,53
28678,77,49,24,53
28679,77,48,24,53
28680,77,49,24,53
28681,77,48,24,53
28682,77,49,24,53
28683,77,48,24,53
28684,77,49,24,53
28685,77,48,24,53
28686,77,49,24,53
28687,77,48,24,53
28688,121,83,41,80
28689,77,48,24,53
28690,196,141,70,126
28691,196,140,70,126
28692,121,83,41,80
28693,121,82,41,80
28694,77,49,24,53
28695,77,48,24,53
28696,121,83,41,80
28697,77,48,24,53
28698,121,83,41,80
28699,90,58,29,61
28700,77,49,24,53
28701,77,48,24,53
28702,77,49,24,53
28703,196,140,70,126
28704,72,45,22,50
28705,103,68,34,69
28706,121,83,41,80
28707,121,82,41,80
28708,77,49,24,53
28709,77,48,24,53
28710,77,49,24,53
28711,77,48,24,53
28712,72,45,22,50
28713,103,68,34,69
28714,72,45,22,50
28715,196,140,70,126
28716,121,83,41,80
28717,121,82,41,80
28718,121,83,41,80
28719,196,140,70,126
28720,72,45,22,50
28721,152,106,53,99
28722,152,107,53,99
28723,152,106,53,99
28724,72,45,22,50
28725,72,44,22,50
28726,196,141,70,126
28727,196,140,70,126
28728,152,107,53,99
28729,152,106,53,99
28730,152,107,53,99
28731,152,106,53,99
28732,152,107,53,99
28733,152,106,53,99
28734,90,59,29,61
28735,90,58,29,61
28736,121,83,41,80
28737,152,106,53,99
28738,152,107,53,99
28739,152,106,53,99
28740,72,45,22,50
28741,72,44,22,50
28742,72,45,22,50
28743,152,106,53,99
28744,33,15,7,26
28745,152,106,53,99
28746,33,15,7,26
28747,72,44,22,50
28748,33,15,7,26
28749,33,14,7,26
28750,134,93,46,88
28751,134,92,46,88
28752,121,83,41,80
28753,33,14,7,26
28754,152,107,53,99
28755,152,106,53,99
28756,121,83,41,80
28757,121,82,41,80
28758,33,15,7,26
28759,33,14,7,26
28760,72,45,22,50
28761,33,14,7,26
28762,72,45,22,50
28763,196,140,70,126
28764,72,45,22,50
28765,72,44,22,50
28766,196,141,70,126
28767,196,140,70,126
28768,121,83,41,80
28769,196,140,70,126
28770,165,117,58,107
28771,165,116,58,107
28772,165,117,58,107
28773,165,116,58,107
28774,165,117,58,107
28775,134,92,46,88
28776,121,83,41,80
28777,165,116,58,107
28778,121,83,41,80
28779,196,140,70,126
28780,121,83,41,80
28781,121,82,41,80
28782,121,83,41,80
28783,196,140,70,126
28784,72,45,22,50
28785,121,82,41,80
28786,72,45,22,50
28787,72,44,22,50
28788,72,45,22,50
28789,72,44,22,50
28790,72,45,22,50
28791,72,44,22,50
28792,72,45,22,50
28793,196,140,70,126
28794,72,45,22,50
28795,72,44,22,50
28796,165,117,58,107
28797,165,116,58,107
28798,165,117,58,107
28799,165,116,58,107
28800,59,35,17,42
28801,72,44,22,50
28802,165,117,58,107
28803,165,116,58,107
28804,165,117,58,107
28805,165,116,58,107
28806,165,117,58,107
28807,165,116,58,107
28808,121,83,41,80
28809,134,92,46,88
28810,121,83,41,80
28811,196,140,70,126
28812,121,83,41,80
28813,121,82,41,80
28814,72,45,22,50
28815,72,44,22,50
28816,165,117,58,107
28817,77,48,24,53
28818,77,49,24,53
28819,77,48,24,53
28820,165,117,58,107
28821,165,116,58,107
28822,121,83,41,80
28823,121,82,41,80
28824,165,117,58,107
28825,72,44,22,50
28826,165,117,58,107
28827,77,48,24,53
28828,72,45,22,50
28829,72,44,22,50
28830,72,45,22,50
28831,227,164,82,145
28832,59,35,17,42
28833,196,140,70,126
28834,165,117,58,107
28835,165,116,58,107
28836,72,45,22,50
28837,72,44,22,50
28838,72,45,22,50
28839,77,48,24,53
28840,59,35,17,42
28841,157,110,55,102
28842,59,35,17,42
28843,165,116,58,107
28844,121,83,41,80
28845,121,82,41,80
28846,121,83,41,80
28847,165,116,58,107
28848,46,25,12,34
28849,121,82,41,80
28850,121,83,41,80
28851,121,82,41,80
28852,46,25,12,34
28853,46,24,12,34
28854,196,141,70,126
28855,196,140,70,126
28856,46,25,12,34
28857,165,116,58,107
28858,46,25,12,34
28859,165,116,58,107
28860,72,45,22,50
28861,72,44,22,50
28862,72,45,22,50
28863,227,164,82,145
28864,59,35,17,42
28865,72,44,22,50
28866,72,45,22,50
28867,72,44,22,50
28868,46,25,12,34
28869,46,24,12,34
28870,46,25,12,34
28871,72,44,22,50
28872,46,25,12,34
28873,46,24,12,34
28874,46,25,12,34
28875,46,24,12,34
28876,46,25,12,34
28877,46,24,12,34
28878,72,45,22,50
28879,72,44,22,50
28880,59,35,17,42
28881,46,24,12,34
28882,46,25,12,34
28883,46,24,12,34
28884,59,35,17,42
28885,59,34,17,42
28886,103,69,34,69
28887,103,68,34,69
28888,72,45,22,50
28889,72,44,22,50
28890,72,45,22,50
28891,103,68,34,69
28892,72,45,22,50
28893,72,44,22,50
28894,157,111,55,102
28895,157,110,55,102
28896,121,83,41,80
28897,196,140,70,126
28898,59,35,17,42
28899,59,34,17,42
28900,46,25,12,34
28901,46,24,12,34
28902,46,25,12,34
28903,103,68,34,69
28904,121,83,41,80
28905,77,48,24,53
28906,121,83,41,80
28907,72,44,22,50
28908,134,93,46,88
28909,134,92,46,88
28910,134,93,46,88
28911,134,92,46,88
28912,121,83,41,80
28913,121,82,41,80
28914,165,117,58,107
28915,165,116,58,107
28916,121,83,41,80
28917,121,82,41,80
28918,134,93,46,88
28919,134,92,46,88
28920,72,45,22,50
28921,103,68,34,69
28922,72,45,22,50
28923,157,110,55,102
28924,72,45,22,50
28925,72,44,22,50
28926,77,49,24,53
28927,77,48,24,53
28928,20,5,2,18
28929,165,116,58,107
28930,165,117,58,107
28931,165,116,58,107
28932,165,117,58,107
28933,165,116,58,107
28934,165,117,58,107
28935,165,116,58,107
28936,165,117,58,107
28937,165,116,58,107
28938,165,117,58,107
28939,121,82,41,80
28940,165,117,58,107
28941,165,116,58,107
28942,121,83,41,80
28943,121,82,41,80
28944,59,35,17,42
28945,165,116,58,107
28946,209,151,75,134
28947,209,150,75,134
28948,59,35,17,42
28949,59,34,17,42
28950,165,117,58,107
28951,165,116,58,107
28952,59,35,17,42
28953,165,116,58,107
28954,59,35,17,42
28955,165,116,58,107
28956,46,25,12,34
28957,46,24,12,34
28958,46,25,12,34
28959,152,106,53,99
28960,72,45,22,50
28961,165,116,58,107
28962,103,69,34,69
28963,103,68,34,69
28964,103,69,34,69
28965,103,68,34,69
28966,103,69,34,69
28967,103,68,34,69
28968,72,45,22,50
28969,103,68,34,69
28970,72,45,22,50
28971,103,68,34,69
28972,59,35,17,42
28973,59,34,17,42
28974,59,35,17,42
28975,108,72,36,72
28976,72,45,22,50
28977,165,116,58,107
28978,165,117,58,107
28979,165,116,58,107
28980,72,45,22,50
28981,72,44,22,50
28982,165,117,58,107
28983,165,116,58,107
28984,121,83,41,80
28985,178,126,63,115
28986,121,83,41,80
28987,121,82,41,80
28988,121,83,41,80
28989,121,82,41,80
28990,183,131,65,118
28991,183,130,65,118
28992,20,5,2,18
28993,72,44,22,50
28994,134,93,46,88
28995,134,92,46,88
28996,72,45,22,50
28997,72,44,22,50
28998,72,45,22,50
28999,165,116,58,107
29000,72,45,22,50
29001,121,82,41,80
29002,72,45,22,50
29003,72,44,22,50
29004,72,45,22,50
29005,72,44,22,50
29006,165,117,58,107
29007,165,116,58,107
29008,20,5,2,18
29009,72,44,22,50
29010,134,93,46,88
29011,134,92,46,88
29012,20,5,2,18
29013,20,4,2,18
29014,72,45,22,50
29015,72,44,22,50
29016,59,35,17,42
29017,183,130,65,118
29018,59,35,17,42
29019,72,44,22,50
29020,59,35,17,42
29021,59,34,17,42
29022,183,131,65,118
29023,183,130,65,118
29024,59,35,17,42
29025,196,140,70,126
29026,72,45,22,50
29027,72,44,22,50
29028,72,45,22,50
29029,72,44,22,50
29030,72,45,22,50
29031,72,44,22,50
29032,59,35,17,42
29033,121,82,41,80
29034,59,35,17,42
29035,121,82,41,80
29036,165,117,58,107
29037,165,116,58,107
29038,165,117,58,107
29039,165,116,58,107
29040,59,35,17,42
29041,59,34,17,42
29042,72,45,22,50
29043,72,44,22,50
29044,59,35,17,42
29045,59,34,17,42
29046,72,45,22,50
29047,72,44,22,50
29048,103,69,34,69
29049,134,92,46,88
29050,103,69,34,69
29051,165,116,58,107
29052,103,69,34,69
29053,103,68,34,69
29054,72,45,22,50
29055,72,44,22,50
29056,20,5,2,18
29057,59,34,17,42
29058,165,117,58,107
29059,165,116,58,107
29060,165,117,58,107
29061,165,116,58,107
29062,165,117,58,107
29063,165,116,58,107
29064,72,45,22,50
29065,121,82,41,80
29066,72,45,22,50
29067,152,106,53,99
29068,72,45,22,50
29069,72,44,22,50
29070,165,117,58,107
29071,165,116,58,107
29072,72,45,22,50
29073,59,34,17,42
29074,59,35,17,42
29075,59,34,17,42
29076,72,45,22,50
29077,72,44,22,50
29078,72,45,22,50
29079,72,44,22,50
29080,72,45,22,50
29081,72,44,22,50
29082,72,45,22,50
29083,165,116,58,107
29084,165,117,58,107
29085,165,116,58,107
29086,165,117,58,107
29087,77,48,24,53
29088,20,5,2,18
29089,77,48,24,53
29090,134,93,46,88
29091,134,92,46,88
29092,134,93,46,88
29093,134,92,46,88
29094,134,93,46,88
29095,59,34,17,42
29096,20,5,2,18
29097,196,140,70,126
29098,20,5,2,18
29099,77,48,24,53
29100,134,93,46,88
29101,134,92,46,88
29102,134,93,46,88
29103,59,34,17,42
29104,165,117,58,107
29105,72,44,22,50
29106,72,45,22,50
29107,72,44,22,50
29108,165,117,58,107
29109,165,116,58,107
29110,134,93,46,88
29111,134,92,46,88
29112,165,117,58,107
29113,72,44,22,50
29114,165,117,58,107
29115,77,48,24,53
29116,178,127,63,115
29117,178,126,63,115
29118,178,127,63,115
29119,227,164,82,145
29120,46,25,12,34
29121,165,116,58,107
29122,165,117,58,107
29123,165,116,58,107
29124,20,5,2,18
29125,20,4,2,18
29126,20,5,2,18
29127,103,68,34,69
29128,121,83,41,80
29129,59,34,17,42
29130,121,83,41,80
29131,59,34,17,42
29132,121,83,41,80
29133,121,82,41,80
29134,59,35,17,42
29135,59,34,17,42
29136,46,25,12,34
29137,121,82,41,80
29138,59,35,17,42
29139,59,34,17,42
29140,46,25,12,34
29141,46,24,12,34
29142,59,35,17,42
29143,59,34,17,42
29144,165,117,58,107
29145,165,116,58,107
29146,165,117,58,107
29147,121,82,41,80
29148,165,117,58,107
29149,165,116,58,107
29150,103,69,34,69
29151,103,68,34,69
29152,46,25,12,34
29153,121,82,41,80
29154,46,25,12,34
29155,46,24,12,34
29156,121,83,41,80
29157,121,82,41,80
29158,121,83,41,80
29159,103,68,34,69
29160,46,25,12,34
29161,240,174,87,153
29162,46,25,12,34
29163,227,164,82,145
29164,165,117,58,107
29165,165,116,58,107
29166,165,117,58,107
29167,227,164,82,145
29168,165,117,58,107
29169,46,24,12,34
29170,103,69,34,69
29171,103,68,34,69
29172,165,117,58,107
29173,165,116,58,107
29174,72,45,22,50
29175,72,44,22,50
29176,165,117,58,107
29177,103,68,34,69
29178,165,117,58,107
29179,103,68,34,69
29180,90,59,29,61
29181,90,58,29,61
29182,90,59,29,61
29183,90,58,29,61
29184,41,21,10,31
29185,121,82,41,80
29186,46,25,12,34
29187,46,24,12,34
29188,165,117,58,107
29189,165,116,58,107
29190,165,117,58,107
29191,103,68,34,69
29192,46,25,12,34
29193,46,24,12,34
29194,46,25,12,34
29195,165,116,58,107
29196,46,25,12,34
29197,46,24,12,34
29198,165,117,58,107
29199,165,116,58,107
29200,46,25,12,34
29201,46,24,12,34
29202,165,117,58,107
29203,165,116,58,107
29204,46,25,12,34
29205,46,24,12,34
29206,46,25,12,34
29207,46,24,12,34
29208,46,25,12,34
29209,46,24,12,34
29210,46,25,12,34
29211,227,164,82,145
29212,165,117,58,107
29213,165,116,58,107
29214,165,117,58,107
29215,103,68,34,69
29216,134,93,46,88
29217,165,116,58,107
29218,46,25,12,34
29219,46,24,12,34
29220,196,141,70,126
29221,196,140,70,126
29222,196,141,70,126
29223,165,116,58,107
29224,134,93,46,88
29225,196,140,70,126
29226,134,93,46,88
29227,46,24,12,34
29228,46,25,12,34
29229,46,24,12,34
29230,46,25,12,34
29231,165,116,58,107
29232,134,93,46,88
29233,46,24,12,34
29234,46,25,12,34
29235,46,24,12,34
29236,134,93,46,88
29237,134,92,46,88
29238,196,141,70,126
29239,196,140,70,126
29240,121,83,41,80
29241,103,68,34,69
29242,121,83,41,80
29243,121,82,41,80
29244,121,83,41,80
29245,121,82,41,80
29246,165,117,58,107
29247,165,116,58,107
29248,134,93,46,88
29249,46,24,12,34
29250,46,25,12,34
29251,46,24,12,34
29252,121,83,41,80
29253,121,82,41,80
29254,121,83,41,80
29255,121,82,41,80
29256,121,83,41,80
29257,271,198,99,172
29258,121,83,41,80
29259,121,82,41,80
29260,121,83,41,80
29261,121,82,41,80
29262,59,35,17,42
29263,59,34,17,42
29264,134,93,46,88
29265,59,34,17,42
29266,59,35,17,42
29267,59,34,17,42
29268,134,93,46,88
29269,134,92,46,88
29270,121,83,41,80
29271,121,82,41,80
29272,134,93,46,88
29273,152,106,53,99
29274,134,93,46,88
29275,165,116,58,107
29276,134,93,46,88
29277,134,92,46,88
29278,152,107,53,99
29279,152,106,53,99
29280,134,93,46,88
29281,121,82,41,80
29282,46,25,12,34
29283,46,24,12,34
29284,46,25,12,34
29285,46,24,12,34
29286,46,25,12,34
29287,59,34,17,42
29288,134,93,46,88
29289,103,68,34,69
29290,134,93,46,88
29291,126,86,43,83
29292,165,117,58,107
29293,165,116,58,107
29294,165,117,58,107
29295,152,106,53,99
29296,72,45,22,50
29297,134,92,46,88
29298,103,69,34,69
29299,103,68,34,69
29300,72,45,22,50
29301,72,44,22,50
29302,72,45,22,50
29303,72,44,22,50
29304,72,45,22,50
29305,46,24,12,34
29306,72,45,22,50
29307,165,116,58,107
29308,103,69,34,69
29309,103,68,34,69
29310,103,69,34,69
29311,165,116,58,107
29312,41,21,10,31
29313,165,116,58,107
29314,134,93,46,88
29315,134,92,46,88
29316,103,69,34,69
29317,103,68,34,69
29318,103,69,34,69
29319,72,44,22,50
29320,46,25,12,34
29321,103,68,34,69
29322,46,25,12,34
29323,103,68,34,69
29324,46,25,12,34
29325,46,24,12,34
29326,152,107,53,99
29327,152,106,53,99
29328,46,25,12,34
29329,72,44,22,50
29330,72,45,22,50
29331,72,44,22,50
29332,46,25,12,34
29333,46,24,12,34
29334,46,25,12,34
29335,46,24,12,34
29336,46,25,12,34
29337,72,44,22,50
29338,46,25,12,34
29339,77,48,24,53
29340,77,49,24,53
29341,77,48,24,53
29342,77,49,24,53
29343,103,68,34,69
29344,41,21,10,31
29345,77,48,24,53
29346,178,127,63,115
29347,178,126,63,115
29348,178,127,63,115
29349,178,126,63,115
29350,178,127,63,115
29351,178,126,63,115
29352,41,21,10,31
29353,77,48,24,53
29354,41,21,10,31
29355,103,68,34,69
29356,196,141,70,126
29357,196,140,70,126
29358,196,141,70,126
29359,103,68,34,69
29360,134,93,46,88
29361,196,140,70,126
29362,196,141,70,126
29363,196,140,70,126
29364,134,93,46,88
29365,134,92,46,88
29366,72,45,22,50
29367,72,44,22,50
29368,134,93,46,88
29369,196,140,70,126
29370,134,93,46,88
29371,72,44,22,50
29372,72,45,22,50
29373,72,44,22,50
29374,72,45,22,50
29375,103,68,34,69
29376,134,93,46,88
29377,134,92,46,88
29378,165,117,58,107
29379,165,116,58,107
29380,165,117,58,107
29381,165,116,58,107
29382,165,117,58,107
29383,196,140,70,126
29384,165,117,58,107
29385,147,102,51,96
29386,165,117,58,107
29387,147,102,51,96
29388,165,117,58,107
29389,165,116,58,107
29390,271,199,99,172
29391,271,198,99,172
29392,134,93,46,88
29393,134,92,46,88
29394,134,93,46,88
29395,134,92,46,88
29396,134,93,46,88
29397,134,92,46,88
29398,46,25,12,34
29399,46,24,12,34
29400,103,69,34,69
29401,165,116,58,107
29402,103,69,34,69
29403,147,102,51,96
29404,103,69,34,69
29405,103,68,34,69
29406,103,69,34,69
29407,103,68,34,69
29408,134,93,46,88
29409,103,68,34,69
29410,134,93,46,88
29411,134,92,46,88
29412,165,117,58,107
29413,165,116,58,107
29414,165,117,58,107
29415,103,68,34,69
29416,134,93,46,88
29417,196,140,70,126
29418,134,93,46,88
29419,103,68,34,69
29420,103,69,34,69
29421,103,68,34,69
29422,103,69,34,69
29423,152,106,53,99
29424,165,117,58,107
29425,134,92,46,88
29426,103,69,34,69
29427,103,68,34,69
29428,165,117,58,107
29429,165,116,58,107
29430,121,83,41,80
29431,121,82,41,80
29432,165,117,58,107
29433,121,82,41,80
29434,165,117,58,107
29435,121,82,41,80
29436,147,103,51,96
29437,147,102,51,96
29438,147,103,51,96
29439,103,68,34,69
29440,41,21,10,31
29441,165,116,58,107
29442,165,117,58,107
29443,165,116,58,107
29444,134,93,46,88
29445,134,92,46,88
29446,134,93,46,88
29447,103,68,34,69
29448,134,93,46,88
29449,103,68,34,69
29450,134,93,46,88
29451,103,68,34,69
29452,134,93,46,88
29453,134,92,46,88
29454,134,93,46,88
29455,134,92,46,88
29456,134,93,46,88
29457,134,92,46,88
29458,72,45,22,50
29459,72,44,22,50
29460,134,93,46,88
29461,134,92,46,88
29462,72,45,22,50
29463,72,44,22,50
29464,134,93,46,88
29465,72,44,22,50
29466,134,93,46,88
29467,72,44,22,50
29468,121,83,41,80
29469,121,82,41,80
29470,121,83,41,80
29471,103,68,34,69
29472,134,93,46,88
29473,121,82,41,80
29474,46,25,12,34
29475,46,24,12,34
29476,46,25,12,34
29477,46,24,12,34
29478,46,25,12,34
29479,103,68,34,69
29480,134,93,46,88
29481,103,68,34,69
29482,134,93,46,88
29483,134,92,46,88
29484,46,25,12,34
29485,46,24,12,34
29486,46,25,12,34
29487,134,92,46,88
29488,134,93,46,88
29489,46,24,12,34
29490,46,25,12,34
29491,46,24,12,34
29492,134,93,46,88
29493,134,92,46,88
29494,103,69,34,69
29495,103,68,34,69
29496,46,25,12,34
29497,165,116,58,107
29498,46,25,12,34
29499,46,24,12,34
29500,46,25,12,34
29501,46,24,12,34
29502,121,83,41,80
29503,121,82,41,80
29504,41,21,10,31
29505,134,92,46,88
29506,165,117,58,107
29507,165,116,58,107
29508,103,69,34,69
29509,103,68,34,69
29510,103,69,34,69
29511,103,68,34,69
29512,103,69,34,69
29513,46,24,12,34
29514,103,69,34,69
29515,103,68,34,69
29516,103,69,34,69
29517,103,68,34,69
29518,46,25,12,34
29519,46,24,12,34
29520,41,21,10,31
29521,134,92,46,88
29522,134,93,46,88
29523,134,92,46,88
29524,41,21,10,31
29525,41,20,10,31
29526,72,45,22,50
29527,72,44,22,50
29528,72,45,22,50
29529,134,92,46,88
29530,72,45,22,50
29531,103,68,34,69
29532,72,45,22,50
29533,72,44,22,50
29534,196,141,70,126
29535,196,140,70,126
29536,72,45,22,50
29537,46,24,12,34
29538,72,45,22,50
29539,72,44,22,50
29540,72,45,22,50
29541,72,44,22,50
29542,72,45,22,50
29543,103,68,34,69
29544,72,45,22,50
29545,46,24,12,34
29546,72,45,22,50
29547,72,44,22,50
29548,72,45,22,50
29549,72,44,22,50
29550,72,45,22,50
29551,121,82,41,80
29552,72,45,22,50
29553,72,44,22,50
29554,72,45,22,50
29555,72,44,22,50
29556,72,45,22,50
29557,72,44,22,50
29558,196,141,70,126
29559,196,140,70,126
29560,209,151,75,134
29561,196,140,70,126
29562,209,151,75,134
29563,196,140,70,126
29564,209,151,75,134
29565,209,150,75,134
29566,95,63,31,64
29567,95,62,31,64
29568,134,93,46,88
29569,209,150,75,134
29570,59,35,17,42
29571,59,34,17,42
29572,59,35,17,42
29573,59,34,17,42
29574,59,35,17,42
29575,59,34,17,42
29576,41,21,10,31
29577,59,34,17,42
29578,41,21,10,31
29579,95,62,31,64
29580,41,21,10,31
29581,41,20,10,31
29582,59,35,17,42
29583,59,34,17,42
29584,72,45,22,50
29585,59,34,17,42
29586,59,35,17,42
29587,59,34,17,42
29588,72,45,22,50
29589,72,44,22,50
29590,72,45,22,50
29591,72,44,22,50
29592,72,45,22,50
29593,72,44,22,50
29594,72,45,22,50
29595,209,150,75,134
29596,95,63,31,64
29597,95,62,31,64
29598,95,63,31,64
29599,103,68,34,69
29600,134,93,46,88
29601,72,44,22,50
29602,72,45,22,50
29603,72,44,22,50
29604,72,45,22,50
29605,72,44,22,50
29606,72,45,22,50
29607,209,150,75,134
29608,134,93,46,88
29609,209,150,75,134
29610,134,93,46,88
29611,72,44,22,50
29612,196,141,70,126
29613,196,140,70,126
29614,196,141,70,126
29615,72,44,22,50
29616,134,93,46,88
29617,134,92,46,88
29618,134,93,46,88
29619,134,92,46,88
29620,134,93,46,88
29621,134,92,46,88
29622,165,117,58,107
29623,165,116,58,107
29624,134,93,46,88
29625,165,116,58,107
29626,134,93,46,88
29627,165,116,58,107
29628,59,35,17,42
29629,59,34,17,42
29630,59,35,17,42
29631,59,34,17,42
29632,134,93,46,88
29633,121,82,41,80
29634,121,83,41,80
29635,121,82,41,80
29636,134,93,46,88
29637,134,92,46,88
29638,134,93,46,88
29639,95,62,31,64
29640,165,117,58,107
29641,165,116,58,107
29642,165,117,58,107
29643,165,116,58,107
29644,165,117,58,107
29645,165,116,58,107
29646,121,83,41,80
29647,121,82,41,80
29648,134,93,46,88
29649,165,116,58,107
29650,165,117,58,107
29651,165,116,58,107
29652,134,93,46,88
29653,134,92,46,88
29654,121,83,41,80
29655,121,82,41,80
29656,134,93,46,88
29657,134,92,46,88
29658,134,93,46,88
29659,95,62,31,64
29660,134,93,46,88
29661,134,92,46,88
29662,240,175,87,153
29663,240,174,87,153
29664,121,83,41,80
29665,121,82,41,80
29666,134,93,46,88
29667,134,92,46,88
29668,121,83,41,80
29669,121,82,41,80
29670,121,83,41,80
29671,72,44,22,50
29672,121,83,41,80
29673,121,82,41,80
29674,121,83,41,80
29675,72,44,22,50
29676,72,45,22,50
29677,72,44,22,50
29678,72,45,22,50
29679,77,48,24,53
29680,121,83,41,80
29681,121,82,41,80
29682,77,49,24,53
29683,77,48,24,53
29684,121,83,41,80
29685,121,82,41,80
29686,121,83,41,80
29687,121,82,41,80
29688,240,175,87,153
29689,72,44,22,50
29690,240,175,87,153
29691,72,44,22,50
29692,240,175,87,153
29693,240,174,87,153
29694,147,103,51,96
29695,147,102,51,96
29696,28,11,5,23
29697,134,92,46,88
29698,95,63,31,64
29699,95,62,31,64
29700,134,93,46,88
29701,134,92,46,88
29702,134,93,46,88
29703,95,62,31,64
29704,72,45,22,50
29705,95,62,31,64
29706,72,45,22,50
29707,134,92,46,88
29708,72,45,22,50
29709,72,44,22,50
29710,72,45,22,50
29711,72,44,22,50
29712,41,21,10,31
29713,72,44,22,50
29714,134,93,46,88
29715,134,92,46,88
29716,41,21,10,31
29717,41,20,10,31
29718,72,45,22,50
29719,72,44,22,50
29720,41,21,10,31
29721,147,102,51,96
29722,41,21,10,31
29723,95,62,31,64
29724,72,45,22,50
29725,72,44,22,50
29726,72,45,22,50
29727,147,102,51,96
29728,134,93,46,88
29729,121,82,41,80
29730,41,21,10,31
29731,41,20,10,31
29732,72,45,22,50
29733,72,44,22,50
29734,72,45,22,50
29735,165,116,58,107
29736,134,93,46,88
29737,165,116,58,107
29738,134,93,46,88
29739,72,44,22,50
29740,46,25,12,34
29741,46,24,12,34
29742,46,25,12,34
29743,147,102,51,96
29744,134,93,46,88
29745,46,24,12,34
29746,46,25,12,34
29747,46,24,12,34
29748,134,93,46,88
29749,134,92,46,88
29750,165,117,58,107
29751,165,116,58,107
29752,46,25,12,34
29753,46,24,12,34
29754,46,25,12,34
29755,72,44,22,50
29756,46,25,12,34
29757,46,24,12,34
29758,147,103,51,96
29759,147,102,51,96
29760,41,21,10,31
29761,46,24,12,34
29762,46,25,12,34
29763,46,24,12,34
29764,134,93,46,88
29765,134,92,46,88
29766,134,93,46,88
29767,72,44,22,50
29768,72,45,22,50
29769,116,78,39,77
29770,72,45,22,50
29771,134,92,46,88
29772,72,45,22,50
29773,72,44,22,50
29774,46,25,12,34
29775,46,24,12,34
29776,41,21,10,31
29777,72,44,22,50
29778,72,45,22,50
29779,72,44,22,50
29780,41,21,10,31
29781,41,20,10,31
29782,134,93,46,88
29783,134,92,46,88
29784,134,93,46,88
29785,165,116,58,107
29786,134,93,46,88
29787,147,102,51,96
29788,134,93,46,88
29789,134,92,46,88
29790,116,79,39,77
29791,116,78,39,77
29792,41,21,10,31
29793,165,116,58,107
29794,116,79,39,77
29795,116,78,39,77
29796,116,79,39,77
29797,116,78,39,77
29798,116,79,39,77
29799,72,44,22,50
29800,41,21,10,31
29801,121,82,41,80
29802,41,21,10,31
29803,46,24,12,34
29804,165,117,58,107
29805,165,116,58,107
29806,165,117,58,107
29807,116,78,39,77
29808,72,45,22,50
29809,41,20,10,31
29810,46,25,12,34
29811,46,24,12,34
29812,72,45,22,50
29813,72,44,22,50
29814,72,45,22,50
29815,72,44,22,50
29816,72,45,22,50
29817,165,116,58,107
29818,72,45,22,50
29819,165,116,58,107
29820,72,45,22,50
29821,72,44,22,50
29822,72,45,22,50
29823,165,116,58,107
29824,90,59,29,61
29825,271,198,99,172
29826,72,45,22,50
29827,72,44,22,50
29828,72,45,22,50
29829,72,44,22,50
29830,72,45,22,50
29831,116,78,39,77
29832,72,45,22,50
29833,121,82,41,80
29834,72,45,22,50
29835,72,44,22,50
29836,72,45,22,50
29837,72,44,22,50
29838,116,79,39,77
29839,116,78,39,77
29840,72,45,22,50
29841,134,92,46,88
29842,134,93,46,88
29843,134,92,46,88
29844,72,45,22,50
29845,72,44,22,50
29846,72,45,22,50
29847,72,44,22,50
29848,72,45,22,50
29849,72,44,22,50
29850,72,45,22,50
29851,72,44,22,50
29852,72,45,22,50
29853,72,44,22,50
29854,72,45,22,50
29855,147,102,51,96
29856,90,59,29,61
29857,165,116,58,107
29858,72,45,22,50
29859,72,44,22,50
29860,72,45,22,50
29861,72,44,22,50
29862,72,45,22,50
29863,77,48,24,53
29864,90,59,29,61
29865,77,48,24,53
29866,90,59,29,61
29867,72,44,22,50
29868,72,45,22,50
29869,72,44,22,50
29870,72,45,22,50
29871,165,116,58,107
29872,41,21,10,31
29873,72,44,22,50
29874,72,45,22,50
29875,72,44,22,50
29876,41,21,10,31
29877,41,20,10,31
29878,72,45,22,50
29879,72,44,22,50
29880,41,21,10,31
29881,165,116,58,107
29882,41,21,10,31
29883,165,116,58,107
29884,72,45,22,50
29885,72,44,22,50
29886,72,45,22,50
29887,116,78,39,77
29888,90,59,29,61
29889,72,44,22,50
29890,72,45,22,50
29891,72,44,22,50
29892,103,69,34,69
29893,103,68,34,69
29894,103,69,34,69
29895,72,44,22,50
29896,103,69,34,69
29897,72,44,22,50
29898,103,69,34,69
29899,72,44,22,50
29900,103,69,34,69
29901,103,68,34,69
29902,72,45,22,50
29903,72,44,22,50
29904,90,59,29,61
29905,72,44,22,50
29906,72,45,22,50
29907,72,44,22,50
29908,90,59,29,61
29909,90,58,29,61
29910,72,45,22,50
29911,72,44,22,50
29912,116,79,39,77
29913,103,68,34,69
29914,116,79,39,77
29915,72,44,22,50
29916,116,79,39,77
29917,116,78,39,77
29918,116,79,39,77
29919,116,78,39,77
29920,134,93,46,88
29921,116,78,39,77
29922,90,59,29,61
29923,90,58,29,61
29924,165,117,58,107
29925,165,116,58,107
29926,165,117,58,107
29927,209,150,75,134
29928,134,93,46,88
29929,103,68,34,69
29930,134,93,46,88
29931,103,68,34,69
29932,41,21,10,31
29933,41,20,10,31
29934,41,21,10,31
29935,240,174,87,153
29936,134,93,46,88
29937,134,92,46,88
29938,72,45,22,50
29939,72,44,22,50
29940,134,93,46,88
29941,134,92,46,88
29942,72,45,22,50
29943,72,44,22,50
29944,72,45,22,50
29945,72,44,22,50
29946,72,45,22,50
29947,72,44,22,50
29948,72,45,22,50
29949,72,44,22,50
29950,165,117,58,107
29951,165,116,58,107
29952,28,11,5,23
29953,134,92,46,88
29954,209,151,75,134
29955,209,150,75,134
29956,90,59,29,61
29957,90,58,29,61
29958,90,59,29,61
29959,209,150,75,134
29960,165,117,58,107
29961,209,150,75,134
29962,165,117,58,107
29963,165,116,58,107
29964,165,117,58,107
29965,165,116,58,107
29966,165,117,58,107
29967,165,116,58,107
29968,90,59,29,61
29969,165,116,58,107
29970,64,39,19,45
29971,64,38,19,45
29972,90,59,29,61
29973,90,58,29,61
29974,165,117,58,107
29975,165,116,58,107
29976,90,59,29,61
29977,103,68,34,69
29978,90,59,29,61
29979,209,150,75,134
29980,72,45,22,50
29981,72,44,22,50
29982,72,45,22,50
29983,72,44,22,50
29984,178,127,63,115
29985,90,58,29,61
29986,64,39,19,45
29987,64,38,19,45
29988,64,39,19,45
29989,64,38,19,45
29990,64,39,19,45
29991,165,116,58,107
29992,178,127,63,115
29993,64,38,19,45
29994,178,127,63,115
29995,64,38,19,45
29996,90,59,29,61
29997,90,58,29,61
29998,90,59,29,61
29999,64,38,19,45
30000,178,127,63,115
30001,165,116,58,107
30002,165,117,58,107
30003,165,116,58,107
30004,178,127,63,115
30005,178,126,63,115
30006,90,59,29,61
30007,90,58,29,61
30008,64,39,19,45
30009,103,68,34,69
30010,64,39,19,45
30011,90,58,29,61
30012,64,39,19,45
30013,64,38,19,45
30014,165,117,58,107
30015,165,116,58,107
30016,28,11,5,23
30017,178,126,63,115
30018,116,79,39,77
30019,116,78,39,77
30020,178,127,63,115
30021,178,126,63,115
30022,178,127,63,115
30023,64,38,19,45
30024,165,117,58,107
30025,64,38,19,45
30026,165,117,58,107
30027,178,126,63,115
30028,165,117,58,107
30029,165,116,58,107
30030,103,69,34,69
30031,103,68,34,69
30032,28,11,5,23
30033,165,116,58,107
30034,209,151,75,134
30035,209,150,75,134
30036,28,11,5,23
30037,28,10,5,23
30038,134,93,46,88
30039,134,92,46,88
30040,64,39,19,45
30041,64,38,19,45
30042,64,39,19,45
30043,134,92,46,88
30044,64,39,19,45
30045,64,38,19,45
30046,64,39,19,45
30047,64,38,19,45
30048,90,59,29,61
30049,209,150,75,134
30050,90,59,29,61
30051,90,58,29,61
30052,90,59,29,61
30053,90,58,29,61
30054,90,59,29,61
30055,116,78,39,77
30056,90,59,29,61
30057,64,38,19,45
30058,90,59,29,61
30059,64,38,19,45
30060,209,151,75,134
30061,209,150,75,134
30062,209,151,75,134
30063,209,150,75,134
30064,90,59,29,61
30065,90,58,29,61
30066,90,59,29,61
30067,90,58,29,61
30068,90,59,29,61
30069,90,58,29,61
30070,64,39,19,45
30071,64,38,19,45
30072,90,59,29,61
30073,72,44,22,50
30074,90,59,29,61
30075,64,38,19,45
30076,90,59,29,61
30077,90,58,29,61
30078,271,199,99,172
30079,271,198,99,172
30080,134,93,46,88
30081,90,58,29,61
30082,90,59,29,61
30083,90,58,29,61
30084,46,25,12,34
30085,46,24,12,34
30086,46,25,12,34
30087,90,58,29,61
30088,41,21,10,31
30089,116,78,39,77
30090,41,21,10,31
30091,46,24,12,34
30092,41,21,10,31
30093,41,20,10,31
30094,46,25,12,34
30095,46,24,12,34
30096,41,21,10,31
30097,90,58,29,61
30098,90,59,29,61
30099,90,58,29,61
30100,41,21,10,31
30101,41,20,10,31
30102,209,151,75,134
30103,209,150,75,134
30104,41,21,10,31
30105,209,150,75,134
30106,41,21,10,31
30107,46,24,12,34
30108,152,107,53,99
30109,152,106,53,99
30110,152,107,53,99
30111,116,78,39,77
30112,134,93,46,88
30113,90,58,29,61
30114,64,39,19,45
30115,64,38,19,45
30116,64,39,19,45
30117,64,38,19,45
30118,64,39,19,45
30119,116,78,39,77
30120,134,93,46,88
30121,64,38,19,45
30122,134,93,46,88
30123,90,58,29,61
30124,64,39,19,45
30125,64,38,19,45
30126,64,39,19,45
30127,72,44,22,50
30128,90,59,29,61
30129,41,20,10,31
30130,41,21,10,31
30131,41,20,10,31
30132,90,59,29,61
30133,90,58,29,61
30134,116,79,39,77
30135,116,78,39,77
30136,90,59,29,61
30137,41,20,10,31
30138,90,59,29,61
30139,64,38,19,45
30140,90,59,29,61
30141,90,58,29,61
30142,90,59,29,61
30143,240,174,87,153
30144,134,93,46,88
30145,90,58,29,61
30146,90,59,29,61
30147,90,58,29,61
30148,134,93,46,88
30149,134,92,46,88
30150,134,93,46,88
30151,90,58,29,61
30152,116,79,39,77
30153,116,78,39,77
30154,116,79,39,77
30155,116,78,39,77
30156,116,79,39,77
30157,116,78,39,77
30158,103,69,34,69
30159,103,68,34,69
30160,134,93,46,88
30161,116,78,39,77
30162,90,59,29,61
30163,90,58,29,61
30164,134,93,46,88
30165,134,92,46,88
30166,90,59,29,61
30167,90,58,29,61
30168,116,79,39,77
30169,116,78,39,77
30170,116,79,39,77
30171,116,78,39,77
30172,116,79,39,77
30173,116,78,39,77
30174,209,151,75,134
30175,209,150,75,134
30176,41,21,10,31
30177,147,102,51,96
30178,134,93,46,88
30179,134,92,46,88
30180,72,45,22,50
30181,72,44,22,50
30182,72,45,22,50
30183,103,68,34,69
30184,41,21,10,31
30185,147,102,51,96
30186,41,21,10,31
30187,103,68,34,69
30188,116,79,39,77
30189,116,78,39,77
30190,116,79,39,77
30191,116,78,39,77
30192,41,21,10,31
30193,41,20,10,31
30194,116,79,39,77
30195,116,78,39,77
30196,41,21,10,31
30197,41,20,10,31
30198,116,79,39,77
30199,116,78,39,77
30200,90,59,29,61
30201,209,150,75,134
30202,90,59,29,61
30203,209,150,75,134
30204,90,59,29,61
30205,90,58,29,61
30206,116,79,39,77
30207,116,78,39,77
30208,41,21,10,31
30209,90,58,29,61
30210,134,93,46,88
30211,134,92,46,88
30212,134,93,46,88
30213,134,92,46,88
30214,134,93,46,88
30215,90,58,29,61
30216,134,93,46,88
30217,90,58,29,61
30218,134,93,46,88
30219,134,92,46,88
30220,134,93,46,88
30221,134,92,46,88
30222,209,151,75,134
30223,209,150,75,134
30224,85,55,27,58
30225,134,92,46,88
30226,90,59,29,61
30227,90,58,29,61
30228,85,55,27,58
30229,85,54,27,58
30230,90,59,29,61
30231,90,58,29,61
30232,85,55,27,58
30233,90,58,29,61
30234,85,55,27,58
30235,121,82,41,80
30236,134,93,46,88
30237,134,92,46,88
30238,134,93,46,88
30239,240,174,87,153
30240,41,21,10,31
30241,90,58,29,61
30242,85,55,27,58
30243,85,54,27,58
30244,85,55,27,58
30245,85,54,27,58
30246,85,55,27,58
30247,85,54,27,58
30248,41,21,10,31
30249,116,78,39,77
30250,41,21,10,31
30251,85,54,27,58
30252,85,55,27,58
30253,85,54,27,58
30254,85,55,27,58
30255,209,150,75,134
30256,41,21,10,31
30257,209,150,75,134
30258,209,151,75,134
30259,209,150,75,134
30260,41,21,10,31
30261,41,20,10,31
30262,222,161,80,142
30263,222,160,80,142
30264,134,93,46,88
30265,165,116,58,107
30266,134,93,46,88
30267,165,116,58,107
30268,134,93,46,88
30269,134,92,46,88
30270,103,69,34,69
30271,103,68,34,69
30272,41,21,10,31
30273,46,24,12,34
30274,46,25,12,34
30275,46,24,12,34
30276,134,93,46,88
30277,134,92,46,88
30278,134,93,46,88
30279,85,54,27,58
30280,134,93,46,88
30281,165,116,58,107
30282,134,93,46,88
30283,134,92,46,88
30284,134,93,46,88
30285,134,92,46,88
30286,147,103,51,96
30287,147,102,51,96
30288,41,21,10,31
30289,165,116,58,107
30290,165,117,58,107
30291,165,116,58,107
30292,41,21,10,31
30293,41,20,10,31
30294,85,55,27,58
30295,85,54,27,58
30296,85,55,27,58
30297,85,54,27,58
30298,85,55,27,58
30299,46,24,12,34
30300,85,55,27,58
30301,85,54,27,58
30302,85,55,27,58
30303,85,54,27,58
30304,41,21,10,31
30305,134,92,46,88
30306,85,55,27,58
30307,85,54,27,58
30308,85,55,27,58
30309,85,54,27,58
30310,85,55,27,58
30311,85,54,27,58
30312,41,21,10,31
30313,147,102,51,96
30314,41,21,10,31
30315,178,126,63,115
30316,134,93,46,88
30317,134,92,46,88
30318,134,93,46,88
30319,178,126,63,115
30320,178,127,63,115
30321,41,20,10,31
30322,85,55,27,58
30323,85,54,27,58
30324,178,127,63,115
30325,178,126,63,115
30326,85,55,27,58
30327,85,54,27,58
30328,178,127,63,115
30329,85,54,27,58
30330,178,127,63,115
30331,85,54,27,58
30332,85,55,27,58
30333,85,54,27,58
30334,85,55,27,58
30335,85,54,27,58
30336,41,21,10,31
30337,178,126,63,115
30338,41,21,10,31
30339,41,20,10,31
30340,134,93,46,88
30341,134,92,46,88
30342,134,93,46,88
30343,178,126,63,115
30344,72,45,22,50
30345,85,54,27,58
30346,72,45,22,50
30347,134,92,46,88
30348,72,45,22,50
30349,72,44,22,50
30350,209,151,75,134
30351,209,150,75,134
30352,72,45,22,50
30353,178,126,63,115
30354,178,127,63,115
30355,178,126,63,115
30356,72,45,22,50
30357,72,44,22,50
30358,72,45,22,50
30359,72,44,22,50
30360,72,45,22,50
30361,134,92,46,88
30362,72,45,22,50
30363,209,150,75,134
30364,178,127,63,115
30365,178,126,63,115
30366,178,127,63,115
30367,209,150,75,134
30368,41,21,10,31
30369,85,54,27,58
30370,178,127,63,115
30371,178,126,63,115
30372,178,127,63,115
30373,178,126,63,115
30374,178,127,63,115
30375,209,150,75,134
30376,41,21,10,31
30377,209,150,75,134
30378,41,21,10,31
30379,85,54,27,58
30380,134,93,46,88
30381,134,92,46,88
30382,134,93,46,88
30383,170,120,60,110
30384,72,45,22,50
30385,72,44,22,50
30386,72,45,22,50
30387,72,44,22,50
30388,72,45,22,50
30389,72,44,22,50
30390,134,93,46,88
30391,134,92,46,88
30392,72,45,22,50
30393,59,34,17,42
30394,72,45,22,50
30395,59,34,17,42
30396,59,35,17,42
30397,59,34,17,42
30398,59,35,17,42
30399,209,150,75,134
30400,33,15,7,26
30401,72,44,22,50
30402,85,55,27,58
30403,85,54,27,58
30404,33,15,7,26
30405,33,14,7,26
30406,33,15,7,26
30407,72,44,22,50
30408,33,15,7,26
30409,59,34,17,42
30410,33,15,7,26
30411,59,34,17,42
30412,33,15,7,26
30413,33,14,7,26
30414,85,55,27,58
30415,85,54,27,58
30416,33,15,7,26
30417,59,34,17,42
30418,59,35,17,42
30419,59,34,17,42
30420,33,15,7,26
30421,33,14,7,26
30422,72,45,22,50
30423,72,44,22,50
30424,85,55,27,58
30425,85,54,27,58
30426,85,55,27,58
30427,59,34,17,42
30428,85,55,27,58
30429,85,54,27,58
30430,116,79,39,77
30431,116,78,39,77
30432,33,15,7,26
30433,85,54,27,58
30434,33,15,7,26
30435,33,14,7,26
30436,33,15,7,26
30437,33,14,7,26
30438,33,15,7,26
30439,165,116,58,107
30440,33,15,7,26
30441,209,150,75,134
30442,33,15,7,26
30443,72,44,22,50
30444,134,93,46,88
30445,134,92,46,88
30446,134,93,46,88
30447,90,58,29,61
30448,134,93,46,88
30449,33,14,7,26
30450,85,55,27,58
30451,85,54,27,58
30452,134,93,46,88
30453,134,92,46,88
30454,147,103,51,96
30455,147,102,51,96
30456,134,93,46,88
30457,134,92,46,88
30458,134,93,46,88
30459,134,92,46,88
30460,59,35,17,42
30461,59,34,17,42
30462,59,35,17,42
30463,209,150,75,134
30464,41,21,10,31
30465,33,14,7,26
30466,85,55,27,58
30467,85,54,27,58
30468,178,127,63,115
30469,178,126,63,115
30470,178,127,63,115
30471,85,54,27,58
30472,178,127,63,115
30473,90,58,29,61
30474,178,127,63,115
30475,178,126,63,115
30476,178,127,63,115
30477,178,126,63,115
30478,178,127,63,115
30479,178,126,63,115
30480,41,21,10,31
30481,178,126,63,115
30482,178,127,63,115
30483,178,126,63,115
30484,41,21,10,31
30485,41,20,10,31
30486,134,93,46,88
30487,134,92,46,88
30488,41,21,10,31
30489,134,92,46,88
30490,41,21,10,31
30491,240,174,87,153
30492,72,45,22,50
30493,72,44,22,50
30494,72,45,22,50
30495,222,160,80,142
30496,33,15,7,26
30497,72,44,22,50
30498,85,55,27,58
30499,85,54,27,58
30500,85,55,27,58
30501,85,54,27,58
30502,85,55,27,58
30503,178,126,63,115
30504,33,15,7,26
30505,59,34,17,42
30506,33,15,7,26
30507,85,54,27,58
30508,85,55,27,58
30509,85,54,27,58
30510,85,55,27,58
30511,116,78,39,77
30512,33,15,7,26
30513,85,54,27,58
30514,85,55,27,58
30515,85,54,27,58
30516,33,15,7,26
30517,33,14,7,26
30518,85,55,27,58
30519,85,54,27,58
30520,178,127,63,115
30521,72,44,22,50
30522,178,127,63,115
30523,85,54,27,58
30524,178,127,63,115
30525,178,126,63,115
30526,178,127,63,115
30527,178,126,63,115
30528,41,21,10,31
30529,33,14,7,26
30530,134,93,46,88
30531,134,92,46,88
30532,33,15,7,26
30533,33,14,7,26
30534,33,15,7,26
30535,191,136,68,123
30536,85,55,27,58
30537,134,92,46,88
30538,85,55,27,58
30539,33,14,7,26
30540,85,55,27,58
30541,85,54,27,58
30542,85,55,27,58
30543,85,54,27,58
30544,41,21,10,31
30545,85,54,27,58
30546,147,103,51,96
30547,147,102,51,96
30548,41,21,10,31
30549,41,20,10,31
30550,85,55,27,58
30551,85,54,27,58
30552,33,15,7,26
30553,33,14,7,26
30554,33,15,7,26
30555,134,92,46,88
30556,33,15,7,26
30557,33,14,7,26
30558,33,15,7,26
30559,33,14,7,26
30560,33,15,7,26
30561,147,102,51,96
30562,33,15,7,26
30563,33,14,7,26
30564,33,15,7,26
30565,33,14,7,26
30566,33,15,7,26
30567,85,54,27,58
30568,33,15,7,26
30569,72,44,22,50
30570,33,15,7,26
30571,72,44,22,50
30572,72,45,22,50
30573,72,44,22,50
30574,72,45,22,50
30575,196,140,70,126
30576,33,15,7,26
30577,33,14,7,26
30578,72,45,22,50
30579,72,44,22,50
30580,33,15,7,26
30581,33,14,7,26
30582,72,45,22,50
30583,72,44,22,50
30584,178,127,63,115
30585,134,92,46,88
30586,178,127,63,115
30587,134,92,46,88
30588,178,127,63,115
30589,178,126,63,115
30590,85,55,27,58
30591,85,54,27,58
30592,59,35,17,42
30593,85,54,27,58
30594,116,79,39,77
30595,116,78,39,77
30596,116,79,39,77
30597,116,78,39,77
30598,116,79,39,77
30599,116,78,39,77
30600,41,21,10,31
30601,72,44,22,50
30602,41,21,10,31
30603,178,126,63,115
30604,41,21,10,31
30605,41,20,10,31
30606,85,55,27,58
30607,85,54,27,58
30608,85,55,27,58
30609,178,126,63,115
30610,178,127,63,115
30611,178,126,63,115
30612,85,55,27,58
30613,85,54,27,58
30614,85,55,27,58
30615,85,54,27,58
30616,85,55,27,58
30617,85,54,27,58
30618,85,55,27,58
30619,134,92,46,88
30620,85,55,27,58
30621,85,54,27,58
30622,85,55,27,58
30623,165,116,58,107
30624,59,35,17,42
30625,85,54,27,58
30626,85,55,27,58
30627,85,54,27,58
30628,85,55,27,58
30629,85,54,27,58
30630,85,55,27,58
30631,178,126,63,115
30632,59,35,17,42
30633,90,58,29,61
30634,59,35,17,42
30635,85,54,27,58
30636,178,127,63,115
30637,178,126,63,115
30638,178,127,63,115
30639,178,126,63,115
30640,178,127,63,115
30641,41,20,10,31
30642,41,21,10,31
30643,41,20,10,31
30644,178,127,63,115
30645,178,126,63,115
30646,147,103,51,96
30647,147,102,51,96
30648,178,127,63,115
30649,33,14,7,26
30650,178,127,63,115
30651,33,14,7,26
30652,90,59,29,61
30653,90,58,29,61
30654,90,59,29,61
30655,147,102,51,96
30656,59,35,17,42
30657,178,126,63,115
30658,85,55,27,58
30659,85,54,27,58
30660,59,35,17,42
30661,59,34,17,42
30662,59,35,17,42
30663,85,54,27,58
30664,59,35,17,42
30665,147,102,51,96
30666,59,35,17,42
30667,59,34,17,42
30668,59,35,17,42
30669,59,34,17,42
30670,178,127,63,115
30671,178,126,63,115
30672,59,35,17,42
30673,59,34,17,42
30674,240,175,87,153
30675,240,174,87,153
30676,59,35,17,42
30677,59,34,17,42
30678,178,127,63,115
30679,178,126,63,115
30680,134,93,46,88
30681,59,34,17,42
30682,134,93,46,88
30683,33,14,7,26
30684,134,93,46,88
30685,134,92,46,88
30686,72,45,22,50
30687,72,44,22,50
30688,134,93,46,88
30689,72,44,22,50
30690,59,35,17,42
30691,59,34,17,42
30692,59,35,17,42
30693,59,34,17,42
30694,59,35,17,42
30695,134,92,46,88
30696,134,93,46,88
30697,116,78,39,77
30698,134,93,46,88
30699,116,78,39,77
30700,178,127,63,115
30701,178,126,63,115
30702,178,127,63,115
30703,178,126,63,115
30704,134,93,46,88
30705,134,92,46,88
30706,116,79,39,77
30707,116,78,39,77
30708,134,93,46,88
30709,134,92,46,88
30710,134,93,46,88
30711,134,92,46,88
30712,116,79,39,77
30713,59,34,17,42
30714,116,79,39,77
30715,253,184,92,161
30716,116,79,39,77
30717,116,78,39,77
30718,240,175,87,153
30719,240,174,87,153
30720,28,11,5,23
30721,178,126,63,115
30722,178,127,63,115
30723,178,126,63,115
30724,178,127,63,115
30725,178,126,63,115
30726,178,127,63,115
30727,178,126,63,115
30728,41,21,10,31
30729,116,78,39,77
30730,41,21,10,31
30731,178,126,63,115
30732,41,21,10,31
30733,41,20,10,31
30734,178,127,63,115
30735,178,126,63,115
30736,147,103,51,96
30737,41,20,10,31
30738,103,69,34,69
30739,103,68,34,69
30740,147,103,51,96
30741,147,102,51,96
30742,41,21,10,31
30743,41,20,10,31
30744,147,103,51,96
30745,59,34,17,42
30746,147,103,51,96
30747,134,92,46,88
30748,59,35,17,42
30749,59,34,17,42
30750,59,35,17,42
30751,103,68,34,69
30752,54,31,15,39
30753,59,34,17,42
30754,147,103,51,96
30755,147,102,51,96
30756,59,35,17,42
30757,59,34,17,42
30758,59,35,17,42
30759,178,126,63,115
30760,54,31,15,39
30761,116,78,39,77
30762,54,31,15,39
30763,59,34,17,42
30764,147,103,51,96
30765,147,102,51,96
30766,147,103,51,96
30767,178,126,63,115
30768,54,31,15,39
30769,178,126,63,115
30770,178,127,63,115
30771,178,126,63,115
30772,54,31,15,39
30773,54,30,15,39
30774,116,79,39,77
30775,116,78,39,77
30776,147,103,51,96
30777,147,102,51,96
30778,147,103,51,96
30779,59,34,17,42
30780,147,103,51,96
30781,147,102,51,96
30782,178,127,63,115
30783,178,126,63,115
30784,54,31,15,39
30785,59,34,17,42
30786,59,35,17,42
30787,59,34,17,42
30788,54,31,15,39
30789,54,30,15,39
30790,54,31,15,39
30791,209,150,75,134
30792,134,93,46,88
30793,178,126,63,115
30794,134,93,46,88
30795,54,30,15,39
30796,134,93,46,88
30797,134,92,46,88
30798,147,103,51,96
30799,147,102,51,96
30800,54,31,15,39
30801,134,92,46,88
30802,147,103,51,96
30803,147,102,51,96
30804,54,31,15,39
30805,54,30,15,39
30806,147,103,51,96
30807,147,102,51,96
30808,147,103,51,96
30809,147,102,51,96
30810,147,103,51,96
30811,178,126,63,115
30812,147,103,51,96
30813,147,102,51,96
30814,59,35,17,42
30815,59,34,17,42
30816,54,31,15,39
30817,134,92,46,88
30818,147,103,51,96
30819,147,102,51,96
30820,147,103,51,96
30821,147,102,51,96
30822,147,103,51,96
30823,209,150,75,134
30824,54,31,15,39
30825,134,92,46,88
30826,54,31,15,39
30827,72,44,22,50
30828,72,45,22,50
30829,72,44,22,50
30830,72,45,22,50
30831,165,116,58,107
30832,54,31,15,39
30833,54,30,15,39
30834,147,103,51,96
30835,147,102,51,96
30836,54,31,15,39
30837,54,30,15,39
30838,147,103,51,96
30839,147,102,51,96
30840,54,31,15,39
30841,165,116,58,107
30842,54,31,15,39
30843,165,116,58,107
30844,134,93,46,88
30845,134,92,46,88
30846,134,93,46,88
30847,165,116,58,107
30848,28,11,5,23
30849,59,34,17,42
30850,85,55,27,58
30851,85,54,27,58
30852,85,55,27,58
30853,85,54,27,58
30854,85,55,27,58
30855,147,102,51,96
30856,54,31,15,39
30857,139,96,48,91
30858,54,31,15,39
30859,178,126,63,115
30860,54,31,15,39
30861,54,30,15,39
30862,147,103,51,96
30863,147,102,51,96
30864,59,35,17,42
30865,85,54,27,58
30866,85,55,27,58
30867,85,54,27,58
30868,59,35,17,42
30869,59,34,17,42
30870,54,31,15,39
30871,54,30,15,39
30872,59,35,17,42
30873,116,78,39,77
30874,59,35,17,42
30875,85,54,27,58
30876,54,31,15,39
30877,54,30,15,39
30878,54,31,15,39
30879,191,136,68,123
30880,28,11,5,23
30881,147,102,51,96
30882,59,35,17,42
30883,59,34,17,42
30884,116,79,39,77
30885,116,78,39,77
30886,116,79,39,77
30887,85,54,27,58
30888,28,11,5,23
30889,116,78,39,77
30890,28,11,5,23
30891,59,34,17,42
30892,54,31,15,39
30893,54,30,15,39
30894,54,31,15,39
30895,165,116,58,107
30896,147,103,51,96
30897,59,34,17,42
30898,59,35,17,42
30899,59,34,17,42
30900,147,103,51,96
30901,147,102,51,96
30902,59,35,17,42
30903,59,34,17,42
30904,147,103,51,96
30905,59,34,17,42
30906,147,103,51,96
30907,90,58,29,61
30908,90,59,29,61
30909,90,58,29,61
30910,90,59,29,61
30911,90,58,29,61
30912,28,11,5,23
30913,191,136,68,123
30914,191,137,68,123
30915,191,136,68,123
30916,147,103,51,96
30917,147,102,51,96
30918,147,103,51,96
30919,191,136,68,123
30920,147,103,51,96
30921,147,102,51,96
30922,147,103,51,96
30923,209,150,75,134
30924,147,103,51,96
30925,147,102,51,96
30926,134,93,46,88
30927,134,92,46,88
30928,28,11,5,23
30929,209,150,75,134
30930,209,151,75,134
30931,209,150,75,134
30932,28,11,5,23
30933,28,10,5,23
30934,85,55,27,58
30935,85,54,27,58
30936,85,55,27,58
30937,85,54,27,58
30938,85,55,27,58
30939,209,150,75,134
30940,85,55,27,58
30941,85,54,27,58
30942,90,59,29,61
30943,90,58,29,61
30944,147,103,51,96
30945,116,78,39,77
30946,28,11,5,23
30947,28,10,5,23
30948,178,127,63,115
30949,178,126,63,115
30950,178,127,63,115
30951,178,126,63,115
30952,147,103,51,96
30953,178,126,63,115
30954,147,103,51,96
30955,160,112,56,104
30956,147,103,51,96
30957,147,102,51,96
30958,147,103,51,96
30959,116,78,39,77
30960,147,103,51,96
30961,147,102,51,96
30962,147,103,51,96
30963,147,102,51,96
30964,147,103,51,96
30965,147,102,51,96
30966,147,103,51,96
30967,147,102,51,96
30968,116,79,39,77
30969,59,34,17,42
30970,116,79,39,77
30971,160,112,56,104
30972,116,79,39,77
30973,116,78,39,77
30974,59,35,17,42
30975,59,34,17,42
30976,103,69,34,69
30977,147,102,51,96
30978,147,103,51,96
30979,147,102,51,96
30980,54,31,15,39
30981,54,30,15,39
30982,54,31,15,39
30983,147,102,51,96
30984,54,31,15,39
30985,178,126,63,115
30986,54,31,15,39
30987,147,102,51,96
30988,54,31,15,39
30989,54,30,15,39
30990,116,79,39,77
30991,116,78,39,77
30992,54,31,15,39
30993,54,30,15,39
30994,165,117,58,107
30995,165,116,58,107
30996,54,31,15,39
30997,54,30,15,39
30998,178,127,63,115
30999,178,126,63,115
31000,54,31,15,39
31001,178,126,63,115
31002,54,31,15,39
31003,160,112,56,104
31004,178,127,63,115
31005,178,126,63,115
31006,178,127,63,115
31007,134,92,46,88
31008,54,31,15,39
31009,54,30,15,39
31010,147,103,51,96
31011,147,102,51,96
31012,147,103,51,96
31013,147,102,51,96
31014,147,103,51,96
31015,178,126,63,115
31016,54,31,15,39
31017,178,126,63,115
31018,54,31,15,39
31019,147,102,51,96
31020,54,31,15,39
31021,54,30,15,39
31022,54,31,15,39
31023,147,102,51,96
31024,54,31,15,39
31025,147,102,51,96
31026,147,103,51,96
31027,147,102,51,96
31028,54,31,15,39
31029,54,30,15,39
31030,85,55,27,58
31031,85,54,27,58
31032,147,103,51,96
31033,85,54,27,58
31034,147,103,51,96
31035,147,102,51,96
31036,147,103,51,96
31037,147,102,51,96
31038,121,83,41,80
31039,121,82,41,80
31040,103,69,34,69
31041,54,30,15,39
31042,134,93,46,88
31043,134,92,46,88
31044,147,103,51,96
31045,147,102,51,96
31046,147,103,51,96
31047,116,78,39,77
31048,147,103,51,96
31049,59,34,17,42
31050,147,103,51,96
31051,147,102,51,96
31052,147,103,51,96
31053,147,102,51,96
31054,116,79,39,77
31055,116,78,39,77
31056,103,69,34,69
31057,147,102,51,96
31058,147,103,51,96
31059,147,102,51,96
31060,103,69,34,69
31061,103,68,34,69
31062,147,103,51,96
31063,147,102,51,96
31064,54,31,15,39
31065,147,102,51,96
31066,54,31,15,39
31067,59,34,17,42
31068,54,31,15,39
31069,54,30,15,39
31070,116,79,39,77
31071,116,78,39,77
31072,41,21,10,31
31073,178,126,63,115
31074,116,79,39,77
31075,116,78,39,77
31076,116,79,39,77
31077,116,78,39,77
31078,116,79,39,77
31079,59,34,17,42
31080,41,21,10,31
31081,54,30,15,39
31082,41,21,10,31
31083,178,126,63,115
31084,116,79,39,77
31085,116,78,39,77
31086,116,79,39,77
31087,116,78,39,77
31088,41,21,10,31
31089,41,20,10,31
31090,116,79,39,77
31091,116,78,39,77
31092,41,21,10,31
31093,41,20,10,31
31094,59,35,17,42
31095,59,34,17,42
31096,54,31,15,39
31097,160,112,56,104
31098,54,31,15,39
31099,147,102,51,96
31100,54,31,15,39
31101,54,30,15,39
31102,147,103,51,96
31103,147,102,51,96
31104,103,69,34,69
31105,85,54,27,58
31106,85,55,27,58
31107,85,54,27,58
31108,85,55,27,58
31109,85,54,27,58
31110,85,55,27,58
31111,85,54,27,58
31112,41,21,10,31
31113,209,150,75,134
31114,41,21,10,31
31115,59,34,17,42
31116,41,21,10,31
31117,41,20,10,31
31118,85,55,27,58
31119,85,54,27,58
31120,41,21,10,31
31121,85,54,27,58
31122,85,55,27,58
31123,85,54,27,58
31124,41,21,10,31
31125,41,20,10,31
31126,85,55,27,58
31127,85,54,27,58
31128,41,21,10,31
31129,85,54,27,58
31130,41,21,10,31
31131,134,92,46,88
31132,85,55,27,58
31133,85,54,27,58
31134,85,55,27,58
31135,134,92,46,88
31136,103,69,34,69
31137,209,150,75,134
31138,222,161,80,142
31139,222,160,80,142
31140,222,161,80,142
31141,222,160,80,142
31142,222,161,80,142
31143,222,160,80,142
31144,103,69,34,69
31145,85,54,27,58
31146,103,69,34,69
31147,108,72,36,72
31148,72,45,22,50
31149,72,44,22,50
31150,72,45,22,50
31151,72,44,22,50
31152,85,55,27,58
31153,85,54,27,58
31154,85,55,27,58
31155,85,54,27,58
31156,85,55,27,58
31157,85,54,27,58
31158,54,31,15,39
31159,54,30,15,39
31160,85,55,27,58
31161,85,54,27,58
31162,85,55,27,58
31163,72,44,22,50
31164,72,45,22,50
31165,72,44,22,50
31166,72,45,22,50
31167,147,102,51,96
31168,147,103,51,96
31169,85,54,27,58
31170,85,55,27,58
31171,85,54,27,58
31172,103,69,34,69
31173,103,68,34,69
31174,103,69,34,69
31175,85,54,27,58
31176,147,103,51,96
31177,108,72,36,72
31178,147,103,51,96
31179,147,102,51,96
31180,147,103,51,96
31181,147,102,51,96
31182,85,55,27,58
31183,85,54,27,58
31184,147,103,51,96
31185,147,102,51,96
31186,85,55,27,58
31187,85,54,27,58
31188,147,103,51,96
31189,147,102,51,96
31190,222,161,80,142
31191,222,160,80,142
31192,147,103,51,96
31193,147,102,51,96
31194,147,103,51,96
31195,209,150,75,134
31196,147,103,51,96
31197,147,102,51,96
31198,85,55,27,58
31199,85,54,27,58
31200,147,103,51,96
31201,147,102,51,96
31202,147,103,51,96
31203,147,102,51,96
31204,147,103,51,96
31205,147,102,51,96
31206,147,103,51,96
31207,178,126,63,115
31208,147,103,51,96
31209,178,126,63,115
31210,147,103,51,96
31211,178,126,63,115
31212,147,103,51,96
31213,147,102,51,96
31214,147,103,51,96
31215,209,150,75,134
31216,178,127,63,115
31217,147,102,51,96
31218,147,103,51,96
31219,147,102,51,96
31220,178,127,63,115
31221,178,126,63,115
31222,108,73,36,72
31223,108,72,36,72
31224,178,127,63,115
31225,178,126,63,115
31226,178,127,63,115
31227,178,126,63,115
31228,85,55,27,58
31229,85,54,27,58
31230,85,55,27,58
31231,253,184,92,161
31232,28,11,5,23
31233,178,126,63,115
31234,147,103,51,96
31235,147,102,51,96
31236,147,103,51,96
31237,147,102,51,96
31238,147,103,51,96
31239,134,92,46,88
31240,103,69,34,69
31241,147,102,51,96
31242,103,69,34,69
31243,147,102,51,96
31244,103,69,34,69
31245,103,68,34,69
31246,253,185,92,161
31247,253,184,92,161
31248,41,21,10,31
31249,103,68,34,69
31250,147,103,51,96
31251,147,102,51,96
31252,41,21,10,31
31253,41,20,10,31
31254,134,93,46,88
31255,134,92,46,88
31256,41,21,10,31
31257,134,92,46,88
31258,41,21,10,31
31259,134,92,46,88
31260,134,93,46,88
31261,134,92,46,88
31262,134,93,46,88
31263,147,102,51,96
31264,103,69,34,69
31265,134,92,46,88
31266,41,21,10,31
31267,41,20,10,31
31268,134,93,46,88
31269,134,92,46,88
31270,134,93,46,88
31271,134,92,46,88
31272,103,69,34,69
31273,134,92,46,88
31274,103,69,34,69
31275,41,20,10,31
31276,41,21,10,31
31277,41,20,10,31
31278,41,21,10,31
31279,85,54,27,58
31280,103,69,34,69
31281,108,72,36,72
31282,108,73,36,72
31283,108,72,36,72
31284,103,69,34,69
31285,103,68,34,69
31286,147,103,51,96
31287,147,102,51,96
31288,85,55,27,58
31289,147,102,51,96
31290,85,55,27,58
31291,85,54,27,58
31292,85,55,27,58
31293,85,54,27,58
31294,85,55,27,58
31295,85,54,27,58
31296,54,31,15,39
31297,147,102,51,96
31298,147,103,51,96
31299,147,102,51,96
31300,147,103,51,96
31301,147,102,51,96
31302,147,103,51,96
31303,147,102,51,96
31304,147,103,51,96
31305,54,30,15,39
31306,147,103,51,96
31307,147,102,51,96
31308,147,103,51,96
31309,147,102,51,96
31310,54,31,15,39
31311,54,30,15,39
31312,54,31,15,39
31313,85,54,27,58
31314,85,55,27,58
31315,85,54,27,58
31316,54,31,15,39
31317,54,30,15,39
31318,85,55,27,58
31319,85,54,27,58
31320,103,69,34,69
31321,85,54,27,58
31322,103,69,34,69
31323,54,30,15,39
31324,103,69,34,69
31325,103,68,34,69
31326,178,127,63,115
31327,178,126,63,115
31328,54,31,15,39
31329,59,34,17,42
31330,59,35,17,42
31331,59,34,17,42
31332,59,35,17,42
31333,59,34,17,42
31334,59,35,17,42
31335,85,54,27,58
31336,54,31,15,39
31337,59,34,17,42
31338,54,31,15,39
31339,147,102,51,96
31340,59,35,17,42
31341,59,34,17,42
31342,59,35,17,42
31343,253,184,92,161
31344,85,55,27,58
31345,54,30,15,39
31346,160,113,56,104
31347,160,112,56,104
31348,85,55,27,58
31349,85,54,27,58
31350,103,69,34,69
31351,103,68,34,69
31352,85,55,27,58
31353,59,34,17,42
31354,85,55,27,58
31355,147,102,51,96
31356,85,55,27,58
31357,85,54,27,58
31358,85,55,27,58
31359,59,34,17,42
31360,28,11,5,23
31361,147,102,51,96
31362,54,31,15,39
31363,54,30,15,39
31364,54,31,15,39
31365,54,30,15,39
31366,54,31,15,39
31367,54,30,15,39
31368,54,31,15,39
31369,85,54,27,58
31370,54,31,15,39
31371,54,30,15,39
31372,54,31,15,39
31373,54,30,15,39
31374,147,103,51,96
31375,147,102,51,96
31376,178,127,63,115
31377,147,102,51,96
31378,147,103,51,96
31379,147,102,51,96
31380,178,127,63,115
31381,178,126,63,115
31382,54,31,15,39
31383,54,30,15,39
31384,178,127,63,115
31385,129,88,44,85
31386,178,127,63,115
31387,253,184,92,161
31388,129,89,44,85
31389,129,88,44,85
31390,129,89,44,85
31391,85,54,27,58
31392,28,11,5,23
31393,134,92,46,88
31394,178,127,63,115
31395,178,126,63,115
31396,129,89,44,85
31397,129,88,44,85
31398,129,89,44,85
31399,178,126,63,115
31400,28,11,5,23
31401,129,88,44,85
31402,28,11,5,23
31403,59,34,17,42
31404,85,55,27,58
31405,85,54,27,58
31406,85,55,27,58
31407,85,54,27,58
31408,85,55,27,58
31409,103,68,34,69
31410,103,69,34,69
31411,103,68,34,69
31412,85,55,27,58
31413,85,54,27,58
31414,85,55,27,58
31415,85,54,27,58
31416,85,55,27,58
31417,103,68,34,69
31418,85,55,27,58
31419,284,208,104,180
31420,85,55,27,58
31421,85,54,27,58
31422,85,55,27,58
31423,108,72,36,72
31424,147,103,51,96
31425,85,54,27,58
31426,85,55,27,58
31427,85,54,27,58
31428,103,69,34,69
31429,103,68,34,69
31430,103,69,34,69
31431,85,54,27,58
31432,103,69,34,69
31433,85,54,27,58
31434,103,69,34,69
31435,147,102,51,96
31436,103,69,34,69
31437,103,68,34,69
31438,129,89,44,85
31439,129,88,44,85
31440,147,103,51,96
31441,85,54,27,58
31442,85,55,27,58
31443,85,54,27,58
31444,147,103,51,96
31445,147,102,51,96
31446,85,55,27,58
31447,85,54,27,58
31448,85,55,27,58
31449,103,68,34,69
31450,85,55,27,58
31451,160,112,56,104
31452,85,55,27,58
31453,85,54,27,58
31454,85,55,27,58
31455,85,54,27,58
31456,147,103,51,96
31457,85,54,27,58
31458,147,103,51,96
31459,147,102,51,96
31460,54,31,15,39
31461,54,30,15,39
31462,54,31,15,39
31463,90,58,29,61
31464,147,103,51,96
31465,178,126,63,115
31466,147,103,51,96
31467,85,54,27,58
31468,54,31,15,39
31469,54,30,15,39
31470,54,31,15,39
31471,85,54,27,58
31472,103,69,34,69
31473,147,102,51,96
31474,85,55,27,58
31475,85,54,27,58
31476,103,69,34,69
31477,103,68,34,69
31478,54,31,15,39
31479,54,30,15,39
31480,103,69,34,69
31481,85,54,27,58
31482,103,69,34,69
31483,129,88,44,85
31484,85,55,27,58
31485,85,54,27,58
31486,85,55,27,58
31487,85,54,27,58
31488,54,31,15,39
31489,116,78,39,77
31490,116,79,39,77
31491,116,78,39,77
31492,147,103,51,96
31493,147,102,51,96
31494,147,103,51,96
31495,85,54,27,58
31496,129,89,44,85
31497,85,54,27,58
31498,129,89,44,85
31499,85,54,27,58
31500,129,89,44,85
31501,129,88,44,85
31502,147,103,51,96
31503,147,102,51,96
31504,28,11,5,23
31505,129,88,44,85
31506,103,69,34,69
31507,103,68,34,69
31508,28,11,5,23
31509,28,10,5,23
31510,129,89,44,85
31511,129,88,44,85
31512,28,11,5,23
31513,85,54,27,58
31514,28,11,5,23
31515,85,54,27,58
31516,147,103,51,96
31517,147,102,51,96
31518,147,103,51,96
31519,129,88,44,85
31520,28,11,5,23
31521,178,126,63,115
31522,147,103,51,96
31523,147,102,51,96
31524,147,103,51,96
31525,147,102,51,96
31526,147,103,51,96
31527,222,160,80,142
31528,28,11,5,23
31529,116,78,39,77
31530,28,11,5,23
31531,54,30,15,39
31532,85,55,27,58
31533,85,54,27,58
31534,85,55,27,58
31535,54,30,15,39
31536,28,11,5,23
31537,85,54,27,58
31538,85,55,27,58
31539,85,54,27,58
31540,28,11,5,23
31541,28,10,5,23
31542,85,55,27,58
31543,85,54,27,58
31544,178,127,63,115
31545,85,54,27,58
31546,178,127,63,115
31547,85,54,27,58
31548,178,127,63,115
31549,178,126,63,115
31550,85,55,27,58
31551,85,54,27,58
31552,54,31,15,39
31553,28,10,5,23
31554,103,69,34,69
31555,103,68,34,69
31556,103,69,34,69
31557,103,68,34,69
31558,103,69,34,69
31559,222,160,80,142
31560,103,69,34,69
31561,178,126,63,115
31562,103,69,34,69
31563,103,68,34,69
31564,103,69,34,69
31565,103,68,34,69
31566,178,127,63,115
31567,178,126,63,115
31568,54,31,15,39
31569,178,126,63,115
31570,178,127,63,115
31571,178,126,63,115
31572,54,31,15,39
31573,54,30,15,39
31574,178,127,63,115
31575,178,126,63,115
31576,191,137,68,123
31577,191,136,68,123
31578,191,137,68,123
31579,116,78,39,77
31580,191,137,68,123
31581,191,136,68,123
31582,85,55,27,58
31583,85,54,27,58
31584,41,21,10,31
31585,85,54,27,58
31586,41,21,10,31
31587,41,20,10,31
31588,41,21,10,31
31589,41,20,10,31
31590,41,21,10,31
31591,85,54,27,58
31592,41,21,10,31
31593,77,48,24,53
31594,41,21,10,31
31595,191,136,68,123
31596,103,69,34,69
31597,103,68,34,69
31598,103,69,34,69
31599,77,48,24,53
31600,41,21,10,31
31601,41,20,10,31
31602,41,21,10,31
31603,41,20,10,31
31604,41,21,10,31
31605,41,20,10,31
31606,191,137,68,123
31607,191,136,68,123
31608,77,49,24,53
31609,85,54,27,58
31610,77,49,24,53
31611,103,68,34,69
31612,77,49,24,53
31613,77,48,24,53
31614,178,127,63,115
31615,178,126,63,115
31616,54,31,15,39
31617,178,126,63,115
31618,191,137,68,123
31619,191,136,68,123
31620,191,137,68,123
31621,191,136,68,123
31622,191,137,68,123
31623,191,136,68,123
31624,54,31,15,39
31625,85,54,27,58
31626,54,31,15,39
31627,77,48,24,53
31628,54,31,15,39
31629,54,30,15,39
31630,178,127,63,115
31631,178,126,63,115
31632,147,103,51,96
31633,41,20,10,31
31634,41,21,10,31
31635,41,20,10,31
31636,147,103,51,96
31637,147,102,51,96
31638,77,49,24,53
31639,77,48,24,53
31640,147,103,51,96
31641,77,48,24,53
31642,147,103,51,96
31643,41,20,10,31
31644,77,49,24,53
31645,77,48,24,53
31646,77,49,24,53
31647,77,48,24,53
31648,54,31,15,39
31649,77,48,24,53
31650,147,103,51,96
31651,147,102,51,96
31652,103,69,34,69
31653,103,68,34,69
31654,103,69,34,69
31655,77,48,24,53
31656,54,31,15,39
31657,222,160,80,142
31658,54,31,15,39
31659,103,68,34,69
31660,103,69,34,69
31661,103,68,34,69
31662,103,69,34,69
31663,103,68,34,69
31664,147,103,51,96
31665,147,102,51,96
31666,147,103,51,96
31667,147,102,51,96
31668,147,103,51,96
31669,147,102,51,96
31670,103,69,34,69
31671,103,68,34,69
31672,147,103,51,96
31673,103,68,34,69
31674,147,103,51,96
31675,103,68,34,69
31676,77,49,24,53
31677,77,48,24,53
31678,77,49,24,53
31679,77,48,24,53
31680,103,69,34,69
31681,103,68,34,69
31682,103,69,34,69
31683,103,68,34,69
31684,54,31,15,39
31685,54,30,15,39
31686,54,31,15,39
31687,284,208,104,180
31688,54,31,15,39
31689,103,68,34,69
31690,54,31,15,39
31691,54,30,15,39
31692,54,31,15,39
31693,54,30,15,39
31694,59,35,17,42
31695,59,34,17,42
31696,103,69,34,69
31697,54,30,15,39
31698,59,35,17,42
31699,59,34,17,42
31700,103,69,34,69
31701,103,68,34,69
31702,59,35,17,42
31703,59,34,17,42
31704,54,31,15,39
31705,54,30,15,39
31706,54,31,15,39
31707,103,68,34,69
31708,54,31,15,39
31709,54,30,15,39
31710,222,161,80,142
31711,222,160,80,142
31712,103,69,34,69
31713,222,160,80,142
31714,103,69,34,69
31715,103,68,34,69
31716,147,103,51,96
31717,147,102,51,96
31718,147,103,51,96
31719,165,116,58,107
31720,103,69,34,69
31721,129,88,44,85
31722,103,69,34,69
31723,103,68,34,69
31724,77,49,24,53
31725,77,48,24,53
31726,77,49,24,53
31727,129,88,44,85
31728,54,31,15,39
31729,103,68,34,69
31730,147,103,51,96
31731,147,102,51,96
31732,54,31,15,39
31733,54,30,15,39
31734,77,49,24,53
31735,77,48,24,53
31736,54,31,15,39
31737,85,54,27,58
31738,54,31,15,39
31739,129,88,44,85
31740,129,89,44,85
31741,129,88,44,85
31742,129,89,44,85
31743,222,160,80,142
31744,116,79,39,77
31745,103,68,34,69
31746,103,69,34,69
31747,103,68,34,69
31748,54,31,15,39
31749,54,30,15,39
31750,54,31,15,39
31751,103,68,34,69
31752,147,103,51,96
31753,103,68,34,69
31754,147,103,51,96
31755,54,30,15,39
31756,147,103,51,96
31757,147,102,51,96
31758,147,103,51,96
31759,147,102,51,96
31760,54,31,15,39
31761,147,102,51,96
31762,129,89,44,85
31763,129,88,44,85
31764,54,31,15,39
31765,54,30,15,39
31766,147,103,51,96
31767,147,102,51,96
31768,54,31,15,39
31769,116,78,39,77
31770,54,31,15,39
31771,129,88,44,85
31772,147,103,51,96
31773,147,102,51,96
31774,147,103,51,96
31775,77,48,24,53
31776,98,65,32,66
31777,103,68,34,69
31778,54,31,15,39
31779,54,30,15,39
31780,129,89,44,85
31781,129,88,44,85
31782,129,89,44,85
31783,129,88,44,85
31784,98,65,32,66
31785,129,88,44,85
31786,98,65,32,66
31787,54,30,15,39
31788,54,31,15,39
31789,54,30,15,39
31790,54,31,15,39
31791,160,112,56,104
31792,98,65,32,66
31793,54,30,15,39
31794,54,31,15,39
31795,54,30,15,39
31796,98,65,32,66
31797,98,64,32,66
31798,160,113,56,104
31799,160,112,56,104
31800,54,31,15,39
31801,129,88,44,85
31802,54,31,15,39
31803,129,88,44,85
31804,54,31,15,39
31805,54,30,15,39
31806,129,89,44,85
31807,129,88,44,85
31808,28,11,5,23
31809,103,68,34,69
31810,103,69,34,69
31811,103,68,34,69
31812,98,65,32,66
31813,98,64,32,66
31814,98,65,32,66
31815,54,30,15,39
31816,147,103,51,96
31817,222,160,80,142
31818,147,103,51,96
31819,98,64,32,66
31820,147,103,51,96
31821,147,102,51,96
31822,54,31,15,39
31823,54,30,15,39
31824,28,11,5,23
31825,147,102,51,96
31826,103,69,34,69
31827,103,68,34,69
31828,28,11,5,23
31829,28,10,5,23
31830,98,65,32,66
31831,98,64,32,66
31832,98,65,32,66
31833,147,102,51,96
31834,98,65,32,66
31835,147,102,51,96
31836,98,65,32,66
31837,98,64,32,66
31838,222,161,80,142
31839,222,160,80,142
31840,28,11,5,23
31841,103,68,34,69
31842,147,103,51,96
31843,147,102,51,96
31844,147,103,51,96
31845,147,102,51,96
31846,147,103,51,96
31847,191,136,68,123
31848,28,11,5,23
31849,103,68,34,69
31850,28,11,5,23
31851,134,92,46,88
31852,253,185,92,161
31853,253,184,92,161
31854,253,185,92,161
31855,77,48,24,53
31856,54,31,15,39
31857,28,10,5,23
31858,98,65,32,66
31859,98,64,32,66
31860,54,31,15,39
31861,54,30,15,39
31862,54,31,15,39
31863,54,30,15,39
31864,54,31,15,39
31865,98,64,32,66
31866,54,31,15,39
31867,54,30,15,39
31868,98,65,32,66
31869,98,64,32,66
31870,98,65,32,66
31871,147,102,51,96
31872,54,31,15,39
31873,222,160,80,142
31874,54,31,15,39
31875,54,30,15,39
31876,54,31,15,39
31877,54,30,15,39
31878,54,31,15,39
31879,235,170,85,150
31880,54,31,15,39
31881,178,126,63,115
31882,54,31,15,39
31883,147,102,51,96
31884,54,31,15,39
31885,54,30,15,39
31886,147,103,51,96
31887,147,102,51,96
31888,54,31,15,39
31889,59,34,17,42
31890,59,35,17,42
31891,59,34,17,42
31892,54,31,15,39
31893,54,30,15,39
31894,54,31,15,39
31895,54,30,15,39
31896,54,31,15,39
31897,147,102,51,96
31898,54,31,15,39
31899,59,34,17,42
31900,147,103,51,96
31901,147,102,51,96
31902,147,103,51,96
31903,191,136,68,123
31904,54,31,15,39
31905,160,112,56,104
31906,54,31,15,39
31907,54,30,15,39
31908,54,31,15,39
31909,54,30,15,39
31910,54,31,15,39
31911,160,112,56,104
31912,54,31,15,39
31913,147,102,51,96
31914,54,31,15,39
31915,98,64,32,66
31916,54,31,15,39
31917,54,30,15,39
31918,54,31,15,39
31919,59,34,17,42
31920,54,31,15,39
31921,98,64,32,66
31922,98,65,32,66
31923,98,64,32,66
31924,54,31,15,39
31925,54,30,15,39
31926,98,65,32,66
31927,98,64,32,66
31928,54,31,15,39
31929,98,64,32,66
31930,54,31,15,39
31931,98,64,32,66
31932,54,31,15,39
31933,54,30,15,39
31934,54,31,15,39
31935,222,160,80,142
31936,54,31,15,39
31937,191,136,68,123
31938,191,137,68,123
31939,191,136,68,123
31940,54,31,15,39
31941,54,30,15,39
31942,54,31,15,39
31943,98,64,32,66
31944,54,31,15,39
31945,191,136,68,123
31946,54,31,15,39
31947,191,136,68,123
31948,54,31,15,39
31949,54,30,15,39
31950,98,65,32,66
31951,98,64,32,66
31952,54,31,15,39
31953,98,64,32,66
31954,98,65,32,66
31955,98,64,32,66
31956,54,31,15,39
31957,54,30,15,39
31958,54,31,15,39
31959,54,30,15,39
31960,85,55,27,58
31961,85,54,27,58
31962,85,55,27,58
31963,147,102,51,96
31964,85,55,27,58
31965,85,54,27,58
31966,147,103,51,96
31967,147,102,51,96
31968,54,31,15,39
31969,147,102,51,96
31970,54,31,15,39
31971,54,30,15,39
31972,85,55,27,58
31973,85,54,27,58
31974,85,55,27,58
31975,191,136,68,123
31976,54,31,15,39
31977,191,136,68,123
31978,54,31,15,39
31979,98,64,32,66
31980,54,31,15,39
31981,54,30,15,39
31982,54,31,15,39
31983,160,112,56,104
31984,54,31,15,39
31985,54,30,15,39
31986,191,137,68,123
31987,191,136,68,123
31988,54,31,15,39
31989,54,30,15,39
31990,54,31,15,39
31991,54,30,15,39
31992,191,137,68,123
31993,191,136,68,123
31994,191,137,68,123
31995,98,64,32,66
31996,191,137,68,123
31997,191,136,68,123
31998,98,65,32,66
31999,98,64,32,66
32000,116,79,39,77
32001,147,102,51,96
32002,147,103,51,96
32003,147,102,51,96
32004,54,31,15,39
32005,54,30,15,39
32006,54,31,15,39
32007,183,130,65,118
32008,46,25,12,34
32009,85,54,27,58
32010,46,25,12,34
32011,85,54,27,58
32012,46,25,12,34
32013,46,24,12,34
32014,85,55,27,58
32015,85,54,27,58
32016,54,31,15,39
32017,46,24,12,34
32018,72,45,22,50
32019,72,44,22,50
32020,54,31,15,39
32021,54,30,15,39
32022,46,25,12,34
32023,46,24,12,34
32024,54,31,15,39
32025,85,54,27,58
32026,54,31,15,39
32027,253,184,92,161
32028,46,25,12,34
32029,46,24,12,34
32030,46,25,12,34
32031,46,24,12,34
32032,147,103,51,96
32033,46,24,12,34
32034,46,25,12,34
32035,46,24,12,34
32036,46,25,12,34
32037,46,24,12,34
32038,46,25,12,34
32039,46,24,12,34
32040,147,103,51,96
32041,98,64,32,66
32042,147,103,51,96
32043,72,44,22,50
32044,54,31,15,39
32045,54,30,15,39
32046,54,31,15,39
32047,72,44,22,50
32048,147,103,51,96
32049,98,64,32,66
32050,98,65,32,66
32051,98,64,32,66
32052,147,103,51,96
32053,147,102,51,96
32054,98,65,32,66
32055,98,64,32,66
32056,46,25,12,34
32057,129,88,44,85
32058,46,25,12,34
32059,54,30,15,39
32060,46,25,12,34
32061,46,24,12,34
32062,98,65,32,66
32063,98,64,32,66
32064,116,79,39,77
32065,147,102,51,96
32066,46,25,12,34
32067,46,24,12,34
32068,147,103,51,96
32069,147,102,51,96
32070,147,103,51,96
32071,85,54,27,58
32072,160,113,56,104
32073,147,102,51,96
32074,160,113,56,104
32075,147,102,51,96
32076,160,113,56,104
32077,160,112,56,104
32078,98,65,32,66
32079,98,64,32,66
32080,116,79,39,77
32081,160,112,56,104
32082,103,69,34,69
32083,103,68,34,69
32084,116,79,39,77
32085,116,78,39,77
32086,72,45,22,50
32087,72,44,22,50
32088,191,137,68,123
32089,54,30,15,39
32090,191,137,68,123
32091,72,44,22,50
32092,191,137,68,123
32093,191,136,68,123
32094,98,65,32,66
32095,98,64,32,66
32096,46,25,12,34
32097,191,136,68,123
32098,46,25,12,34
32099,46,24,12,34
32100,46,25,12,34
32101,46,24,12,34
32102,46,25,12,34
32103,103,68,34,69
32104,46,25,12,34
32105,191,136,68,123
32106,46,25,12,34
32107,191,136,68,123
32108,191,137,68,123
32109,191,136,68,123
32110,191,137,68,123
32111,191,136,68,123
32112,46,25,12,34
32113,46,24,12,34
32114,54,31,15,39
32115,54,30,15,39
32116,46,25,12,34
32117,46,24,12,34
32118,54,31,15,39
32119,54,30,15,39
32120,46,25,12,34
32121,253,184,92,161
32122,46,25,12,34
32123,85,54,27,58
32124,46,25,12,34
32125,46,24,12,34
32126,235,171,85,150
32127,235,170,85,150
32128,72,45,22,50
32129,98,64,32,66
32130,46,25,12,34
32131,46,24,12,34
32132,98,65,32,66
32133,98,64,32,66
32134,98,65,32,66
32135,46,24,12,34
32136,28,11,5,23
32137,46,24,12,34
32138,28,11,5,23
32139,98,64,32,66
32140,28,11,5,23
32141,28,10,5,23
32142,46,25,12,34
32143,46,24,12,34
32144,28,11,5,23
32145,191,136,68,123
32146,191,137,68,123
32147,191,136,68,123
32148,28,11,5,23
32149,28,10,5,23
32150,191,137,68,123
32151,191,136,68,123
32152,28,11,5,23
32153,191,136,68,123
32154,28,11,5,23
32155,98,64,32,66
32156,191,137,68,123
32157,191,136,68,123
32158,191,137,68,123
32159,72,44,22,50
32160,72,45,22,50
32161,147,102,51,96
32162,98,65,32,66
32163,98,64,32,66
32164,98,65,32,66
32165,98,64,32,66
32166,98,65,32,66
32167,46,24,12,34
32168,72,45,22,50
32169,147,102,51,96
32170,72,45,22,50
32171,46,24,12,34
32172,54,31,15,39
32173,54,30,15,39
32174,54,31,15,39
32175,98,64,32,66
32176,46,25,12,34
32177,46,24,12,34
32178,46,25,12,34
32179,46,24,12,34
32180,46,25,12,34
32181,46,24,12,34
32182,98,65,32,66
32183,98,64,32,66
32184,46,25,12,34
32185,46,24,12,34
32186,46,25,12,34
32187,46,24,12,34
32188,46,25,12,34
32189,46,24,12,34
32190,46,25,12,34
32191,147,102,51,96
32192,72,45,22,50
32193,46,24,12,34
32194,46,25,12,34
32195,46,24,12,34
32196,72,45,22,50
32197,72,44,22,50
32198,72,45,22,50
32199,46,24,12,34
32200,72,45,22,50
32201,46,24,12,34
32202,72,45,22,50
32203,85,54,27,58
32204,72,45,22,50
32205,72,44,22,50
32206,85,55,27,58
32207,85,54,27,58
32208,72,45,22,50
32209,72,44,22,50
32210,46,25,12,34
32211,46,24,12,34
32212,72,45,22,50
32213,72,44,22,50
32214,46,25,12,34
32215,46,24,12,34
32216,72,45,22,50
32217,72,44,22,50
32218,72,45,22,50
32219,191,136,68,123
32220,72,45,22,50
32221,72,44,22,50
32222,147,103,51,96
32223,147,102,51,96
32224,98,65,32,66
32225,98,64,32,66
32226,72,45,22,50
32227,72,44,22,50
32228,129,89,44,85
32229,129,88,44,85
32230,129,89,44,85
32231,129,88,44,85
32232,98,65,32,66
32233,85,54,27,58
32234,98,65,32,66
32235,129,88,44,85
32236,54,31,15,39
32237,54,30,15,39
32238,54,31,15,39
32239,129,88,44,85
32240,98,65,32,66
32241,98,64,32,66
32242,98,65,32,66
32243,98,64,32,66
32244,98,65,32,66
32245,98,64,32,66
32246,191,137,68,123
32247,191,136,68,123
32248,98,65,32,66
32249,98,64,32,66
32250,98,65,32,66
32251,98,64,32,66
32252,98,65,32,66
32253,98,64,32,66
32254,191,137,68,123
32255,191,136,68,123
32256,116,79,39,77
32257,98,64,32,66
32258,72,45,22,50
32259,72,44,22,50
32260,72,45,22,50
32261,72,44,22,50
32262,72,45,22,50
32263,98,64,32,66
32264,72,45,22,50
32265,98,64,32,66
32266,72,45,22,50
32267,72,44,22,50
32268,72,45,22,50
32269,72,44,22,50
32270,72,45,22,50
32271,72,44,22,50
32272,72,45,22,50
32273,72,44,22,50
32274,191,137,68,123
32275,191,136,68,123
32276,72,45,22,50
32277,72,44,22,50
32278,191,137,68,123
32279,191,136,68,123
32280,72,45,22,50
32281,191,136,68,123
32282,72,45,22,50
32283,103,68,34,69
32284,72,45,22,50
32285,72,44,22,50
32286,72,45,22,50
32287,85,54,27,58
32288,116,79,39,77
32289,103,68,34,69
32290,72,45,22,50
32291,72,44,22,50
32292,98,65,32,66
32293,98,64,32,66
32294,98,65,32,66
32295,72,44,22,50
32296,116,79,39,77
32297,103,68,34,69
32298,116,79,39,77
32299,72,44,22,50
32300,72,45,22,50
32301,72,44,22,50
32302,72,45,22,50
32303,98,64,32,66
32304,116,79,39,77
32305,191,136,68,123
32306,191,137,68,123
32307,191,136,68,123
32308,116,79,39,77
32309,116,78,39,77
32310,103,69,34,69
32311,103,68,34,69
32312,147,103,51,96
32313,253,184,92,161
32314,147,103,51,96
32315,72,44,22,50
32316,147,103,51,96
32317,147,102,51,96
32318,191,137,68,123
32319,191,136,68,123
32320,67,41,20,47
32321,147,102,51,96
32322,147,103,51,96
32323,147,102,51,96
32324,147,103,51,96
32325,147,102,51,96
32326,147,103,51,96
32327,85,54,27,58
32328,147,103,51,96
32329,85,54,27,58
32330,147,103,51,96
32331,147,102,51,96
32332,147,103,51,96
32333,147,102,51,96
32334,72,45,22,50
32335,72,44,22,50
32336,67,41,20,47
32337,147,102,51,96
32338,147,103,51,96
32339,147,102,51,96
32340,67,41,20,47
32341,67,40,20,47
32342,147,103,51,96
32343,147,102,51,96
32344,28,11,5,23
32345,129,88,44,85
32346,28,11,5,23
32347,147,102,51,96
32348,28,11,5,23
32349,28,10,5,23
32350,147,103,51,96
32351,147,102,51,96
32352,67,41,20,47
32353,129,88,44,85
32354,28,11,5,23
32355,28,10,5,23
32356,28,11,5,23
32357,28,10,5,23
32358,28,11,5,23
32359,191,136,68,123
32360,67,41,20,47
32361,253,184,92,161
32362,67,41,20,47
32363,191,136,68,123
32364,191,137,68,123
32365,191,136,68,123
32366,191,137,68,123
32367,191,136,68,123
32368,160,113,56,104
32369,67,40,20,47
32370,54,31,15,39
32371,54,30,15,39
32372,160,113,56,104
32373,160,112,56,104
32374,160,113,56,104
32375,160,112,56,104
32376,160,113,56,104
32377,191,136,68,123
32378,160,113,56,104
32379,160,112,56,104
32380,116,79,39,77
32381,116,78,39,77
32382,116,79,39,77
32383,98,64,32,66
32384,116,79,39,77
32385,54,30,15,39
32386,67,41,20,47
32387,67,40,20,47
32388,67,41,20,47
32389,67,40,20,47
32390,67,41,20,47
32391,72,44,22,50
32392,67,41,20,47
32393,191,136,68,123
32394,67,41,20,47
32395,67,40,20,47
32396,67,41,20,47
32397,67,40,20,47
32398,160,113,56,104
32399,160,112,56,104
32400,160,113,56,104
32401,67,40,20,47
32402,67,41,20,47
32403,67,40,20,47
32404,160,113,56,104
32405,160,112,56,104
32406,67,41,20,47
32407,67,40,20,47
32408,160,113,56,104
32409,160,112,56,104
32410,160,113,56,104
32411,129,88,44,85
32412,191,137,68,123
32413,191,136,68,123
32414,191,137,68,123
32415,266,194,97,169
32416,116,79,39,77
32417,67,40,20,47
32418,160,113,56,104
32419,160,112,56,104
32420,72,45,22,50
32421,72,44,22,50
32422,72,45,22,50
32423,160,112,56,104
32424,116,79,39,77
32425,191,136,68,123
32426,116,79,39,77
32427,191,136,68,123
32428,67,41,20,47
32429,67,40,20,47
32430,67,41,20,47
32431,72,44,22,50
32432,160,113,56,104
32433,67,40,20,47
32434,67,41,20,47
32435,67,40,20,47
32436,160,113,56,104
32437,160,112,56,104
32438,191,137,68,123
32439,191,136,68,123
32440,160,113,56,104
32441,147,102,51,96
32442,160,113,56,104
32443,147,102,51,96
32444,67,41,20,47
32445,67,40,20,47
32446,67,41,20,47
32447,152,106,53,99
32448,41,21,10,31
32449,160,112,56,104
32450,160,113,56,104
32451,160,112,56,104
32452,116,79,39,77
32453,116,78,39,77
32454,116,79,39,77
32455,160,112,56,104
32456,116,79,39,77
32457,160,112,56,104
32458,116,79,39,77
32459,72,44,22,50
32460,116,79,39,77
32461,116,78,39,77
32462,191,137,68,123
32463,191,136,68,123
32464,41,21,10,31
32465,160,112,56,104
32466,160,113,56,104
32467,160,112,56,104
32468,41,21,10,31
32469,41,20,10,31
32470,67,41,20,47
32471,67,40,20,47
32472,67,41,20,47
32473,67,40,20,47
32474,67,41,20,47
32475,85,54,27,58
32476,67,41,20,47
32477,67,40,20,47
32478,85,55,27,58
32479,85,54,27,58
32480,41,21,10,31
32481,67,40,20,47
32482,41,21,10,31
32483,41,20,10,31
32484,41,21,10,31
32485,41,20,10,31
32486,41,21,10,31
32487,160,112,56,104
32488,41,21,10,31
32489,67,40,20,47
32490,41,21,10,31
32491,67,40,20,47
32492,41,21,10,31
32493,41,20,10,31
32494,41,21,10,31
32495,85,54,27,58
32496,67,41,20,47
32497,41,20,10,31
32498,98,65,32,66
32499,98,64,32,66
32500,67,41,20,47
32501,67,40,20,47
32502,98,65,32,66
32503,98,64,32,66
32504,67,41,20,47
32505,67,40,20,47
32506,67,41,20,47
32507,152,106,53,99
32508,191,137,68,123
32509,191,136,68,123
32510,191,137,68,123
32511,85,54,27,58
32512,54,31,15,39
32513,41,20,10,31
32514,72,45,22,50
32515,72,44,22,50
32516,41,21,10,31
32517,41,20,10,31
32518,41,21,10,31
32519,72,44,22,50
32520,129,89,44,85
32521,67,40,20,47
32522,129,89,44,85
32523,72,44,22,50
32524,129,89,44,85
32525,129,88,44,85
32526,41,21,10,31
32527,41,20,10,31
32528,116,79,39,77
32529,129,88,44,85
32530,160,113,56,104
32531,160,112,56,104
32532,116,79,39,77
32533,116,78,39,77
32534,129,89,44,85
32535,129,88,44,85
32536,116,79,39,77
32537,98,64,32,66
32538,116,79,39,77
32539,152,106,53,99
32540,67,41,20,47
32541,67,40,20,47
32542,67,41,20,47
32543,72,44,22,50
32544,160,113,56,104
32545,160,112,56,104
32546,160,113,56,104
32547,160,112,56,104
32548,160,113,56,104
32549,160,112,56,104
32550,160,113,56,104
32551,72,44,22,50
32552,160,113,56,104
32553,160,112,56,104
32554,160,113,56,104
32555,160,112,56,104
32556,116,79,39,77
32557,116,78,39,77
32558,116,79,39,77
32559,160,112,56,104
32560,160,113,56,104
32561,116,78,39,77
32562,116,79,39,77
32563,116,78,39,77
32564,160,113,56,104
32565,160,112,56,104
32566,204,147,73,131
32567,204,146,73,131
32568,160,113,56,104
32569,160,112,56,104
32570,160,113,56,104
32571,160,112,56,104
32572,160,113,56,104
32573,160,112,56,104
32574,160,113,56,104
32575,160,112,56,104
32576,54,31,15,39
32577,160,112,56,104
32578,41,21,10,31
32579,41,20,10,31
32580,160,113,56,104
32581,160,112,56,104
32582,160,113,56,104
32583,222,160,80,142
32584,98,65,32,66
32585,41,20,10,31
32586,98,65,32,66
32587,160,112,56,104
32588,98,65,32,66
32589,98,64,32,66
32590,98,65,32,66
32591,98,64,32,66
32592,54,31,15,39
32593,98,64,32,66
32594,98,65,32,66
32595,98,64,32,66
32596,54,31,15,39
32597,54,30,15,39
32598,41,21,10,31
32599,41,20,10,31
32600,160,113,56,104
32601,160,112,56,104
32602,160,113,56,104
32603,191,136,68,123
32604,160,113,56,104
32605,160,112,56,104
32606,160,113,56,104
32607,160,112,56,104
32608,67,41,20,47
32609,173,122,61,112
32610,116,79,39,77
32611,116,78,39,77
32612,116,79,39,77
32613,116,78,39,77
32614,116,79,39,77
32615,178,126,63,115
32616,67,41,20,47
32617,160,112,56,104
32618,67,41,20,47
32619,160,112,56,104
32620,129,89,44,85
32621,129,88,44,85
32622,129,89,44,85
32623,160,112,56,104
32624,67,41,20,47
32625,67,40,20,47
32626,116,79,39,77
32627,116,78,39,77
32628,67,41,20,47
32629,67,40,20,47
32630,116,79,39,77
32631,116,78,39,77
32632,67,41,20,47
32633,160,112,56,104
32634,67,41,20,47
32635,160,112,56,104
32636,67,41,20,47
32637,67,40,20,47
32638,129,89,44,85
32639,129,88,44,85
32640,54,31,15,39
32641,67,40,20,47
32642,67,41,20,47
32643,67,40,20,47
32644,178,127,63,115
32645,178,126,63,115
32646,178,127,63,115
32647,67,40,20,47
32648,54,31,15,39
32649,129,88,44,85
32650,54,31,15,39
32651,178,126,63,115
32652,54,31,15,39
32653,54,30,15,39
32654,191,137,68,123
32655,191,136,68,123
32656,67,41,20,47
32657,191,136,68,123
32658,191,137,68,123
32659,191,136,68,123
32660,67,41,20,47
32661,67,40,20,47
32662,116,79,39,77
32663,116,78,39,77
32664,67,41,20,47
32665,116,78,39,77
32666,67,41,20,47
32667,67,40,20,47
32668,160,113,56,104
32669,160,112,56,104
32670,160,113,56,104
32671,173,122,61,112
32672,54,31,15,39
32673,67,40,20,47
32674,67,41,20,47
32675,67,40,20,47
32676,67,41,20,47
32677,67,40,20,47
32678,67,41,20,47
32679,129,88,44,85
32680,54,31,15,39
32681,129,88,44,85
32682,54,31,15,39
32683,160,112,56,104
32684,98,65,32,66
32685,98,64,32,66
32686,98,65,32,66
32687,67,40,20,47
32688,160,113,56,104
32689,54,30,15,39
32690,54,31,15,39
32691,54,30,15,39
32692,160,113,56,104
32693,160,112,56,104
32694,160,113,56,104
32695,160,112,56,104
32696,160,113,56,104
32697,116,78,39,77
32698,160,113,56,104
32699,116,78,39,77
32700,147,103,51,96
32701,147,102,51,96
32702,147,103,51,96
32703,98,64,32,66
32704,67,41,20,47
32705,160,112,56,104
32706,72,45,22,50
32707,72,44,22,50
32708,54,31,15,39
32709,54,30,15,39
32710,54,31,15,39
32711,160,112,56,104
32712,67,41,20,47
32713,129,88,44,85
32714,67,41,20,47
32715,54,30,15,39
32716,67,41,20,47
32717,67,40,20,47
32718,160,113,56,104
32719,160,112,56,104
32720,67,41,20,47
32721,67,40,20,47
32722,160,113,56,104
32723,160,112,56,104
32724,67,41,20,47
32725,67,40,20,47
32726,72,45,22,50
32727,72,44,22,50
32728,129,89,44,85
32729,54,30,15,39
32730,129,89,44,85
32731,129,88,44,85
32732,129,89,44,85
32733,129,88,44,85
32734,191,137,68,123
32735,191,136,68,123
32736,67,41,20,47
32737,72,44,22,50
32738,67,41,20,47
32739,67,40,20,47
32740,129,89,44,85
32741,129,88,44,85
32742,129,89,44,85
32743,67,40,20,47
32744,67,41,20,47
32745,191,136,68,123
32746,67,41,20,47
32747,72,44,22,50
32748,129,89,44,85
32749,129,88,44,85
32750,129,89,44,85
32751,129,88,44,85
32752,160,113,56,104
32753,67,40,20,47
32754,72,45,22,50
32755,72,44,22,50
32756,160,113,56,104
32757,160,112,56,104
32758,173,123,61,112
32759,173,122,61,112
32760,160,113,56,104
32761,160,112,56,104
32762,160,113,56,104
32763,160,112,56,104
32764,160,113,56,104
32765,160,112,56,104
32766,160,113,56,104
32767,129,88,44,85
32768,15,1,0,15
32769,98,64,32,66
32770,54,31,15,39
32771,54,30,15,39
32772,54,31,15,39
32773,54,30,15,39
32774,54,31,15,39
32775,54,30,15,39
32776,116,79,39,77
32777,54,30,15,39
32778,116,79,39,77
32779,54,30,15,39
32780,116,79,39,77
32781,116,78,39,77
32782,54,31,15,39
32783,54,30,15,39
32784,160,113,56,104
32785,116,78,39,77
32786,54,31,15,39
32787,54,30,15,39
32788,160,113,56,104
32789,160,112,56,104
32790,116,79,39,77
32791,116,78,39,77
32792,160,113,56,104
32793,54,30,15,39
32794,160,113,56,104
32795,98,64,32,66
32796,116,79,39,77
32797,116,78,39,77
32798,116,79,39,77
32799,98,64,32,66
32800,41,21,10,31
32801,235,170,85,150
32802,160,113,56,104
32803,160,112,56,104
32804,116,79,39,77
32805,116,78,39,77
32806,116,79,39,77
32807,235,170,85,150
32808,41,21,10,31
32809,222,160,80,142
32810,41,21,10,31
32811,85,54,27,58
32812,160,113,56,104
32813,160,112,56,104
32814,160,113,56,104
32815,147,102,51,96
32816,41,21,10,31
32817,98,64,32,66
32818,98,65,32,66
32819,98,64,32,66
32820,41,21,10,31
32821,41,20,10,31
32822,67,41,20,47
32823,67,40,20,47
32824,160,113,56,104
32825,98,64,32,66
32826,160,113,56,104
32827,98,64,32,66
32828,160,113,56,104
32829,160,112,56,104
32830,85,55,27,58
32831,85,54,27,58
32832,41,21,10,31
32833,116,78,39,77
32834,116,79,39,77
32835,116,78,39,77
32836,41,21,10,31
32837,41,20,10,31
32838,41,21,10,31
32839,85,54,27,58
32840,160,113,56,104
32841,98,64,32,66
32842,160,113,56,104
32843,41,20,10,31
32844,160,113,56,104
32845,160,112,56,104
32846,160,113,56,104
32847,160,112,56,104
32848,41,21,10,31
32849,160,112,56,104
32850,98,65,32,66
32851,98,64,32,66
32852,41,21,10,31
32853,41,20,10,31
32854,160,113,56,104
32855,160,112,56,104
32856,41,21,10,31
32857,160,112,56,104
32858,41,21,10,31
32859,160,112,56,104
32860,41,21,10,31
32861,41,20,10,31
32862,222,161,80,142
32863,222,160,80,142
32864,41,21,10,31
32865,98,64,32,66
32866,160,113,56,104
32867,160,112,56,104
32868,160,113,56,104
32869,160,112,56,104
32870,160,113,56,104
32871,121,82,41,80
32872,41,21,10,31
32873,160,112,56,104
32874,41,21,10,31
32875,191,136,68,123
32876,191,137,68,123
32877,191,136,68,123
32878,191,137,68,123
32879,191,136,68,123
32880,41,21,10,31
32881,41,20,10,31
32882,191,137,68,123
32883,191,136,68,123
32884,41,21,10,31
32885,41,20,10,31
32886,191,137,68,123
32887,191,136,68,123
32888,41,21,10,31
32889,147,102,51,96
32890,41,21,10,31
32891,121,82,41,80
32892,191,137,68,123
32893,191,136,68,123
32894,191,137,68,123
32895,160,112,56,104
32896,129,89,44,85
32897,98,64,32,66
32898,116,79,39,77
32899,116,78,39,77
32900,116,79,39,77
32901,116,78,39,77
32902,116,79,39,77
32903,160,112,56,104
32904,41,21,10,31
32905,191,136,68,123
32906,41,21,10,31
32907,160,112,56,104
32908,41,21,10,31
32909,41,20,10,31
32910,160,113,56,104
32911,160,112,56,104
32912,116,79,39,77
32913,266,194,97,169
32914,266,195,97,169
32915,266,194,97,169
32916,116,79,39,77
32917,116,78,39,77
32918,41,21,10,31
32919,41,20,10,31
32920,116,79,39,77
32921,54,30,15,39
32922,116,79,39,77
32923,160,112,56,104
32924,54,31,15,39
32925,54,30,15,39
32926,54,31,15,39
32927,98,64,32,66
32928,129,89,44,85
32929,147,102,51,96
32930,116,79,39,77
32931,116,78,39,77
32932,147,103,51,96
32933,147,102,51,96
32934,147,103,51,96
32935,160,112,56,104
32936,129,89,44,85
32937,98,64,32,66
32938,129,89,44,85
32939,147,102,51,96
32940,116,79,39,77
32941,116,78,39,77
32942,116,79,39,77
32943,147,102,51,96
32944,41,21,10,31
32945,116,78,39,77
32946,116,79,39,77
32947,116,78,39,77
32948,41,21,10,31
32949,41,20,10,31
32950,98,65,32,66
32951,98,64,32,66
32952,41,21,10,31
32953,121,82,41,80
32954,41,21,10,31
32955,121,82,41,80
32956,160,113,56,104
32957,160,112,56,104
32958,160,113,56,104
32959,121,82,41,80
32960,129,89,44,85
32961,98,64,32,66
32962,98,65,32,66
32963,98,64,32,66
32964,67,41,20,47
32965,67,40,20,47
32966,67,41,20,47
32967,98,64,32,66
32968,67,41,20,47
32969,41,20,10,31
32970,67,41,20,47
32971,160,112,56,104
32972,67,41,20,47
32973,67,40,20,47
32974,98,65,32,66
32975,98,64,32,66
32976,129,89,44,85
32977,160,112,56,104
32978,160,113,56,104
32979,160,112,56,104
32980,129,89,44,85
32981,129,88,44,85
32982,67,41,20,47
32983,67,40,20,47
32984,98,65,32,66
32985,67,40,20,47
32986,98,65,32,66
32987,98,64,32,66
32988,98,65,32,66
32989,98,64,32,66
32990,147,103,51,96
32991,147,102,51,96
32992,41,21,10,31
32993,147,102,51,96
32994,129,89,44,85
32995,129,88,44,85
32996,67,41,20,47
32997,67,40,20,47
32998,67,41,20,47
32999,116,78,39,77
33000,41,21,10,31
33001,191,136,68,123
33002,41,21,10,31
33003,72,44,22,50
33004,67,41,20,47
33005,67,40,20,47
33006,67,41,20,47
33007,72,44,22,50
33008,41,21,10,31
33009,41,20,10,31
33010,72,45,22,50
33011,72,44,22,50
33012,41,21,10,31
33013,41,20,10,31
33014,72,45,22,50
33015,72,44,22,50
33016,173,123,61,112
33017,72,44,22,50
33018,173,123,61,112
33019,266,194,97,169
33020,173,123,61,112
33021,173,122,61,112
33022,72,45,22,50
33023,72,44,22,50
33024,129,89,44,85
33025,98,64,32,66
33026,98,65,32,66
33027,98,64,32,66
33028,191,137,68,123
33029,191,136,68,123
33030,191,137,68,123
33031,160,112,56,104
33032,191,137,68,123
33033,98,64,32,66
33034,191,137,68,123
33035,41,20,10,31
33036,191,137,68,123
33037,191,136,68,123
33038,67,41,20,47
33039,67,40,20,47
33040,129,89,44,85
33041,191,136,68,123
33042,67,41,20,47
33043,67,40,20,47
33044,129,89,44,85
33045,129,88,44,85
33046,67,41,20,47
33047,67,40,20,47
33048,129,89,44,85
33049,67,40,20,47
33050,129,89,44,85
33051,160,112,56,104
33052,160,113,56,104
33053,160,112,56,104
33054,160,113,56,104
33055,160,112,56,104
33056,160,113,56,104
33057,191,136,68,123
33058,142,99,49,93
33059,142,98,49,93
33060,142,99,49,93
33061,142,98,49,93
33062,142,99,49,93
33063,142,98,49,93
33064,160,113,56,104
33065,266,194,97,169
33066,160,113,56,104
33067,142,98,49,93
33068,129,89,44,85
33069,129,88,44,85
33070,129,89,44,85
33071,191,136,68,123
33072,160,113,56,104
33073,41,20,10,31
33074,41,21,10,31
33075,41,20,10,31
33076,160,113,56,104
33077,160,112,56,104
33078,142,99,49,93
33079,142,98,49,93
33080,98,65,32,66
33081,72,44,22,50
33082,98,65,32,66
33083,98,64,32,66
33084,98,65,32,66
33085,98,64,32,66
33086,98,65,32,66
33087,98,64,32,66
33088,129,89,44,85
33089,160,112,56,104
33090,98,65,32,66
33091,98,64,32,66
33092,160,113,56,104
33093,160,112,56,104
33094,160,113,56,104
33095,191,136,68,123
33096,98,65,32,66
33097,98,64,32,66
33098,98,65,32,66
33099,160,112,56,104
33100,98,65,32,66
33101,98,64,32,66
33102,121,83,41,80
33103,121,82,41,80
33104,129,89,44,85
33105,98,64,32,66
33106,98,65,32,66
33107,98,64,32,66
33108,129,89,44,85
33109,129,88,44,85
33110,116,79,39,77
33111,116,78,39,77
33112,160,113,56,104
33113,116,78,39,77
33114,160,113,56,104
33115,116,78,39,77
33116,160,113,56,104
33117,160,112,56,104
33118,142,99,49,93
33119,142,98,49,93
33120,129,89,44,85
33121,98,64,32,66
33122,160,113,56,104
33123,160,112,56,104
33124,160,113,56,104
33125,160,112,56,104
33126,160,113,56,104
33127,98,64,32,66
33128,129,89,44,85
33129,98,64,32,66
33130,129,89,44,85
33131,98,64,32,66
33132,98,65,32,66
33133,98,64,32,66
33134,98,65,32,66
33135,98,64,32,66
33136,129,89,44,85
33137,129,88,44,85
33138,67,41,20,47
33139,67,40,20,47
33140,129,89,44,85
33141,129,88,44,85
33142,67,41,20,47
33143,67,40,20,47
33144,67,41,20,47
33145,103,68,34,69
33146,67,41,20,47
33147,191,136,68,123
33148,67,41,20,47
33149,67,40,20,47
33150,67,41,20,47
33151,67,40,20,47
33152,129,89,44,85
33153,116,78,39,77
33154,116,79,39,77
33155,116,78,39,77
33156,116,79,39,77
33157,116,78,39,77
33158,116,79,39,77
33159,116,78,39,77
33160,41,21,10,31
33161,67,40,20,47
33162,41,21,10,31
33163,98,64,32,66
33164,41,21,10,31
33165,41,20,10,31
33166,98,65,32,66
33167,98,64,32,66
33168,41,21,10,31
33169,129,88,44,85
33170,129,89,44,85
33171,129,88,44,85
33172,41,21,10,31
33173,41,20,10,31
33174,142,99,49,93
33175,142,98,49,93
33176,41,21,10,31
33177,142,98,49,93
33178,41,21,10,31
33179,98,64,32,66
33180,98,65,32,66
33181,98,64,32,66
33182,98,65,32,66
33183,129,88,44,85
33184,129,89,44,85
33185,160,112,56,104
33186,41,21,10,31
33187,41,20,10,31
33188,41,21,10,31
33189,41,20,10,31
33190,41,21,10,31
33191,116,78,39,77
33192,129,89,44,85
33193,191,136,68,123
33194,129,89,44,85
33195,142,98,49,93
33196,160,113,56,104
33197,160,112,56,104
33198,160,113,56,104
33199,41,20,10,31
33200,98,65,32,66
33201,41,20,10,31
33202,41,21,10,31
33203,41,20,10,31
33204,98,65,32,66
33205,98,64,32,66
33206,160,113,56,104
33207,160,112,56,104
33208,98,65,32,66
33209,41,20,10,31
33210,98,65,32,66
33211,160,112,56,104
33212,129,89,44,85
33213,129,88,44,85
33214,129,89,44,85
33215,129,88,44,85
33216,67,41,20,47
33217,98,64,32,66
33218,67,41,20,47
33219,67,40,20,47
33220,129,89,44,85
33221,129,88,44,85
33222,129,89,44,85
33223,98,64,32,66
33224,67,41,20,47
33225,41,20,10,31
33226,67,41,20,47
33227,191,136,68,123
33228,67,41,20,47
33229,67,40,20,47
33230,41,21,10,31
33231,41,20,10,31
33232,67,41,20,47
33233,67,40,20,47
33234,191,137,68,123
33235,191,136,68,123
33236,67,41,20,47
33237,67,40,20,47
33238,41,21,10,31
33239,41,20,10,31
33240,67,41,20,47
33241,67,40,20,47
33242,67,41,20,47
33243,116,78,39,77
33244,67,41,20,47
33245,67,40,20,47
33246,235,171,85,150
33247,235,170,85,150
33248,67,41,20,47
33249,116,78,39,77
33250,67,41,20,47
33251,67,40,20,47
33252,191,137,68,123
33253,191,136,68,123
33254,191,137,68,123
33255,191,136,68,123
33256,67,41,20,47
33257,191,136,68,123
33258,67,41,20,47
33259,191,136,68,123
33260,204,147,73,131
33261,204,146,73,131
33262,204,147,73,131
33263,90,58,29,61
33264,54,31,15,39
33265,67,40,20,47
33266,204,147,73,131
33267,204,146,73,131
33268,54,31,15,39
33269,54,30,15,39
33270,98,65,32,66
33271,98,64,32,66
33272,54,31,15,39
33273,98,64,32,66
33274,54,31,15,39
33275,54,30,15,39
33276,90,59,29,61
33277,90,58,29,61
33278,90,59,29,61
33279,90,58,29,61
33280,36,17,8,28
33281,54,30,15,39
33282,54,31,15,39
33283,54,30,15,39
33284,54,31,15,39
33285,54,30,15,39
33286,54,31,15,39
33287,116,78,39,77
33288,67,41,20,47
33289,54,30,15,39
33290,67,41,20,47
33291,54,30,15,39
33292,67,41,20,47
33293,67,40,20,47
33294,204,147,73,131
33295,204,146,73,131
33296,67,41,20,47
33297,67,40,20,47
33298,90,59,29,61
33299,90,58,29,61
33300,67,41,20,47
33301,67,40,20,47
33302,67,41,20,47
33303,67,40,20,47
33304,67,41,20,47
33305,67,40,20,47
33306,67,41,20,47
33307,54,30,15,39
33308,67,41,20,47
33309,67,40,20,47
33310,67,41,20,47
33311,204,146,73,131
33312,129,89,44,85
33313,67,40,20,47
33314,67,41,20,47
33315,67,40,20,47
33316,191,137,68,123
33317,191,136,68,123
33318,191,137,68,123
33319,67,40,20,47
33320,129,89,44,85
33321,90,58,29,61
33322,129,89,44,85
33323,67,40,20,47
33324,160,113,56,104
33325,160,112,56,104
33326,160,113,56,104
33327,90,58,29,61
33328,129,89,44,85
33329,160,112,56,104
33330,160,113,56,104
33331,160,112,56,104
33332,129,89,44,85
33333,129,88,44,85
33334,54,31,15,39
33335,54,30,15,39
33336,116,79,39,77
33337,90,58,29,61
33338,116,79,39,77
33339,67,40,20,47
33340,116,79,39,77
33341,116,78,39,77
33342,160,113,56,104
33343,160,112,56,104
33344,129,89,44,85
33345,160,112,56,104
33346,160,113,56,104
33347,160,112,56,104
33348,160,113,56,104
33349,160,112,56,104
33350,160,113,56,104
33351,67,40,20,47
33352,160,113,56,104
33353,116,78,39,77
33354,160,113,56,104
33355,160,112,56,104
33356,160,113,56,104
33357,160,112,56,104
33358,160,113,56,104
33359,160,112,56,104
33360,129,89,44,85
33361,116,78,39,77
33362,116,79,39,77
33363,116,78,39,77
33364,129,89,44,85
33365,129,88,44,85
33366,90,59,29,61
33367,90,58,29,61
33368,129,89,44,85
33369,90,58,29,61
33370,129,89,44,85
33371,235,170,85,150
33372,129,89,44,85
33373,129,88,44,85
33374,116,79,39,77
33375,116,78,39,77
33376,129,89,44,85
33377,67,40,20,47
33378,116,79,39,77
33379,116,78,39,77
33380,116,79,39,77
33381,116,78,39,77
33382,116,79,39,77
33383,116,78,39,77
33384,129,89,44,85
33385,67,40,20,47
33386,129,89,44,85
33387,67,40,20,47
33388,67,41,20,47
33389,67,40,20,47
33390,67,41,20,47
33391,67,40,20,47
33392,116,79,39,77
33393,129,88,44,85
33394,72,45,22,50
33395,72,44,22,50
33396,116,79,39,77
33397,116,78,39,77
33398,116,79,39,77
33399,116,78,39,77
33400,116,79,39,77
33401,67,40,20,47
33402,116,79,39,77
33403,67,40,20,47
33404,235,171,85,150
33405,235,170,85,150
33406,235,171,85,150
33407,142,98,49,93
33408,36,17,8,28
33409,116,78,39,77
33410,129,89,44,85
33411,129,88,44,85
33412,90,59,29,61
33413,90,58,29,61
33414,90,59,29,61
33415,116,78,39,77
33416,129,89,44,85
33417,142,98,49,93
33418,129,89,44,85
33419,90,58,29,61
33420,129,89,44,85
33421,129,88,44,85
33422,142,99,49,93
33423,142,98,49,93
33424,67,41,20,47
33425,67,40,20,47
33426,67,41,20,47
33427,67,40,20,47
33428,67,41,20,47
33429,67,40,20,47
33430,129,89,44,85
33431,129,88,44,85
33432,67,41,20,47
33433,67,40,20,47
33434,67,41,20,47
33435,90,58,29,61
33436,142,99,49,93
33437,142,98,49,93
33438,142,99,49,93
33439,90,58,29,61
33440,36,17,8,28
33441,116,78,39,77
33442,67,41,20,47
33443,67,40,20,47
33444,116,79,39,77
33445,116,78,39,77
33446,116,79,39,77
33447,116,78,39,77
33448,36,17,8,28
33449,90,58,29,61
33450,36,17,8,28
33451,160,112,56,104
33452,67,41,20,47
33453,67,40,20,47
33454,67,41,20,47
33455,160,112,56,104
33456,41,21,10,31
33457,67,40,20,47
33458,67,41,20,47
33459,67,40,20,47
33460,41,21,10,31
33461,41,20,10,31
33462,67,41,20,47
33463,67,40,20,47
33464,41,21,10,31
33465,67,40,20,47
33466,41,21,10,31
33467,129,88,44,85
33468,160,113,56,104
33469,160,112,56,104
33470,160,113,56,104
33471,235,170,85,150
33472,129,89,44,85
33473,41,20,10,31
33474,67,41,20,47
33475,67,40,20,47
33476,41,21,10,31
33477,41,20,10,31
33478,41,21,10,31
33479,142,98,49,93
33480,41,21,10,31
33481,111,74,37,74
33482,41,21,10,31
33483,111,74,37,74
33484,41,21,10,31
33485,41,20,10,31
33486,67,41,20,47
33487,67,40,20,47
33488,129,89,44,85
33489,111,74,37,74
33490,111,75,37,74
33491,111,74,37,74
33492,129,89,44,85
33493,129,88,44,85
33494,111,75,37,74
33495,111,74,37,74
33496,67,41,20,47
33497,41,20,10,31
33498,67,41,20,47
33499,173,122,61,112
33500,67,41,20,47
33501,67,40,20,47
33502,67,41,20,47
33503,67,40,20,47
33504,129,89,44,85
33505,142,98,49,93
33506,129,89,44,85
33507,129,88,44,85
33508,160,113,56,104
33509,160,112,56,104
33510,160,113,56,104
33511,142,98,49,93
33512,129,89,44,85
33513,142,98,49,93
33514,129,89,44,85
33515,111,74,37,74
33516,160,113,56,104
33517,160,112,56,104
33518,160,113,56,104
33519,235,170,85,150
33520,111,75,37,74
33521,129,88,44,85
33522,67,41,20,47
33523,67,40,20,47
33524,111,75,37,74
33525,111,74,37,74
33526,116,79,39,77
33527,116,78,39,77
33528,111,75,37,74
33529,41,20,10,31
33530,111,75,37,74
33531,160,112,56,104
33532,160,113,56,104
33533,160,112,56,104
33534,160,113,56,104
33535,160,112,56,104
33536,36,17,8,28
33537,41,20,10,31
33538,41,21,10,31
33539,41,20,10,31
33540,67,41,20,47
33541,67,40,20,47
33542,67,41,20,47
33543,116,78,39,77
33544,67,41,20,47
33545,160,112,56,104
33546,67,41,20,47
33547,160,112,56,104
33548,67,41,20,47
33549,67,40,20,47
33550,67,41,20,47
33551,67,40,20,47
33552,67,41,20,47
33553,67,40,20,47
33554,266,195,97,169
33555,266,194,97,169
33556,67,41,20,47
33557,67,40,20,47
33558,111,75,37,74
33559,111,74,37,74
33560,67,41,20,47
33561,111,74,37,74
33562,67,41,20,47
33563,116,78,39,77
33564,67,41,20,47
33565,67,40,20,47
33566,67,41,20,47
33567,67,40,20,47
33568,67,41,20,47
33569,111,74,37,74
33570,129,89,44,85
33571,129,88,44,85
33572,129,89,44,85
33573,129,88,44,85
33574,129,89,44,85
33575,160,112,56,104
33576,67,41,20,47
33577,235,170,85,150
33578,67,41,20,47
33579,67,40,20,47
33580,67,41,20,47
33581,67,40,20,47
33582,67,41,20,47
33583,67,40,20,47
33584,67,41,20,47
33585,67,40,20,47
33586,67,41,20,47
33587,67,40,20,47
33588,67,41,20,47
33589,67,40,20,47
33590,160,113,56,104
33591,160,112,56,104
33592,67,41,20,47
33593,72,44,22,50
33594,67,41,20,47
33595,67,40,20,47
33596,67,41,20,47
33597,67,40,20,47
33598,72,45,22,50
33599,72,44,22,50
33600,36,17,8,28
33601,67,40,20,47
33602,160,113,56,104
33603,160,112,56,104
33604,67,41,20,47
33605,67,40,20,47
33606,67,41,20,47
33607,160,112,56,104
33608,67,41,20,47
33609,67,40,20,47
33610,67,41,20,47
33611,67,40,20,47
33612,67,41,20,47
33613,67,40,20,47
33614,67,41,20,47
33615,67,40,20,47
33616,36,17,8,28
33617,160,112,56,104
33618,160,113,56,104
33619,160,112,56,104
33620,36,17,8,28
33621,36,16,8,28
33622,67,41,20,47
33623,67,40,20,47
33624,67,41,20,47
33625,67,40,20,47
33626,67,41,20,47
33627,235,170,85,150
33628,67,41,20,47
33629,67,40,20,47
33630,67,41,20,47
33631,67,40,20,47
33632,98,65,32,66
33633,111,74,37,74
33634,67,41,20,47
33635,67,40,20,47
33636,67,41,20,47
33637,67,40,20,47
33638,67,41,20,47
33639,116,78,39,77
33640,98,65,32,66
33641,67,40,20,47
33642,98,65,32,66
33643,67,40,20,47
33644,67,41,20,47
33645,67,40,20,47
33646,67,41,20,47
33647,204,146,73,131
33648,98,65,32,66
33649,98,64,32,66
33650,67,41,20,47
33651,67,40,20,47
33652,98,65,32,66
33653,98,64,32,66
33654,67,41,20,47
33655,67,40,20,47
33656,111,75,37,74
33657,173,122,61,112
33658,111,75,37,74
33659,111,74,37,74
33660,111,75,37,74
33661,111,74,37,74
33662,111,75,37,74
33663,111,74,37,74
33664,85,55,27,58
33665,67,40,20,47
33666,98,65,32,66
33667,98,64,32,66
33668,160,113,56,104
33669,160,112,56,104
33670,160,113,56,104
33671,98,64,32,66
33672,36,17,8,28
33673,98,64,32,66
33674,36,17,8,28
33675,160,112,56,104
33676,36,17,8,28
33677,36,16,8,28
33678,67,41,20,47
33679,67,40,20,47
33680,129,89,44,85
33681,67,40,20,47
33682,67,41,20,47
33683,67,40,20,47
33684,129,89,44,85
33685,129,88,44,85
33686,67,41,20,47
33687,67,40,20,47
33688,129,89,44,85
33689,67,40,20,47
33690,129,89,44,85
33691,67,40,20,47
33692,67,41,20,47
33693,67,40,20,47
33694,67,41,20,47
33695,160,112,56,104
33696,85,55,27,58
33697,67,40,20,47
33698,129,89,44,85
33699,129,88,44,85
33700,204,147,73,131
33701,204,146,73,131
33702,204,147,73,131
33703,67,40,20,47
33704,85,55,27,58
33705,204,146,73,131
33706,85,55,27,58
33707,204,146,73,131
33708,160,113,56,104
33709,160,112,56,104
33710,160,113,56,104
33711,129,88,44,85
33712,160,113,56,104
33713,160,112,56,104
33714,160,113,56,104
33715,160,112,56,104
33716,160,113,56,104
33717,160,112,56,104
33718,59,35,17,42
33719,59,34,17,42
33720,160,113,56,104
33721,59,34,17,42
33722,160,113,56,104
33723,59,34,17,42
33724,98,65,32,66
33725,98,64,32,66
33726,98,65,32,66
33727,204,146,73,131
33728,85,55,27,58
33729,67,40,20,47
33730,67,41,20,47
33731,67,40,20,47
33732,85,55,27,58
33733,85,54,27,58
33734,85,55,27,58
33735,59,34,17,42
33736,59,35,17,42
33737,67,40,20,47
33738,59,35,17,42
33739,160,112,56,104
33740,59,35,17,42
33741,59,34,17,42
33742,59,35,17,42
33743,59,34,17,42
33744,85,55,27,58
33745,59,34,17,42
33746,59,35,17,42
33747,59,34,17,42
33748,85,55,27,58
33749,85,54,27,58
33750,59,35,17,42
33751,59,34,17,42
33752,160,113,56,104
33753,85,54,27,58
33754,160,113,56,104
33755,160,112,56,104
33756,160,113,56,104
33757,160,112,56,104
33758,85,55,27,58
33759,85,54,27,58
33760,173,123,61,112
33761,98,64,32,66
33762,85,55,27,58
33763,85,54,27,58
33764,59,35,17,42
33765,59,34,17,42
33766,59,35,17,42
33767,160,112,56,104
33768,173,123,61,112
33769,191,136,68,123
33770,173,123,61,112
33771,142,98,49,93
33772,111,75,37,74
33773,111,74,37,74
33774,111,75,37,74
33775,111,74,37,74
33776,173,123,61,112
33777,173,122,61,112
33778,59,35,17,42
33779,59,34,17,42
33780,173,123,61,112
33781,173,122,61,112
33782,160,113,56,104
33783,160,112,56,104
33784,160,113,56,104
33785,98,64,32,66
33786,160,113,56,104
33787,160,112,56,104
33788,160,113,56,104
33789,160,112,56,104
33790,204,147,73,131
33791,204,146,73,131
33792,36,17,8,28
33793,129,88,44,85
33794,129,89,44,85
33795,129,88,44,85
33796,59,35,17,42
33797,59,34,17,42
33798,59,35,17,42
33799,129,88,44,85
33800,59,35,17,42
33801,85,54,27,58
33802,59,35,17,42
33803,59,34,17,42
33804,59,35,17,42
33805,59,34,17,42
33806,204,147,73,131
33807,204,146,73,131
33808,85,55,27,58
33809,59,34,17,42
33810,59,35,17,42
33811,59,34,17,42
33812,85,55,27,58
33813,85,54,27,58
33814,59,35,17,42
33815,59,34,17,42
33816,85,55,27,58
33817,59,34,17,42
33818,85,55,27,58
33819,204,146,73,131
33820,204,147,73,131
33821,204,146,73,131
33822,204,147,73,131
33823,204,146,73,131
33824,85,55,27,58
33825,204,146,73,131
33826,85,55,27,58
33827,85,54,27,58
33828,59,35,17,42
33829,59,34,17,42
33830,59,35,17,42
33831,67,40,20,47
33832,85,55,27,58
33833,67,40,20,47
33834,85,55,27,58
33835,59,34,17,42
33836,85,55,27,58
33837,85,54,27,58
33838,85,55,27,58
33839,266,194,97,169
33840,85,55,27,58
33841,85,54,27,58
33842,85,55,27,58
33843,85,54,27,58
33844,85,55,27,58
33845,85,54,27,58
33846,111,75,37,74
33847,111,74,37,74
33848,41,21,10,31
33849,111,74,37,74
33850,41,21,10,31
33851,111,74,37,74
33852,41,21,10,31
33853,41,20,10,31
33854,111,75,37,74
33855,111,74,37,74
33856,36,17,8,28
33857,41,20,10,31
33858,41,21,10,31
33859,41,20,10,31
33860,85,55,27,58
33861,85,54,27,58
33862,85,55,27,58
33863,111,74,37,74
33864,204,147,73,131
33865,204,146,73,131
33866,204,147,73,131
33867,85,54,27,58
33868,204,147,73,131
33869,204,146,73,131
33870,41,21,10,31
33871,41,20,10,31
33872,36,17,8,28
33873,204,146,73,131
33874,147,103,51,96
33875,147,102,51,96
33876,36,17,8,28
33877,36,16,8,28
33878,85,55,27,58
33879,85,54,27,58
33880,59,35,17,42
33881,111,74,37,74
33882,59,35,17,42
33883,111,74,37,74
33884,59,35,17,42
33885,59,34,17,42
33886,59,35,17,42
33887,59,34,17,42
33888,36,17,8,28
33889,85,54,27,58
33890,59,35,17,42
33891,59,34,17,42
33892,59,35,17,42
33893,59,34,17,42
33894,59,35,17,42
33895,111,74,37,74
33896,36,17,8,28
33897,59,34,17,42
33898,36,17,8,28
33899,59,34,17,42
33900,111,75,37,74
33901,111,74,37,74
33902,111,75,37,74
33903,111,74,37,74
33904,85,55,27,58
33905,36,16,8,28
33906,59,35,17,42
33907,59,34,17,42
33908,85,55,27,58
33909,85,54,27,58
33910,85,55,27,58
33911,85,54,27,58
33912,85,55,27,58
33913,59,34,17,42
33914,85,55,27,58
33915,59,34,17,42
33916,85,55,27,58
33917,85,54,27,58
33918,85,55,27,58
33919,59,34,17,42
33920,129,89,44,85
33921,59,34,17,42
33922,111,75,37,74
33923,111,74,37,74
33924,111,75,37,74
33925,111,74,37,74
33926,111,75,37,74
33927,98,64,32,66
33928,111,75,37,74
33929,98,64,32,66
33930,111,75,37,74
33931,59,34,17,42
33932,111,75,37,74
33933,111,74,37,74
33934,85,55,27,58
33935,85,54,27,58
33936,111,75,37,74
33937,85,54,27,58
33938,85,55,27,58
33939,85,54,27,58
33940,111,75,37,74
33941,111,74,37,74
33942,111,75,37,74
33943,111,74,37,74
33944,111,75,37,74
33945,111,74,37,74
33946,111,75,37,74
33947,204,146,73,131
33948,142,99,49,93
33949,142,98,49,93
33950,142,99,49,93
33951,173,122,61,112
33952,129,89,44,85
33953,142,98,49,93
33954,67,41,20,47
33955,67,40,20,47
33956,67,41,20,47
33957,67,40,20,47
33958,67,41,20,47
33959,142,98,49,93
33960,129,89,44,85
33961,98,64,32,66
33962,129,89,44,85
33963,111,74,37,74
33964,111,75,37,74
33965,111,74,37,74
33966,111,75,37,74
33967,111,74,37,74
33968,36,17,8,28
33969,111,74,37,74
33970,111,75,37,74
33971,111,74,37,74
33972,36,17,8,28
33973,36,16,8,28
33974,111,75,37,74
33975,111,74,37,74
33976,36,17,8,28
33977,204,146,73,131
33978,36,17,8,28
33979,204,146,73,131
33980,85,55,27,58
33981,85,54,27,58
33982,85,55,27,58
33983,111,74,37,74
33984,129,89,44,85
33985,85,54,27,58
33986,85,55,27,58
33987,85,54,27,58
33988,129,89,44,85
33989,129,88,44,85
33990,129,89,44,85
33991,85,54,27,58
33992,129,89,44,85
33993,85,54,27,58
33994,129,89,44,85
33995,85,54,27,58
33996,129,89,44,85
33997,129,88,44,85
33998,85,55,27,58
33999,85,54,27,58
34000,129,89,44,85
34001,204,146,73,131
34002,204,147,73,131
34003,204,146,73,131
34004,129,89,44,85
34005,129,88,44,85
34006,85,55,27,58
34007,85,54,27,58
34008,85,55,27,58
34009,129,88,44,85
34010,85,55,27,58
34011,85,54,27,58
34012,85,55,27,58
34013,85,54,27,58
34014,116,79,39,77
34015,116,78,39,77
34016,80,51,25,55
34017,204,146,73,131
34018,129,89,44,85
34019,129,88,44,85
34020,85,55,27,58
34021,85,54,27,58
34022,85,55,27,58
34023,173,122,61,112
34024,80,51,25,55
34025,129,88,44,85
34026,80,51,25,55
34027,85,54,27,58
34028,80,51,25,55
34029,80,50,25,55
34030,80,51,25,55
34031,111,74,37,74
34032,80,51,25,55
34033,80,50,25,55
34034,129,89,44,85
34035,129,88,44,85
34036,80,51,25,55
34037,80,50,25,55
34038,160,113,56,104
34039,160,112,56,104
34040,204,147,73,131
34041,160,112,56,104
34042,204,147,73,131
34043,85,54,27,58
34044,204,147,73,131
34045,204,146,73,131
34046,217,157,78,139
34047,217,156,78,139
34048,36,17,8,28
34049,160,112,56,104
34050,160,113,56,104
34051,160,112,56,104
34052,129,89,44,85
34053,129,88,44,85
34054,129,89,44,85
34055,98,64,32,66
34056,41,21,10,31
34057,98,64,32,66
34058,41,21,10,31
34059,160,112,56,104
34060,41,21,10,31
34061,41,20,10,31
34062,80,51,25,55
34063,80,50,25,55
34064,129,89,44,85
34065,41,20,10,31
34066,160,113,56,104
34067,160,112,56,104
34068,129,89,44,85
34069,129,88,44,85
34070,41,21,10,31
34071,41,20,10,31
34072,129,89,44,85
34073,142,98,49,93
34074,129,89,44,85
34075,142,98,49,93
34076,160,113,56,104
34077,160,112,56,104
34078,160,113,56,104
34079,41,20,10,31
34080,80,51,25,55
34081,129,88,44,85
34082,80,51,25,55
34083,80,50,25,55
34084,80,51,25,55
34085,80,50,25,55
34086,80,51,25,55
34087,41,20,10,31
34088,80,51,25,55
34089,204,146,73,131
34090,80,51,25,55
34091,80,50,25,55
34092,129,89,44,85
34093,129,88,44,85
34094,129,89,44,85
34095,204,146,73,131
34096,80,51,25,55
34097,173,122,61,112
34098,173,123,61,112
34099,173,122,61,112
34100,80,51,25,55
34101,80,50,25,55
34102,142,99,49,93
34103,142,98,49,93
34104,129,89,44,85
34105,173,122,61,112
34106,129,89,44,85
34107,129,88,44,85
34108,129,89,44,85
34109,129,88,44,85
34110,173,123,61,112
34111,173,122,61,112
34112,36,17,8,28
34113,80,50,25,55
34114,80,51,25,55
34115,80,50,25,55
34116,80,51,25,55
34117,80,50,25,55
34118,80,51,25,55
34119,191,136,68,123
34120,173,123,61,112
34121,80,50,25,55
34122,173,123,61,112
34123,80,50,25,55
34124,173,123,61,112
34125,173,122,61,112
34126,80,51,25,55
34127,80,50,25,55
34128,36,17,8,28
34129,173,122,61,112
34130,173,123,61,112
34131,173,122,61,112
34132,36,17,8,28
34133,36,16,8,28
34134,173,123,61,112
34135,173,122,61,112
34136,129,89,44,85
34137,173,122,61,112
34138,129,89,44,85
34139,80,50,25,55
34140,129,89,44,85
34141,129,88,44,85
34142,173,123,61,112
34143,173,122,61,112
34144,67,41,20,47
34145,204,146,73,131
34146,173,123,61,112
34147,173,122,61,112
34148,173,123,61,112
34149,173,122,61,112
34150,173,123,61,112
34151,80,50,25,55
34152,67,41,20,47
34153,85,54,27,58
34154,67,41,20,47
34155,85,54,27,58
34156,129,89,44,85
34157,129,88,44,85
34158,129,89,44,85
34159,204,146,73,131
34160,67,41,20,47
34161,67,40,20,47
34162,173,123,61,112
34163,173,122,61,112
34164,67,41,20,47
34165,67,40,20,47
34166,80,51,25,55
34167,80,50,25,55
34168,173,123,61,112
34169,235,170,85,150
34170,173,123,61,112
34171,173,122,61,112
34172,173,123,61,112
34173,173,122,61,112
34174,204,147,73,131
34175,204,146,73,131
34176,28,11,5,23
34177,80,50,25,55
34178,67,41,20,47
34179,67,40,20,47
34180,129,89,44,85
34181,129,88,44,85
34182,129,89,44,85
34183,67,40,20,47
34184,67,41,20,47
34185,173,122,61,112
34186,67,41,20,47
34187,129,88,44,85
34188,67,41,20,47
34189,67,40,20,47
34190,129,89,44,85
34191,129,88,44,85
34192,67,41,20,47
34193,54,30,15,39
34194,54,31,15,39
34195,54,30,15,39
34196,67,41,20,47
34197,67,40,20,47
34198,54,31,15,39
34199,54,30,15,39
34200,67,41,20,47
34201,54,30,15,39
34202,67,41,20,47
34203,173,122,61,112
34204,80,51,25,55
34205,80,50,25,55
34206,80,51,25,55
34207,160,112,56,104
34208,28,11,5,23
34209,80,50,25,55
34210,54,31,15,39
34211,54,30,15,39
34212,54,31,15,39
34213,54,30,15,39
34214,54,31,15,39
34215,98,64,32,66
34216,28,11,5,23
34217,80,50,25,55
34218,28,11,5,23
34219,54,30,15,39
34220,54,31,15,39
34221,54,30,15,39
34222,54,31,15,39
34223,54,30,15,39
34224,80,51,25,55
34225,67,40,20,47
34226,67,41,20,47
34227,67,40,20,47
34228,80,51,25,55
34229,80,50,25,55
34230,54,31,15,39
34231,54,30,15,39
34232,80,51,25,55
34233,67,40,20,47
34234,80,51,25,55
34235,111,74,37,74
34236,80,51,25,55
34237,80,50,25,55
34238,80,51,25,55
34239,310,228,114,196
34240,28,11,5,23
34241,80,50,25,55
34242,165,117,58,107
34243,165,116,58,107
34244,28,11,5,23
34245,28,10,5,23
34246,28,11,5,23
34247,204,146,73,131
34248,129,89,44,85
34249,67,40,20,47
34250,129,89,44,85
34251,54,30,15,39
34252,129,89,44,85
34253,129,88,44,85
34254,111,75,37,74
34255,111,74,37,74
34256,28,11,5,23
34257,129,88,44,85
34258,80,51,25,55
34259,80,50,25,55
34260,28,11,5,23
34261,28,10,5,23
34262,142,99,49,93
34263,142,98,49,93
34264,129,89,44,85
34265,129,88,44,85
34266,129,89,44,85
34267,129,88,44,85
34268,129,89,44,85
34269,129,88,44,85
34270,54,31,15,39
34271,54,30,15,39
34272,173,123,61,112
34273,142,98,49,93
34274,28,11,5,23
34275,28,10,5,23
34276,80,51,25,55
34277,80,50,25,55
34278,80,51,25,55
34279,165,116,58,107
34280,173,123,61,112
34281,54,30,15,39
34282,173,123,61,112
34283,85,54,27,58
34284,173,123,61,112
34285,173,122,61,112
34286,173,123,61,112
34287,80,50,25,55
34288,173,123,61,112
34289,173,122,61,112
34290,173,123,61,112
34291,173,122,61,112
34292,173,123,61,112
34293,173,122,61,112
34294,173,123,61,112
34295,173,122,61,112
34296,129,89,44,85
34297,129,88,44,85
34298,129,89,44,85
34299,129,88,44,85
34300,129,89,44,85
34301,129,88,44,85
34302,235,171,85,150
34303,235,170,85,150
34304,36,17,8,28
34305,217,156,78,139
34306,67,41,20,47
34307,67,40,20,47
34308,67,41,20,47
34309,67,40,20,47
34310,67,41,20,47
34311,173,122,61,112
34312,80,51,25,55
34313,173,122,61,112
34314,80,51,25,55
34315,67,40,20,47
34316,80,51,25,55
34317,80,50,25,55
34318,54,31,15,39
34319,54,30,15,39
34320,80,51,25,55
34321,80,50,25,55
34322,173,123,61,112
34323,173,122,61,112
34324,80,51,25,55
34325,80,50,25,55
34326,111,75,37,74
34327,111,74,37,74
34328,80,51,25,55
34329,111,74,37,74
34330,80,51,25,55
34331,111,74,37,74
34332,80,51,25,55
34333,80,50,25,55
34334,80,51,25,55
34335,111,74,37,74
34336,28,11,5,23
34337,67,40,20,47
34338,80,51,25,55
34339,80,50,25,55
34340,173,123,61,112
34341,173,122,61,112
34342,173,123,61,112
34343,173,122,61,112
34344,28,11,5,23
34345,54,30,15,39
34346,28,11,5,23
34347,80,50,25,55
34348,129,89,44,85
34349,129,88,44,85
34350,129,89,44,85
34351,204,146,73,131
34352,28,11,5,23
34353,129,88,44,85
34354,129,89,44,85
34355,129,88,44,85
34356,28,11,5,23
34357,28,10,5,23
34358,191,137,68,123
34359,191,136,68,123
34360,80,51,25,55
34361,80,50,25,55
34362,80,51,25,55
34363,142,98,49,93
34364,80,51,25,55
34365,80,50,25,55
34366,142,99,49,93
34367,142,98,49,93
34368,28,11,5,23
34369,80,50,25,55
34370,80,51,25,55
34371,80,50,25,55
34372,28,11,5,23
34373,28,10,5,23
34374,28,11,5,23
34375,129,88,44,85
34376,28,11,5,23
34377,173,122,61,112
34378,28,11,5,23
34379,28,10,5,23
34380,28,11,5,23
34381,28,10,5,23
34382,142,99,49,93
34383,142,98,49,93
34384,28,11,5,23
34385,80,50,25,55
34386,80,51,25,55
34387,80,50,25,55
34388,28,11,5,23
34389,28,10,5,23
34390,67,41,20,47
34391,67,40,20,47
34392,67,41,20,47
34393,67,40,20,47
34394,67,41,20,47
34395,142,98,49,93
34396,67,41,20,47
34397,67,40,20,47
34398,67,41,20,47
34399,67,40,20,47
34400,28,11,5,23
34401,80,50,25,55
34402,67,41,20,47
34403,67,40,20,47
34404,67,41,20,47
34405,67,40,20,47
34406,67,41,20,47
34407,80,50,25,55
34408,28,11,5,23
34409,129,88,44,85
34410,28,11,5,23
34411,129,88,44,85
34412,173,123,61,112
34413,173,122,61,112
34414,173,123,61,112
34415,80,50,25,55
34416,111,75,37,74
34417,28,10,5,23
34418,80,51,25,55
34419,80,50,25,55
34420,111,75,37,74
34421,111,74,37,74
34422,67,41,20,47
34423,67,40,20,47
34424,111,75,37,74
34425,80,50,25,55
34426,111,75,37,74
34427,67,40,20,47
34428,173,123,61,112
34429,173,122,61,112
34430,173,123,61,112
34431,142,98,49,93
34432,36,17,8,28
34433,80,50,25,55
34434,28,11,5,23
34435,28,10,5,23
34436,173,123,61,112
34437,173,122,61,112
34438,173,123,61,112
34439,173,122,61,112
34440,80,51,25,55
34441,173,122,61,112
34442,80,51,25,55
34443,173,122,61,112
34444,80,51,25,55
34445,80,50,25,55
34446,129,89,44,85
34447,129,88,44,85
34448,80,51,25,55
34449,80,50,25,55
34450,80,51,25,55
34451,80,50,25,55
34452,80,51,25,55
34453,80,50,25,55
34454,80,51,25,55
34455,80,50,25,55
34456,80,51,25,55
34457,67,40,20,47
34458,80,51,25,55
34459,160,112,56,104
34460,80,51,25,55
34461,80,50,25,55
34462,80,51,25,55
34463,85,54,27,58
34464,36,17,8,28
34465,80,50,25,55
34466,173,123,61,112
34467,173,122,61,112
34468,173,123,61,112
34469,173,122,61,112
34470,173,123,61,112
34471,80,50,25,55
34472,36,17,8,28
34473,85,54,27,58
34474,36,17,8,28
34475,85,54,27,58
34476,142,99,49,93
34477,142,98,49,93
34478,142,99,49,93
34479,67,40,20,47
34480,173,123,61,112
34481,28,10,5,23
34482,28,11,5,23
34483,28,10,5,23
34484,173,123,61,112
34485,173,122,61,112
34486,85,55,27,58
34487,85,54,27,58
34488,173,123,61,112
34489,142,98,49,93
34490,173,123,61,112
34491,142,98,49,93
34492,80,51,25,55
34493,80,50,25,55
34494,80,51,25,55
34495,142,98,49,93
34496,54,31,15,39
34497,173,122,61,112
34498,142,99,49,93
34499,142,98,49,93
34500,54,31,15,39
34501,54,30,15,39
34502,54,31,15,39
34503,173,122,61,112
34504,54,31,15,39
34505,173,122,61,112
34506,54,31,15,39
34507,186,132,66,120
34508,54,31,15,39
34509,54,30,15,39
34510,235,171,85,150
34511,235,170,85,150
34512,54,31,15,39
34513,173,122,61,112
34514,173,123,61,112
34515,173,122,61,112
34516,54,31,15,39
34517,54,30,15,39
34518,28,11,5,23
34519,28,10,5,23
34520,129,89,44,85
34521,129,88,44,85
34522,129,89,44,85
34523,67,40,20,47
34524,129,89,44,85
34525,129,88,44,85
34526,67,41,20,47
34527,67,40,20,47
34528,54,31,15,39
34529,67,40,20,47
34530,54,31,15,39
34531,54,30,15,39
34532,54,31,15,39
34533,54,30,15,39
34534,54,31,15,39
34535,111,74,37,74
34536,54,31,15,39
34537,111,74,37,74
34538,54,31,15,39
34539,67,40,20,47
34540,173,123,61,112
34541,173,122,61,112
34542,173,123,61,112
34543,111,74,37,74
34544,129,89,44,85
34545,54,30,15,39
34546,111,75,37,74
34547,111,74,37,74
34548,129,89,44,85
34549,129,88,44,85
34550,129,89,44,85
34551,129,88,44,85
34552,129,89,44,85
34553,54,30,15,39
34554,129,89,44,85
34555,248,180,90,158
34556,111,75,37,74
34557,111,74,37,74
34558,111,75,37,74
34559,235,170,85,150
34560,49,27,13,36
34561,54,30,15,39
34562,173,123,61,112
34563,173,122,61,112
34564,173,123,61,112
34565,173,122,61,112
34566,173,123,61,112
34567,173,122,61,112
34568,173,123,61,112
34569,160,112,56,104
34570,173,123,61,112
34571,111,74,37,74
34572,173,123,61,112
34573,173,122,61,112
34574,173,123,61,112
34575,173,122,61,112
34576,36,17,8,28
34577,173,122,61,112
34578,111,75,37,74
34579,111,74,37,74
34580,36,17,8,28
34581,36,16,8,28
34582,98,65,32,66
34583,98,64,32,66
34584,36,17,8,28
34585,98,64,32,66
34586,36,17,8,28
34587,98,64,32,66
34588,54,31,15,39
34589,54,30,15,39
34590,54,31,15,39
34591,129,88,44,85
34592,142,99,49,93
34593,173,122,61,112
34594,54,31,15,39
34595,54,30,15,39
34596,54,31,15,39
34597,54,30,15,39
34598,54,31,15,39
34599,54,30,15,39
34600,142,99,49,93
34601,173,122,61,112
34602,142,99,49,93
34603,54,30,15,39
34604,54,31,15,39
34605,54,30,15,39
34606,54,31,15,39
34607,111,74,37,74
34608,142,99,49,93
34609,54,30,15,39
34610,54,31,15,39
34611,54,30,15,39
34612,142,99,49,93
34613,142,98,49,93
34614,54,31,15,39
34615,54,30,15,39
34616,173,123,61,112
34617,54,30,15,39
34618,173,123,61,112
34619,54,30,15,39
34620,173,123,61,112
34621,173,122,61,112
34622,111,75,37,74
34623,111,74,37,74
34624,49,27,13,36
34625,142,98,49,93
34626,54,31,15,39
34627,54,30,15,39
34628,142,99,49,93
34629,142,98,49,93
34630,142,99,49,93
34631,173,122,61,112
34632,54,31,15,39
34633,204,146,73,131
34634,54,31,15,39
34635,142,98,49,93
34636,54,31,15,39
34637,54,30,15,39
34638,54,31,15,39
34639,54,30,15,39
34640,49,27,13,36
34641,54,30,15,39
34642,173,123,61,112
34643,173,122,61,112
34644,49,27,13,36
34645,49,26,13,36
34646,54,31,15,39
34647,54,30,15,39
34648,129,89,44,85
34649,142,98,49,93
34650,129,89,44,85
34651,134,92,46,88
34652,129,89,44,85
34653,129,88,44,85
34654,142,99,49,93
34655,142,98,49,93
34656,142,99,49,93
34657,129,88,44,85
34658,142,99,49,93
34659,142,98,49,93
34660,142,99,49,93
34661,142,98,49,93
34662,142,99,49,93
34663,173,122,61,112
34664,142,99,49,93
34665,54,30,15,39
34666,142,99,49,93
34667,54,30,15,39
34668,129,89,44,85
34669,129,88,44,85
34670,129,89,44,85
34671,173,122,61,112
34672,142,99,49,93
34673,142,98,49,93
34674,129,89,44,85
34675,129,88,44,85
34676,142,99,49,93
34677,142,98,49,93
34678,129,89,44,85
34679,129,88,44,85
34680,67,41,20,47
34681,67,40,20,47
34682,67,41,20,47
34683,173,122,61,112
34684,67,41,20,47
34685,67,40,20,47
34686,160,113,56,104
34687,160,112,56,104
34688,49,27,13,36
34689,129,88,44,85
34690,142,99,49,93
34691,142,98,49,93
34692,142,99,49,93
34693,142,98,49,93
34694,142,99,49,93
34695,142,98,49,93
34696,49,27,13,36
34697,160,112,56,104
34698,49,27,13,36
34699,160,112,56,104
34700,49,27,13,36
34701,49,26,13,36
34702,129,89,44,85
34703,129,88,44,85
34704,80,51,25,55
34705,54,30,15,39
34706,54,31,15,39
34707,54,30,15,39
34708,80,51,25,55
34709,80,50,25,55
34710,142,99,49,93
34711,142,98,49,93
34712,80,51,25,55
34713,142,98,49,93
34714,80,51,25,55
34715,134,92,46,88
34716,173,123,61,112
34717,173,122,61,112
34718,173,123,61,112
34719,279,204,102,177
34720,49,27,13,36
34721,142,98,49,93
34722,80,51,25,55
34723,80,50,25,55
34724,80,51,25,55
34725,80,50,25,55
34726,80,51,25,55
34727,111,74,37,74
34728,49,27,13,36
34729,173,122,61,112
34730,49,27,13,36
34731,54,30,15,39
34732,111,75,37,74
34733,111,74,37,74
34734,111,75,37,74
34735,80,50,25,55
34736,54,31,15,39
34737,49,26,13,36
34738,49,27,13,36
34739,49,26,13,36
34740,54,31,15,39
34741,54,30,15,39
34742,142,99,49,93
34743,142,98,49,93
34744,54,31,15,39
34745,111,74,37,74
34746,54,31,15,39
34747,111,74,37,74
34748,111,75,37,74
34749,111,74,37,74
34750,111,75,37,74
34751,111,74,37,74
34752,142,99,49,93
34753,54,30,15,39
34754,160,113,56,104
34755,160,112,56,104
34756,49,27,13,36
34757,49,26,13,36
34758,49,27,13,36
34759,142,98,49,93
34760,54,31,15,39
34761,80,50,25,55
34762,54,31,15,39
34763,54,30,15,39
34764,54,31,15,39
34765,54,30,15,39
34766,54,31,15,39
34767,54,30,15,39
34768,142,99,49,93
34769,54,30,15,39
34770,85,55,27,58
34771,85,54,27,58
34772,142,99,49,93
34773,142,98,49,93
34774,85,55,27,58
34775,85,54,27,58
34776,186,133,66,120
34777,49,26,13,36
34778,186,133,66,120
34779,85,54,27,58
34780,186,133,66,120
34781,186,132,66,120
34782,85,55,27,58
34783,85,54,27,58
34784,142,99,49,93
34785,186,132,66,120
34786,142,99,49,93
34787,142,98,49,93
34788,204,147,73,131
34789,204,146,73,131
34790,204,147,73,131
34791,111,74,37,74
34792,142,99,49,93
34793,129,88,44,85
34794,142,99,49,93
34795,111,74,37,74
34796,204,147,73,131
34797,204,146,73,131
34798,204,147,73,131
34799,204,146,73,131
34800,80,51,25,55
34801,142,98,49,93
34802,80,51,25,55
34803,80,50,25,55
34804,80,51,25,55
34805,80,50,25,55
34806,204,147,73,131
34807,204,146,73,131
34808,80,51,25,55
34809,80,50,25,55
34810,80,51,25,55
34811,85,54,27,58
34812,111,75,37,74
34813,111,74,37,74
34814,111,75,37,74
34815,111,74,37,74
34816,23,7,3,20
34817,173,122,61,112
34818,173,123,61,112
34819,173,122,61,112
34820,173,123,61,112
34821,173,122,61,112
34822,173,123,61,112
34823,173,122,61,112
34824,142,99,49,93
34825,155,108,54,101
34826,142,99,49,93
34827,173,122,61,112
34828,142,99,49,93
34829,142,98,49,93
34830,173,123,61,112
34831,173,122,61,112
34832,142,99,49,93
34833,142,98,49,93
34834,142,99,49,93
34835,142,98,49,93
34836,142,99,49,93
34837,142,98,49,93
34838,142,99,49,93
34839,142,98,49,93
34840,142,99,49,93
34841,54,30,15,39
34842,142,99,49,93
34843,155,108,54,101
34844,111,75,37,74
34845,111,74,37,74
34846,111,75,37,74
34847,54,30,15,39
34848,49,27,13,36
34849,111,74,37,74
34850,142,99,49,93
34851,142,98,49,93
34852,142,99,49,93
34853,142,98,49,93
34854,142,99,49,93
34855,111,74,37,74
34856,49,27,13,36
34857,129,88,44,85
34858,49,27,13,36
34859,173,122,61,112
34860,142,99,49,93
34861,142,98,49,93
34862,142,99,49,93
34863,111,74,37,74
34864,49,27,13,36
34865,111,74,37,74
34866,111,75,37,74
34867,111,74,37,74
34868,49,27,13,36
34869,49,26,13,36
34870,160,113,56,104
34871,160,112,56,104
34872,173,123,61,112
34873,142,98,49,93
34874,173,123,61,112
34875,111,74,37,74
34876,173,123,61,112
34877,173,122,61,112
34878,155,109,54,101
34879,155,108,54,101
34880,49,27,13,36
34881,173,122,61,112
34882,173,123,61,112
34883,173,122,61,112
34884,49,27,13,36
34885,49,26,13,36
34886,49,27,13,36
34887,129,88,44,85
34888,142,99,49,93
34889,155,108,54,101
34890,142,99,49,93
34891,49,26,13,36
34892,142,99,49,93
34893,142,98,49,93
34894,173,123,61,112
34895,173,122,61,112
34896,49,27,13,36
34897,142,98,49,93
34898,111,75,37,74
34899,111,74,37,74
34900,49,27,13,36
34901,49,26,13,36
34902,142,99,49,93
34903,142,98,49,93
34904,142,99,49,93
34905,142,98,49,93
34906,142,99,49,93
34907,111,74,37,74
34908,142,99,49,93
34909,142,98,49,93
34910,80,51,25,55
34911,80,50,25,55
34912,49,27,13,36
34913,80,50,25,55
34914,142,99,49,93
34915,142,98,49,93
34916,142,99,49,93
34917,142,98,49,93
34918,142,99,49,93
34919,116,78,39,77
34920,49,27,13,36
34921,80,50,25,55
34922,49,27,13,36
34923,80,50,25,55
34924,129,89,44,85
34925,129,88,44,85
34926,129,89,44,85
34927,111,74,37,74
34928,142,99,49,93
34929,49,26,13,36
34930,54,31,15,39
34931,54,30,15,39
34932,142,99,49,93
34933,142,98,49,93
34934,54,31,15,39
34935,54,30,15,39
34936,142,99,49,93
34937,111,74,37,74
34938,142,99,49,93
34939,111,74,37,74
34940,142,99,49,93
34941,142,98,49,93
34942,142,99,49,93
34943,111,74,37,74
34944,36,17,8,28
34945,54,30,15,39
34946,142,99,49,93
34947,142,98,49,93
34948,142,99,49,93
34949,142,98,49,93
34950,142,99,49,93
34951,54,30,15,39
34952,49,27,13,36
34953,111,74,37,74
34954,49,27,13,36
34955,111,74,37,74
34956,49,27,13,36
34957,49,26,13,36
34958,173,123,61,112
34959,173,122,61,112
34960,111,75,37,74
34961,54,30,15,39
34962,54,31,15,39
34963,54,30,15,39
34964,111,75,37,74
34965,111,74,37,74
34966,49,27,13,36
34967,49,26,13,36
34968,111,75,37,74
34969,173,122,61,112
34970,111,75,37,74
34971,54,30,15,39
34972,111,75,37,74
34973,111,74,37,74
34974,111,75,37,74
34975,111,74,37,74
34976,36,17,8,28
34977,54,30,15,39
34978,111,75,37,74
34979,111,74,37,74
34980,54,31,15,39
34981,54,30,15,39
34982,54,31,15,39
34983,204,146,73,131
34984,36,17,8,28
34985,155,108,54,101
34986,36,17,8,28
34987,142,98,49,93
34988,49,27,13,36
34989,49,26,13,36
34990,49,27,13,36
34991,142,98,49,93
34992,80,51,25,55
34993,80,50,25,55
34994,80,51,25,55
34995,80,50,25,55
34996,80,51,25,55
34997,80,50,25,55
34998,111,75,37,74
34999,111,74,37,74
35000,80,51,25,55
35001,80,50,25,55
35002,80,51,25,55
35003,204,146,73,131
35004,54,31,15,39
35005,54,30,15,39
35006,54,31,15,39
35007,80,50,25,55
35008,36,17,8,28
35009,80,50,25,55
35010,80,51,25,55
35011,80,50,25,55
35012,80,51,25,55
35013,80,50,25,55
35014,80,51,25,55
35015,54,30,15,39
35016,80,51,25,55
35017,80,50,25,55
35018,80,51,25,55
35019,80,50,25,55
35020,80,51,25,55
35021,80,50,25,55
35022,129,89,44,85
35023,129,88,44,85
35024,36,17,8,28
35025,80,50,25,55
35026,80,51,25,55
35027,80,50,25,55
35028,36,17,8,28
35029,36,16,8,28
35030,204,147,73,131
35031,204,146,73,131
35032,217,157,78,139
35033,217,156,78,139
35034,217,157,78,139
35035,204,146,73,131
35036,217,157,78,139
35037,217,156,78,139
35038,80,51,25,55
35039,80,50,25,55
35040,80,51,25,55
35041,103,68,34,69
35042,36,17,8,28
35043,36,16,8,28
35044,67,41,20,47
35045,67,40,20,47
35046,67,41,20,47
35047,217,156,78,139
35048,80,51,25,55
35049,111,74,37,74
35050,80,51,25,55
35051,67,40,20,47
35052,49,27,13,36
35053,49,26,13,36
35054,49,27,13,36
35055,111,74,37,74
35056,80,51,25,55
35057,80,50,25,55
35058,67,41,20,47
35059,67,40,20,47
35060,80,51,25,55
35061,80,50,25,55
35062,67,41,20,47
35063,67,40,20,47
35064,80,51,25,55
35065,67,40,20,47
35066,80,51,25,55
35067,129,88,44,85
35068,80,51,25,55
35069,80,50,25,55
35070,67,41,20,47
35071,67,40,20,47
35072,98,65,32,66
35073,80,50,25,55
35074,103,69,34,69
35075,103,68,34,69
35076,142,99,49,93
35077,142,98,49,93
35078,142,99,49,93
35079,103,68,34,69
35080,142,99,49,93
35081,80,50,25,55
35082,142,99,49,93
35083,80,50,25,55
35084,142,99,49,93
35085,142,98,49,93
35086,80,51,25,55
35087,80,50,25,55
35088,142,99,49,93
35089,142,98,49,93
35090,217,157,78,139
35091,217,156,78,139
35092,142,99,49,93
35093,142,98,49,93
35094,204,147,73,131
35095,204,146,73,131
35096,142,99,49,93
35097,204,146,73,131
35098,142,99,49,93
35099,80,50,25,55
35100,142,99,49,93
35101,142,98,49,93
35102,142,99,49,93
35103,103,68,34,69
35104,142,99,49,93
35105,142,98,49,93
35106,142,99,49,93
35107,142,98,49,93
35108,142,99,49,93
35109,142,98,49,93
35110,142,99,49,93
35111,173,122,61,112
35112,142,99,49,93
35113,173,122,61,112
35114,142,99,49,93
35115,67,40,20,47
35116,142,99,49,93
35117,142,98,49,93
35118,142,99,49,93
35119,142,98,49,93
35120,142,99,49,93
35121,142,98,49,93
35122,142,99,49,93
35123,142,98,49,93
35124,142,99,49,93
35125,142,98,49,93
35126,103,69,34,69
35127,103,68,34,69
35128,173,123,61,112
35129,173,122,61,112
35130,173,123,61,112
35131,173,122,61,112
35132,173,123,61,112
35133,173,122,61,112
35134,80,51,25,55
35135,80,50,25,55
35136,98,65,32,66
35137,142,98,49,93
35138,173,123,61,112
35139,173,122,61,112
35140,142,99,49,93
35141,142,98,49,93
35142,142,99,49,93
35143,129,88,44,85
35144,142,99,49,93
35145,129,88,44,85
35146,142,99,49,93
35147,142,98,49,93
35148,142,99,49,93
35149,142,98,49,93
35150,103,69,34,69
35151,103,68,34,69
35152,98,65,32,66
35153,248,180,90,158
35154,248,181,90,158
35155,248,180,90,158
35156,98,65,32,66
35157,98,64,32,66
35158,142,99,49,93
35159,142,98,49,93
35160,129,89,44,85
35161,129,88,44,85
35162,129,89,44,85
35163,129,88,44,85
35164,129,89,44,85
35165,129,88,44,85
35166,129,89,44,85
35167,129,88,44,85
35168,36,17,8,28
35169,80,50,25,55
35170,129,89,44,85
35171,129,88,44,85
35172,129,89,44,85
35173,129,88,44,85
35174,129,89,44,85
35175,85,54,27,58
35176,36,17,8,28
35177,129,88,44,85
35178,36,17,8,28
35179,85,54,27,58
35180,129,89,44,85
35181,129,88,44,85
35182,129,89,44,85
35183,129,88,44,85
35184,36,17,8,28
35185,36,16,8,28
35186,248,181,90,158
35187,248,180,90,158
35188,36,17,8,28
35189,36,16,8,28
35190,248,181,90,158
35191,248,180,90,158
35192,103,69,34,69
35193,155,108,54,101
35194,103,69,34,69
35195,129,88,44,85
35196,103,69,34,69
35197,103,68,34,69
35198,142,99,49,93
35199,142,98,49,93
35200,98,65,32,66
35201,142,98,49,93
35202,80,51,25,55
35203,80,50,25,55
35204,80,51,25,55
35205,80,50,25,55
35206,80,51,25,55
35207,80,50,25,55
35208,142,99,49,93
35209,155,108,54,101
35210,142,99,49,93
35211,80,50,25,55
35212,142,99,49,93
35213,142,98,49,93
35214,80,51,25,55
35215,80,50,25,55
35216,142,99,49,93
35217,49,26,13,36
35218,49,27,13,36
35219,49,26,13,36
35220,142,99,49,93
35221,142,98,49,93
35222,49,27,13,36
35223,49,26,13,36
35224,142,99,49,93
35225,49,26,13,36
35226,142,99,49,93
35227,103,68,34,69
35228,80,51,25,55
35229,80,50,25,55
35230,80,51,25,55
35231,129,88,44,85
35232,98,65,32,66
35233,129,88,44,85
35234,80,51,25,55
35235,80,50,25,55
35236,80,51,25,55
35237,80,50,25,55
35238,80,51,25,55
35239,49,26,13,36
35240,98,65,32,66
35241,173,122,61,112
35242,98,65,32,66
35243,173,122,61,112
35244,54,31,15,39
35245,54,30,15,39
35246,54,31,15,39
35247,80,50,25,55
35248,54,31,15,39
35249,142,98,49,93
35250,142,99,49,93
35251,142,98,49,93
35252,54,31,15,39
35253,54,30,15,39
35254,54,31,15,39
35255,54,30,15,39
35256,54,31,15,39
35257,142,98,49,93
35258,54,31,15,39
35259,173,122,61,112
35260,54,31,15,39
35261,54,30,15,39
35262,54,31,15,39
35263,155,108,54,101
35264,49,27,13,36
35265,54,30,15,39
35266,155,109,54,101
35267,155,108,54,101
35268,98,65,32,66
35269,98,64,32,66
35270,98,65,32,66
35271,124,84,42,82
35272,80,51,25,55
35273,54,30,15,39
35274,80,51,25,55
35275,142,98,49,93
35276,80,51,25,55
35277,80,50,25,55
35278,80,51,25,55
35279,80,50,25,55
35280,49,27,13,36
35281,80,50,25,55
35282,142,99,49,93
35283,142,98,49,93
35284,49,27,13,36
35285,49,26,13,36
35286,54,31,15,39
35287,54,30,15,39
35288,49,27,13,36
35289,49,26,13,36
35290,49,27,13,36
35291,80,50,25,55
35292,49,27,13,36
35293,49,26,13,36
35294,279,205,102,177
35295,279,204,102,177
35296,49,27,13,36
35297,142,98,49,93
35298,49,27,13,36
35299,49,26,13,36
35300,142,99,49,93
35301,142,98,49,93
35302,142,99,49,93
35303,155,108,54,101
35304,49,27,13,36
35305,155,108,54,101
35306,49,27,13,36
35307,124,84,42,82
35308,124,85,42,82
35309,124,84,42,82
35310,124,85,42,82
35311,248,180,90,158
35312,173,123,61,112
35313,49,26,13,36
35314,124,85,42,82
35315,124,84,42,82
35316,173,123,61,112
35317,173,122,61,112
35318,129,89,44,85
35319,129,88,44,85
35320,173,123,61,112
35321,54,30,15,39
35322,173,123,61,112
35323,124,84,42,82
35324,124,85,42,82
35325,124,84,42,82
35326,124,85,42,82
35327,124,84,42,82
35328,23,7,3,20
35329,54,30,15,39
35330,80,51,25,55
35331,80,50,25,55
35332,80,51,25,55
35333,80,50,25,55
35334,80,51,25,55
35335,80,50,25,55
35336,98,65,32,66
35337,80,50,25,55
35338,98,65,32,66
35339,80,50,25,55
35340,98,65,32,66
35341,98,64,32,66
35342,80,51,25,55
35343,80,50,25,55
35344,80,51,25,55
35345,98,64,32,66
35346,279,205,102,177
35347,279,204,102,177
35348,80,51,25,55
35349,80,50,25,55
35350,80,51,25,55
35351,80,50,25,55
35352,80,51,25,55
35353,80,50,25,55
35354,80,51,25,55
35355,124,84,42,82
35356,80,51,25,55
35357,80,50,25,55
35358,80,51,25,55
35359,80,50,25,55
35360,98,65,32,66
35361,80,50,25,55
35362,80,51,25,55
35363,80,50,25,55
35364,142,99,49,93
35365,142,98,49,93
35366,142,99,49,93
35367,142,98,49,93
35368,98,65,32,66
35369,124,84,42,82
35370,98,65,32,66
35371,80,50,25,55
35372,80,51,25,55
35373,80,50,25,55
35374,80,51,25,55
35375,80,50,25,55
35376,98,65,32,66
35377,80,50,25,55
35378,80,51,25,55
35379,80,50,25,55
35380,98,65,32,66
35381,98,64,32,66
35382,155,109,54,101
35383,155,108,54,101
35384,80,51,25,55
35385,173,122,61,112
35386,80,51,25,55
35387,80,50,25,55
35388,80,51,25,55
35389,80,50,25,55
35390,80,51,25,55
35391,80,50,25,55
35392,142,99,49,93
35393,98,64,32,66
35394,98,65,32,66
35395,98,64,32,66
35396,49,27,13,36
35397,49,26,13,36
35398,49,27,13,36
35399,173,122,61,112
35400,49,27,13,36
35401,80,50,25,55
35402,49,27,13,36
35403,49,26,13,36
35404,49,27,13,36
35405,49,26,13,36
35406,80,51,25,55
35407,80,50,25,55
35408,142,99,49,93
35409,80,50,25,55
35410,80,51,25,55
35411,80,50,25,55
35412,142,99,49,93
35413,142,98,49,93
35414,49,27,13,36
35415,49,26,13,36
35416,98,65,32,66
35417,80,50,25,55
35418,98,65,32,66
35419,124,84,42,82
35420,98,65,32,66
35421,98,64,32,66
35422,80,51,25,55
35423,80,50,25,55
35424,142,99,49,93
35425,80,50,25,55
35426,111,75,37,74
35427,111,74,37,74
35428,111,75,37,74
35429,111,74,37,74
35430,111,75,37,74
35431,80,50,25,55
35432,142,99,49,93
35433,80,50,25,55
35434,142,99,49,93
35435,80,50,25,55
35436,80,51,25,55
35437,80,50,25,55
35438,80,51,25,55
35439,124,84,42,82
35440,124,85,42,82
35441,142,98,49,93
35442,80,51,25,55
35443,80,50,25,55
35444,124,85,42,82
35445,124,84,42,82
35446,98,65,32,66
35447,98,64,32,66
35448,124,85,42,82
35449,80,50,25,55
35450,124,85,42,82
35451,111,74,37,74
35452,80,51,25,55
35453,80,50,25,55
35454,80,51,25,55
35455,80,50,25,55
35456,23,7,3,20
35457,124,84,42,82
35458,142,99,49,93
35459,142,98,49,93
35460,173,123,61,112
35461,173,122,61,112
35462,173,123,61,112
35463,98,64,32,66
35464,142,99,49,93
35465,80,50,25,55
35466,142,99,49,93
35467,173,122,61,112
35468,142,99,49,93
35469,142,98,49,93
35470,111,75,37,74
35471,111,74,37,74
35472,80,51,25,55
35473,49,26,13,36
35474,49,27,13,36
35475,49,26,13,36
35476,80,51,25,55
35477,80,50,25,55
35478,142,99,49,93
35479,142,98,49,93
35480,80,51,25,55
35481,80,50,25,55
35482,80,51,25,55
35483,248,180,90,158
35484,80,51,25,55
35485,80,50,25,55
35486,80,51,25,55
35487,80,50,25,55
35488,23,7,3,20
35489,80,50,25,55
35490,80,51,25,55
35491,80,50,25,55
35492,173,123,61,112
35493,173,122,61,112
35494,173,123,61,112
35495,80,50,25,55
35496,23,7,3,20
35497,310,228,114,196
35498,23,7,3,20
35499,142,98,49,93
35500,98,65,32,66
35501,98,64,32,66
35502,98,65,32,66
35503,217,156,78,139
35504,98,65,32,66
35505,173,122,61,112
35506,173,123,61,112
35507,173,122,61,112
35508,98,65,32,66
35509,98,64,32,66
35510,173,123,61,112
35511,173,122,61,112
35512,98,65,32,66
35513,173,122,61,112
35514,98,65,32,66
35515,173,122,61,112
35516,173,123,61,112
35517,173,122,61,112
35518,173,123,61,112
35519,173,122,61,112
35520,36,17,8,28
35521,98,64,32,66
35522,173,123,61,112
35523,173,122,61,112
35524,186,133,66,120
35525,186,132,66,120
35526,186,133,66,120
35527,111,74,37,74
35528,186,133,66,120
35529,98,64,32,66
35530,186,133,66,120
35531,80,50,25,55
35532,186,133,66,120
35533,186,132,66,120
35534,80,51,25,55
35535,80,50,25,55
35536,36,17,8,28
35537,72,44,22,50
35538,72,45,22,50
35539,72,44,22,50
35540,36,17,8,28
35541,36,16,8,28
35542,72,45,22,50
35543,72,44,22,50
35544,98,65,32,66
35545,186,132,66,120
35546,98,65,32,66
35547,72,44,22,50
35548,98,65,32,66
35549,98,64,32,66
35550,72,45,22,50
35551,72,44,22,50
35552,36,17,8,28
35553,72,44,22,50
35554,36,17,8,28
35555,36,16,8,28
35556,186,133,66,120
35557,186,132,66,120
35558,186,133,66,120
35559,124,84,42,82
35560,36,17,8,28
35561,80,50,25,55
35562,36,17,8,28
35563,98,64,32,66
35564,72,45,22,50
35565,72,44,22,50
35566,72,45,22,50
35567,173,122,61,112
35568,186,133,66,120
35569,36,16,8,28
35570,173,123,61,112
35571,173,122,61,112
35572,186,133,66,120
35573,186,132,66,120
35574,186,133,66,120
35575,186,132,66,120
35576,186,133,66,120
35577,124,84,42,82
35578,186,133,66,120
35579,80,50,25,55
35580,72,45,22,50
35581,72,44,22,50
35582,72,45,22,50
35583,124,84,42,82
35584,49,27,13,36
35585,173,122,61,112
35586,173,123,61,112
35587,173,122,61,112
35588,36,17,8,28
35589,36,16,8,28
35590,36,17,8,28
35591,111,74,37,74
35592,72,45,22,50
35593,173,122,61,112
35594,72,45,22,50
35595,217,156,78,139
35596,72,45,22,50
35597,72,44,22,50
35598,36,17,8,28
35599,36,16,8,28
35600,142,99,49,93
35601,72,44,22,50
35602,72,45,22,50
35603,72,44,22,50
35604,142,99,49,93
35605,142,98,49,93
35606,72,45,22,50
35607,72,44,22,50
35608,142,99,49,93
35609,72,44,22,50
35610,142,99,49,93
35611,173,122,61,112
35612,98,65,32,66
35613,98,64,32,66
35614,98,65,32,66
35615,217,156,78,139
35616,142,99,49,93
35617,98,64,32,66
35618,98,65,32,66
35619,98,64,32,66
35620,98,65,32,66
35621,98,64,32,66
35622,98,65,32,66
35623,72,44,22,50
35624,142,99,49,93
35625,72,44,22,50
35626,142,99,49,93
35627,217,156,78,139
35628,98,65,32,66
35629,98,64,32,66
35630,98,65,32,66
35631,217,156,78,139
35632,142,99,49,93
35633,98,64,32,66
35634,98,65,32,66
35635,98,64,32,66
35636,142,99,49,93
35637,142,98,49,93
35638,72,45,22,50
35639,72,44,22,50
35640,98,65,32,66
35641,80,50,25,55
35642,98,65,32,66
35643,98,64,32,66
35644,98,65,32,66
35645,98,64,32,66
35646,173,123,61,112
35647,173,122,61,112
35648,49,27,13,36
35649,142,98,49,93
35650,98,65,32,66
35651,98,64,32,66
35652,49,27,13,36
35653,49,26,13,36
35654,49,27,13,36
35655,323,238,119,204
35656,49,27,13,36
35657,54,30,15,39
35658,49,27,13,36
35659,49,26,13,36
35660,49,27,13,36
35661,49,26,13,36
35662,54,31,15,39
35663,54,30,15,39
35664,49,27,13,36
35665,54,30,15,39
35666,54,31,15,39
35667,54,30,15,39
35668,49,27,13,36
35669,49,26,13,36
35670,98,65,32,66
35671,98,64,32,66
35672,49,27,13,36
35673,49,26,13,36
35674,49,27,13,36
35675,217,156,78,139
35676,49,27,13,36
35677,49,26,13,36
35678,217,157,78,139
35679,217,156,78,139
35680,98,65,32,66
35681,54,30,15,39
35682,142,99,49,93
35683,142,98,49,93
35684,142,99,49,93
35685,142,98,49,93
35686,142,99,49,93
35687,124,84,42,82
35688,98,65,32,66
35689,98,64,32,66
35690,98,65,32,66
35691,72,44,22,50
35692,72,45,22,50
35693,72,44,22,50
35694,72,45,22,50
35695,124,84,42,82
35696,98,65,32,66
35697,98,64,32,66
35698,142,99,49,93
35699,142,98,49,93
35700,98,65,32,66
35701,98,64,32,66
35702,72,45,22,50
35703,72,44,22,50
35704,49,27,13,36
35705,80,50,25,55
35706,49,27,13,36
35707,124,84,42,82
35708,49,27,13,36
35709,49,26,13,36
35710,124,85,42,82
35711,124,84,42,82
35712,49,27,13,36
35713,124,84,42,82
35714,98,65,32,66
35715,98,64,32,66
35716,98,65,32,66
35717,98,64,32,66
35718,98,65,32,66
35719,98,64,32,66
35720,49,27,13,36
35721,72,44,22,50
35722,49,27,13,36
35723,98,64,32,66
35724,49,27,13,36
35725,49,26,13,36
35726,98,65,32,66
35727,98,64,32,66
35728,142,99,49,93
35729,142,98,49,93
35730,142,99,49,93
35731,142,98,49,93
35732,142,99,49,93
35733,142,98,49,93
35734,124,85,42,82
35735,124,84,42,82
35736,142,99,49,93
35737,124,84,42,82
35738,142,99,49,93
35739,124,84,42,82
35740,111,75,37,74
35741,111,74,37,74
35742,111,75,37,74
35743,124,84,42,82
35744,49,27,13,36
35745,124,84,42,82
35746,142,99,49,93
35747,142,98,49,93
35748,98,65,32,66
35749,98,64,32,66
35750,98,65,32,66
35751,98,64,32,66
35752,49,27,13,36
35753,98,64,32,66
35754,49,27,13,36
35755,124,84,42,82
35756,124,85,42,82
35757,124,84,42,82
35758,124,85,42,82
35759,124,84,42,82
35760,49,27,13,36
35761,49,26,13,36
35762,49,27,13,36
35763,49,26,13,36
35764,49,27,13,36
35765,49,26,13,36
35766,142,99,49,93
35767,142,98,49,93
35768,49,27,13,36
35769,80,50,25,55
35770,49,27,13,36
35771,80,50,25,55
35772,155,109,54,101
35773,155,108,54,101
35774,155,109,54,101
35775,111,74,37,74
35776,93,61,30,63
35777,124,84,42,82
35778,124,85,42,82
35779,124,84,42,82
35780,49,27,13,36
35781,49,26,13,36
35782,49,27,13,36
35783,124,84,42,82
35784,98,65,32,66
35785,124,84,42,82
35786,98,65,32,66
35787,49,26,13,36
35788,98,65,32,66
35789,98,64,32,66
35790,124,85,42,82
35791,124,84,42,82
35792,93,61,30,63
35793,98,64,32,66
35794,217,157,78,139
35795,217,156,78,139
35796,93,61,30,63
35797,93,60,30,63
35798,124,85,42,82
35799,124,84,42,82
35800,142,99,49,93
35801,49,26,13,36
35802,142,99,49,93
35803,98,64,32,66
35804,142,99,49,93
35805,142,98,49,93
35806,98,65,32,66
35807,98,64,32,66
35808,93,61,30,63
35809,98,64,32,66
35810,93,61,30,63
35811,93,60,30,63
35812,142,99,49,93
35813,142,98,49,93
35814,142,99,49,93
35815,142,98,49,93
35816,93,61,30,63
35817,186,132,66,120
35818,93,61,30,63
35819,217,156,78,139
35820,98,65,32,66
35821,98,64,32,66
35822,98,65,32,66
35823,217,156,78,139
35824,142,99,49,93
35825,93,60,30,63
35826,98,65,32,66
35827,98,64,32,66
35828,142,99,49,93
35829,142,98,49,93
35830,98,65,32,66
35831,98,64,32,66
35832,142,99,49,93
35833,129,88,44,85
35834,142,99,49,93
35835,98,64,32,66
35836,248,181,90,158
35837,248,180,90,158
35838,248,181,90,158
35839,248,180,90,158
35840,23,7,3,20
35841,93,60,30,63
35842,93,61,30,63
35843,93,60,30,63
35844,49,27,13,36
35845,49,26,13,36
35846,49,27,13,36
35847,93,60,30,63
35848,49,27,13,36
35849,93,60,30,63
35850,49,27,13,36
35851,49,26,13,36
35852,49,27,13,36
35853,49,26,13,36
35854,93,61,30,63
35855,93,60,30,63
35856,49,27,13,36
35857,49,26,13,36
35858,217,157,78,139
35859,217,156,78,139
35860,49,27,13,36
35861,49,26,13,36
35862,49,27,13,36
35863,49,26,13,36
35864,49,27,13,36
35865,230,166,83,147
35866,49,27,13,36
35867,173,122,61,112
35868,142,99,49,93
35869,142,98,49,93
35870,142,99,49,93
35871,173,122,61,112
35872,49,27,13,36
35873,142,98,49,93
35874,49,27,13,36
35875,49,26,13,36
35876,54,31,15,39
35877,54,30,15,39
35878,54,31,15,39
35879,54,30,15,39
35880,49,27,13,36
35881,173,122,61,112
35882,49,27,13,36
35883,142,98,49,93
35884,142,99,49,93
35885,142,98,49,93
35886,142,99,49,93
35887,54,30,15,39
35888,49,27,13,36
35889,142,98,49,93
35890,142,99,49,93
35891,142,98,49,93
35892,49,27,13,36
35893,49,26,13,36
35894,155,109,54,101
35895,155,108,54,101
35896,49,27,13,36
35897,173,122,61,112
35898,49,27,13,36
35899,173,122,61,112
35900,49,27,13,36
35901,49,26,13,36
35902,142,99,49,93
35903,142,98,49,93
35904,49,27,13,36
35905,93,60,30,63
35906,93,61,30,63
35907,93,60,30,63
35908,49,27,13,36
35909,49,26,13,36
35910,49,27,13,36
35911,217,156,78,139
35912,93,61,30,63
35913,93,60,30,63
35914,93,61,30,63
35915,49,26,13,36
35916,93,61,30,63
35917,93,60,30,63
35918,93,61,30,63
35919,93,60,30,63
35920,49,27,13,36
35921,93,60,30,63
35922,93,61,30,63
35923,93,60,30,63
35924,49,27,13,36
35925,49,26,13,36
35926,49,27,13,36
35927,49,26,13,36
35928,186,133,66,120
35929,142,98,49,93
35930,186,133,66,120
35931,142,98,49,93
35932,186,133,66,120
35933,186,132,66,120
35934,186,133,66,120
35935,186,132,66,120
35936,49,27,13,36
35937,93,60,30,63
35938,186,133,66,120
35939,186,132,66,120
35940,186,133,66,120
35941,186,132,66,120
35942,186,133,66,120
35943,155,108,54,101
35944,49,27,13,36
35945,93,60,30,63
35946,49,27,13,36
35947,93,60,30,63
35948,93,61,30,63
35949,93,60,30,63
35950,93,61,30,63
35951,98,64,32,66
35952,80,51,25,55
35953,49,26,13,36
35954,49,27,13,36
35955,49,26,13,36
35956,80,51,25,55
35957,80,50,25,55
35958,142,99,49,93
35959,142,98,49,93
35960,80,51,25,55
35961,186,132,66,120
35962,80,51,25,55
35963,142,98,49,93
35964,142,99,49,93
35965,142,98,49,93
35966,142,99,49,93
35967,155,108,54,101
35968,49,27,13,36
35969,217,156,78,139
35970,80,51,25,55
35971,80,50,25,55
35972,80,51,25,55
35973,80,50,25,55
35974,80,51,25,55
35975,186,132,66,120
35976,49,27,13,36
35977,93,60,30,63
35978,49,27,13,36
35979,80,50,25,55
35980,49,27,13,36
35981,49,26,13,36
35982,142,99,49,93
35983,142,98,49,93
35984,49,27,13,36
35985,186,132,66,120
35986,186,133,66,120
35987,186,132,66,120
35988,49,27,13,36
35989,49,26,13,36
35990,49,27,13,36
35991,49,26,13,36
35992,49,27,13,36
35993,186,132,66,120
35994,49,27,13,36
35995,93,60,30,63
35996,186,133,66,120
35997,186,132,66,120
35998,186,133,66,120
35999,93,60,30,63
36000,49,27,13,36
36001,217,156,78,139
36002,142,99,49,93
36003,142,98,49,93
36004,142,99,49,93
36005,142,98,49,93
36006,142,99,49,93
36007,98,64,32,66
36008,49,27,13,36
36009,178,126,63,115
36010,49,27,13,36
36011,80,50,25,55
36012,80,51,25,55
36013,80,50,25,55
36014,80,51,25,55
36015,142,98,49,93
36016,41,21,10,31
36017,80,50,25,55
36018,80,51,25,55
36019,80,50,25,55
36020,41,21,10,31
36021,41,20,10,31
36022,67,41,20,47
36023,67,40,20,47
36024,41,21,10,31
36025,67,40,20,47
36026,41,21,10,31
36027,67,40,20,47
36028,80,51,25,55
36029,80,50,25,55
36030,80,51,25,55
36031,248,180,90,158
36032,49,27,13,36
36033,41,20,10,31
36034,41,21,10,31
36035,41,20,10,31
36036,41,21,10,31
36037,41,20,10,31
36038,41,21,10,31
36039,67,40,20,47
36040,41,21,10,31
36041,41,20,10,31
36042,41,21,10,31
36043,41,20,10,31
36044,41,21,10,31
36045,41,20,10,31
36046,93,61,30,63
36047,93,60,30,63
36048,49,27,13,36
36049,67,40,20,47
36050,67,41,20,47
36051,67,40,20,47
36052,49,27,13,36
36053,49,26,13,36
36054,80,51,25,55
36055,80,50,25,55
36056,93,61,30,63
36057,93,60,30,63
36058,93,61,30,63
36059,93,60,30,63
36060,93,61,30,63
36061,93,60,30,63
36062,93,61,30,63
36063,93,60,30,63
36064,142,99,49,93
36065,124,84,42,82
36066,49,27,13,36
36067,49,26,13,36
36068,41,21,10,31
36069,41,20,10,31
36070,41,21,10,31
36071,93,60,30,63
36072,142,99,49,93
36073,178,126,63,115
36074,142,99,49,93
36075,173,122,61,112
36076,41,21,10,31
36077,41,20,10,31
36078,41,21,10,31
36079,93,60,30,63
36080,142,99,49,93
36081,142,98,49,93
36082,142,99,49,93
36083,142,98,49,93
36084,142,99,49,93
36085,142,98,49,93
36086,41,21,10,31
36087,41,20,10,31
36088,155,109,54,101
36089,93,60,30,63
36090,155,109,54,101
36091,124,84,42,82
36092,155,109,54,101
36093,155,108,54,101
36094,98,65,32,66
36095,98,64,32,66
36096,23,7,3,20
36097,142,98,49,93
36098,67,41,20,47
36099,67,40,20,47
36100,49,27,13,36
36101,49,26,13,36
36102,49,27,13,36
36103,67,40,20,47
36104,186,133,66,120
36105,155,108,54,101
36106,186,133,66,120
36107,93,60,30,63
36108,186,133,66,120
36109,186,132,66,120
36110,186,133,66,120
36111,186,132,66,120
36112,41,21,10,31
36113,186,132,66,120
36114,98,65,32,66
36115,98,64,32,66
36116,41,21,10,31
36117,41,20,10,31
36118,186,133,66,120
36119,186,132,66,120
36120,41,21,10,31
36121,186,132,66,120
36122,41,21,10,31
36123,186,132,66,120
36124,186,133,66,120
36125,186,132,66,120
36126,186,133,66,120
36127,186,132,66,120
36128,41,21,10,31
36129,49,26,13,36
36130,49,27,13,36
36131,49,26,13,36
36132,49,27,13,36
36133,49,26,13,36
36134,49,27,13,36
36135,142,98,49,93
36136,41,21,10,31
36137,248,180,90,158
36138,41,21,10,31
36139,80,50,25,55
36140,41,21,10,31
36141,41,20,10,31
36142,41,21,10,31
36143,230,166,83,147
36144,41,21,10,31
36145,93,60,30,63
36146,93,61,30,63
36147,93,60,30,63
36148,41,21,10,31
36149,41,20,10,31
36150,186,133,66,120
36151,186,132,66,120
36152,93,61,30,63
36153,67,40,20,47
36154,93,61,30,63
36155,41,20,10,31
36156,93,61,30,63
36157,93,60,30,63
36158,186,133,66,120
36159,186,132,66,120
36160,23,7,3,20
36161,41,20,10,31
36162,93,61,30,63
36163,93,60,30,63
36164,186,133,66,120
36165,186,132,66,120
36166,186,133,66,120
36167,124,84,42,82
36168,186,133,66,120
36169,93,60,30,63
36170,186,133,66,120
36171,186,132,66,120
36172,186,133,66,120
36173,186,132,66,120
36174,93,61,30,63
36175,93,60,30,63
36176,23,7,3,20
36177,186,132,66,120
36178,186,133,66,120
36179,186,132,66,120
36180,23,7,3,20
36181,23,6,3,20
36182,142,99,49,93
36183,142,98,49,93
36184,93,61,30,63
36185,41,20,10,31
36186,93,61,30,63
36187,142,98,49,93
36188,93,61,30,63
36189,93,60,30,63
36190,142,99,49,93
36191,142,98,49,93
36192,41,21,10,31
36193,41,20,10,31
36194,49,27,13,36
36195,49,26,13,36
36196,49,27,13,36
36197,49,26,13,36
36198,49,27,13,36
36199,186,132,66,120
36200,41,21,10,31
36201,93,60,30,63
36202,41,21,10,31
36203,155,108,54,101
36204,93,61,30,63
36205,93,60,30,63
36206,93,61,30,63
36207,93,60,30,63
36208,41,21,10,31
36209,41,20,10,31
36210,41,21,10,31
36211,41,20,10,31
36212,41,21,10,31
36213,41,20,10,31
36214,41,21,10,31
36215,41,20,10,31
36216,41,21,10,31
36217,41,20,10,31
36218,41,21,10,31
36219,41,20,10,31
36220,41,21,10,31
36221,41,20,10,31
36222,41,21,10,31
36223,41,20,10,31
36224,67,41,20,47
36225,41,20,10,31
36226,41,21,10,31
36227,41,20,10,31
36228,80,51,25,55
36229,80,50,25,55
36230,80,51,25,55
36231,41,20,10,31
36232,67,41,20,47
36233,80,50,25,55
36234,67,41,20,47
36235,80,50,25,55
36236,67,41,20,47
36237,67,40,20,47
36238,41,21,10,31
36239,41,20,10,31
36240,67,41,20,47
36241,41,20,10,31
36242,41,21,10,31
36243,41,20,10,31
36244,67,41,20,47
36245,67,40,20,47
36246,186,133,66,120
36247,186,132,66,120
36248,67,41,20,47
36249,186,132,66,120
36250,67,41,20,47
36251,142,98,49,93
36252,93,61,30,63
36253,93,60,30,63
36254,93,61,30,63
36255,93,60,30,63
36256,67,41,20,47
36257,93,60,30,63
36258,124,85,42,82
36259,124,84,42,82
36260,124,85,42,82
36261,124,84,42,82
36262,124,85,42,82
36263,80,50,25,55
36264,67,41,20,47
36265,124,84,42,82
36266,67,41,20,47
36267,80,50,25,55
36268,49,27,13,36
36269,49,26,13,36
36270,49,27,13,36
36271,186,132,66,120
36272,93,61,30,63
36273,93,60,30,63
36274,93,61,30,63
36275,93,60,30,63
36276,93,61,30,63
36277,93,60,30,63
36278,186,133,66,120
36279,186,132,66,120
36280,93,61,30,63
36281,93,60,30,63
36282,93,61,30,63
36283,93,60,30,63
36284,93,61,30,63
36285,93,60,30,63
36286,93,61,30,63
36287,186,132,66,120
36288,67,41,20,47
36289,93,60,30,63
36290,93,61,30,63
36291,93,60,30,63
36292,67,41,20,47
36293,67,40,20,47
36294,67,41,20,47
36295,93,60,30,63
36296,67,41,20,47
36297,93,60,30,63
36298,67,41,20,47
36299,93,60,30,63
36300,67,41,20,47
36301,67,40,20,47
36302,186,133,66,120
36303,186,132,66,120
36304,67,41,20,47
36305,67,40,20,47
36306,93,61,30,63
36307,93,60,30,63
36308,67,41,20,47
36309,67,40,20,47
36310,186,133,66,120
36311,186,132,66,120
36312,186,133,66,120
36313,186,132,66,120
36314,186,133,66,120
36315,49,26,13,36
36316,186,133,66,120
36317,186,132,66,120
36318,98,65,32,66
36319,98,64,32,66
36320,67,41,20,47
36321,155,108,54,101
36322,67,41,20,47
36323,67,40,20,47
36324,98,65,32,66
36325,98,64,32,66
36326,98,65,32,66
36327,41,20,10,31
36328,67,41,20,47
36329,217,156,78,139
36330,67,41,20,47
36331,155,108,54,101
36332,93,61,30,63
36333,93,60,30,63
36334,93,61,30,63
36335,98,64,32,66
36336,67,41,20,47
36337,67,40,20,47
36338,67,41,20,47
36339,67,40,20,47
36340,67,41,20,47
36341,67,40,20,47
36342,155,109,54,101
36343,155,108,54,101
36344,186,133,66,120
36345,67,40,20,47
36346,186,133,66,120
36347,67,40,20,47
36348,186,133,66,120
36349,186,132,66,120
36350,98,65,32,66
36351,98,64,32,66
36352,111,75,37,74
36353,248,180,90,158
36354,67,41,20,47
36355,67,40,20,47
36356,142,99,49,93
36357,142,98,49,93
36358,142,99,49,93
36359,186,132,66,120
36360,142,99,49,93
36361,67,40,20,47
36362,142,99,49,93
36363,142,98,49,93
36364,142,99,49,93
36365,142,98,49,93
36366,142,99,49,93
36367,142,98,49,93
36368,142,99,49,93
36369,142,98,49,93
36370,80,51,25,55
36371,80,50,25,55
36372,142,99,49,93
36373,142,98,49,93
36374,67,41,20,47
36375,67,40,20,47
36376,142,99,49,93
36377,67,40,20,47
36378,142,99,49,93
36379,142,98,49,93
36380,142,99,49,93
36381,142,98,49,93
36382,142,99,49,93
36383,80,50,25,55
36384,23,7,3,20
36385,186,132,66,120
36386,142,99,49,93
36387,142,98,49,93
36388,124,85,42,82
36389,124,84,42,82
36390,124,85,42,82
36391,142,98,49,93
36392,23,7,3,20
36393,80,50,25,55
36394,23,7,3,20
36395,142,98,49,93
36396,124,85,42,82
36397,124,84,42,82
36398,124,85,42,82
36399,173,122,61,112
36400,23,7,3,20
36401,124,84,42,82
36402,124,85,42,82
36403,124,84,42,82
36404,23,7,3,20
36405,23,6,3,20
36406,248,181,90,158
36407,248,180,90,158
36408,186,133,66,120
36409,186,132,66,120
36410,186,133,66,120
36411,186,132,66,120
36412,186,133,66,120
36413,186,132,66,120
36414,186,133,66,120
36415,186,132,66,120
36416,62,37,18,44
36417,49,26,13,36
36418,49,27,13,36
36419,49,26,13,36
36420,155,109,54,101
36421,155,108,54,101
36422,155,109,54,101
36423,186,132,66,120
36424,155,109,54,101
36425,186,132,66,120
36426,155,109,54,101
36427,155,108,54,101
36428,155,109,54,101
36429,155,108,54,101
36430,111,75,37,74
36431,111,74,37,74
36432,62,37,18,44
36433,49,26,13,36
36434,49,27,13,36
36435,49,26,13,36
36436,62,37,18,44
36437,62,36,18,44
36438,155,109,54,101
36439,155,108,54,101
36440,62,37,18,44
36441,67,40,20,47
36442,62,37,18,44
36443,186,132,66,120
36444,62,37,18,44
36445,62,36,18,44
36446,67,41,20,47
36447,67,40,20,47
36448,62,37,18,44
36449,155,108,54,101
36450,62,37,18,44
36451,62,36,18,44
36452,62,37,18,44
36453,62,36,18,44
36454,62,37,18,44
36455,186,132,66,120
36456,62,37,18,44
36457,124,84,42,82
36458,62,37,18,44
36459,67,40,20,47
36460,155,109,54,101
36461,155,108,54,101
36462,155,109,54,101
36463,124,84,42,82
36464,155,109,54,101
36465,62,36,18,44
36466,186,133,66,120
36467,186,132,66,120
36468,155,109,54,101
36469,155,108,54,101
36470,62,37,18,44
36471,62,36,18,44
36472,155,109,54,101
36473,124,84,42,82
36474,155,109,54,101
36475,62,36,18,44
36476,67,41,20,47
36477,67,40,20,47
36478,67,41,20,47
36479,186,132,66,120
36480,111,75,37,74
36481,186,132,66,120
36482,62,37,18,44
36483,62,36,18,44
36484,62,37,18,44
36485,62,36,18,44
36486,62,37,18,44
36487,67,40,20,47
36488,62,37,18,44
36489,147,102,51,96
36490,62,37,18,44
36491,62,36,18,44
36492,62,37,18,44
36493,62,36,18,44
36494,186,133,66,120
36495,186,132,66,120
36496,155,109,54,101
36497,142,98,49,93
36498,142,99,49,93
36499,142,98,49,93
36500,155,109,54,101
36501,155,108,54,101
36502,62,37,18,44
36503,62,36,18,44
36504,155,109,54,101
36505,155,108,54,101
36506,155,109,54,101
36507,217,156,78,139
36508,155,109,54,101
36509,155,108,54,101
36510,155,109,54,101
36511,142,98,49,93
36512,111,75,37,74
36513,155,108,54,101
36514,155,109,54,101
36515,155,108,54,101
36516,67,41,20,47
36517,67,40,20,47
36518,67,41,20,47
36519,67,40,20,47
36520,111,75,37,74
36521,186,132,66,120
36522,111,75,37,74
36523,142,98,49,93
36524,155,109,54,101
36525,155,108,54,101
36526,155,109,54,101
36527,155,108,54,101
36528,62,37,18,44
36529,62,36,18,44
36530,62,37,18,44
36531,62,36,18,44
36532,62,37,18,44
36533,62,36,18,44
36534,80,51,25,55
36535,80,50,25,55
36536,62,37,18,44
36537,80,50,25,55
36538,62,37,18,44
36539,80,50,25,55
36540,62,37,18,44
36541,62,36,18,44
36542,62,37,18,44
36543,124,84,42,82
36544,36,17,8,28
36545,62,36,18,44
36546,155,109,54,101
36547,155,108,54,101
36548,36,17,8,28
36549,36,16,8,28
36550,36,17,8,28
36551,62,36,18,44
36552,36,17,8,28
36553,62,36,18,44
36554,36,17,8,28
36555,142,98,49,93
36556,36,17,8,28
36557,36,16,8,28
36558,173,123,61,112
36559,173,122,61,112
36560,36,17,8,28
36561,93,60,30,63
36562,93,61,30,63
36563,93,60,30,63
36564,36,17,8,28
36565,36,16,8,28
36566,93,61,30,63
36567,93,60,30,63
36568,62,37,18,44
36569,62,36,18,44
36570,62,37,18,44
36571,147,102,51,96
36572,62,37,18,44
36573,62,36,18,44
36574,186,133,66,120
36575,186,132,66,120
36576,36,17,8,28
36577,155,108,54,101
36578,36,17,8,28
36579,36,16,8,28
36580,67,41,20,47
36581,67,40,20,47
36582,67,41,20,47
36583,124,84,42,82
36584,36,17,8,28
36585,93,60,30,63
36586,36,17,8,28
36587,62,36,18,44
36588,67,41,20,47
36589,67,40,20,47
36590,67,41,20,47
36591,124,84,42,82
36592,124,85,42,82
36593,36,16,8,28
36594,62,37,18,44
36595,62,36,18,44
36596,124,85,42,82
36597,124,84,42,82
36598,155,109,54,101
36599,155,108,54,101
36600,124,85,42,82
36601,67,40,20,47
36602,124,85,42,82
36603,124,84,42,82
36604,93,61,30,63
36605,93,60,30,63
36606,93,61,30,63
36607,147,102,51,96
36608,111,75,37,74
36609,36,16,8,28
36610,62,37,18,44
36611,62,36,18,44
36612,155,109,54,101
36613,155,108,54,101
36614,155,109,54,101
36615,62,36,18,44
36616,155,109,54,101
36617,155,108,54,101
36618,155,109,54,101
36619,67,40,20,47
36620,155,109,54,101
36621,155,108,54,101
36622,155,109,54,101
36623,155,108,54,101
36624,111,75,37,74
36625,155,108,54,101
36626,67,41,20,47
36627,67,40,20,47
36628,111,75,37,74
36629,111,74,37,74
36630,98,65,32,66
36631,98,64,32,66
36632,111,75,37,74
36633,98,64,32,66
36634,111,75,37,74
36635,98,64,32,66
36636,199,143,71,128
36637,199,142,71,128
36638,199,143,71,128
36639,98,64,32,66
36640,155,109,54,101
36641,155,108,54,101
36642,155,109,54,101
36643,155,108,54,101
36644,155,109,54,101
36645,155,108,54,101
36646,155,109,54,101
36647,155,108,54,101
36648,155,109,54,101
36649,217,156,78,139
36650,155,109,54,101
36651,155,108,54,101
36652,36,17,8,28
36653,36,16,8,28
36654,36,17,8,28
36655,155,108,54,101
36656,155,109,54,101
36657,36,16,8,28
36658,36,17,8,28
36659,36,16,8,28
36660,155,109,54,101
36661,155,108,54,101
36662,93,61,30,63
36663,93,60,30,63
36664,93,61,30,63
36665,93,60,30,63
36666,93,61,30,63
36667,93,60,30,63
36668,93,61,30,63
36669,93,60,30,63
36670,93,61,30,63
36671,93,60,30,63
36672,111,75,37,74
36673,155,108,54,101
36674,36,17,8,28
36675,36,16,8,28
36676,155,109,54,101
36677,155,108,54,101
36678,155,109,54,101
36679,186,132,66,120
36680,155,109,54,101
36681,186,132,66,120
36682,155,109,54,101
36683,155,108,54,101
36684,155,109,54,101
36685,155,108,54,101
36686,168,119,59,109
36687,168,118,59,109
36688,111,75,37,74
36689,155,108,54,101
36690,124,85,42,82
36691,124,84,42,82
36692,111,75,37,74
36693,111,74,37,74
36694,155,109,54,101
36695,155,108,54,101
36696,124,85,42,82
36697,155,108,54,101
36698,124,85,42,82
36699,168,118,59,109
36700,124,85,42,82
36701,124,84,42,82
36702,155,109,54,101
36703,155,108,54,101
36704,62,37,18,44
36705,168,118,59,109
36706,111,75,37,74
36707,111,74,37,74
36708,111,75,37,74
36709,111,74,37,74
36710,111,75,37,74
36711,168,118,59,109
36712,62,37,18,44
36713,155,108,54,101
36714,62,37,18,44
36715,155,108,54,101
36716,62,37,18,44
36717,62,36,18,44
36718,62,37,18,44
36719,124,84,42,82
36720,62,37,18,44
36721,62,36,18,44
36722,62,37,18,44
36723,62,36,18,44
36724,62,37,18,44
36725,62,36,18,44
36726,62,37,18,44
36727,62,36,18,44
36728,173,123,61,112
36729,124,84,42,82
36730,173,123,61,112
36731,124,84,42,82
36732,173,123,61,112
36733,173,122,61,112
36734,124,85,42,82
36735,124,84,42,82
36736,49,27,13,36
36737,186,132,66,120
36738,62,37,18,44
36739,62,36,18,44
36740,186,133,66,120
36741,186,132,66,120
36742,186,133,66,120
36743,62,36,18,44
36744,111,75,37,74
36745,142,98,49,93
36746,111,75,37,74
36747,186,132,66,120
36748,111,75,37,74
36749,111,74,37,74
36750,62,37,18,44
36751,62,36,18,44
36752,62,37,18,44
36753,155,108,54,101
36754,155,109,54,101
36755,155,108,54,101
36756,62,37,18,44
36757,62,36,18,44
36758,62,37,18,44
36759,62,36,18,44
36760,62,37,18,44
36761,62,36,18,44
36762,62,37,18,44
36763,155,108,54,101
36764,62,37,18,44
36765,62,36,18,44
36766,62,37,18,44
36767,124,84,42,82
36768,49,27,13,36
36769,155,108,54,101
36770,62,37,18,44
36771,62,36,18,44
36772,93,61,30,63
36773,93,60,30,63
36774,93,61,30,63
36775,155,108,54,101
36776,49,27,13,36
36777,186,132,66,120
36778,49,27,13,36
36779,93,60,30,63
36780,155,109,54,101
36781,155,108,54,101
36782,155,109,54,101
36783,155,108,54,101
36784,155,109,54,101
36785,111,74,37,74
36786,111,75,37,74
36787,111,74,37,74
36788,155,109,54,101
36789,155,108,54,101
36790,142,99,49,93
36791,142,98,49,93
36792,155,109,54,101
36793,155,108,54,101
36794,155,109,54,101
36795,155,108,54,101
36796,67,41,20,47
36797,67,40,20,47
36798,67,41,20,47
36799,142,98,49,93
36800,49,27,13,36
36801,155,108,54,101
36802,124,85,42,82
36803,124,84,42,82
36804,49,27,13,36
36805,49,26,13,36
36806,49,27,13,36
36807,124,84,42,82
36808,62,37,18,44
36809,155,108,54,101
36810,62,37,18,44
36811,111,74,37,74
36812,62,37,18,44
36813,62,36,18,44
36814,155,109,54,101
36815,155,108,54,101
36816,49,27,13,36
36817,62,36,18,44
36818,67,41,20,47
36819,67,40,20,47
36820,49,27,13,36
36821,49,26,13,36
36822,124,85,42,82
36823,124,84,42,82
36824,124,85,42,82
36825,49,26,13,36
36826,124,85,42,82
36827,186,132,66,120
36828,124,85,42,82
36829,124,84,42,82
36830,67,41,20,47
36831,67,40,20,47
36832,62,37,18,44
36833,67,40,20,47
36834,49,27,13,36
36835,49,26,13,36
36836,124,85,42,82
36837,124,84,42,82
36838,124,85,42,82
36839,186,132,66,120
36840,62,37,18,44
36841,67,40,20,47
36842,62,37,18,44
36843,124,84,42,82
36844,124,85,42,82
36845,124,84,42,82
36846,124,85,42,82
36847,124,84,42,82
36848,62,37,18,44
36849,62,36,18,44
36850,67,41,20,47
36851,67,40,20,47
36852,62,37,18,44
36853,62,36,18,44
36854,168,119,59,109
36855,168,118,59,109
36856,155,109,54,101
36857,155,108,54,101
36858,155,109,54,101
36859,155,108,54,101
36860,155,109,54,101
36861,155,108,54,101
36862,155,109,54,101
36863,155,108,54,101
36864,31,13,6,25
36865,93,60,30,63
36866,93,61,30,63
36867,93,60,30,63
36868,49,27,13,36
36869,49,26,13,36
36870,49,27,13,36
36871,93,60,30,63
36872,49,27,13,36
36873,93,60,30,63
36874,49,27,13,36
36875,49,26,13,36
36876,49,27,13,36
36877,49,26,13,36
36878,49,27,13,36
36879,49,26,13,36
36880,111,75,37,74
36881,49,26,13,36
36882,93,61,30,63
36883,93,60,30,63
36884,111,75,37,74
36885,111,74,37,74
36886,49,27,13,36
36887,49,26,13,36
36888,111,75,37,74
36889,93,60,30,63
36890,111,75,37,74
36891,93,60,30,63
36892,49,27,13,36
36893,49,26,13,36
36894,49,27,13,36
36895,93,60,30,63
36896,155,109,54,101
36897,93,60,30,63
36898,111,75,37,74
36899,111,74,37,74
36900,230,167,83,147
36901,230,166,83,147
36902,230,167,83,147
36903,217,156,78,139
36904,155,109,54,101
36905,93,60,30,63
36906,155,109,54,101
36907,230,166,83,147
36908,111,75,37,74
36909,111,74,37,74
36910,111,75,37,74
36911,217,156,78,139
36912,155,109,54,101
36913,80,50,25,55
36914,80,51,25,55
36915,80,50,25,55
36916,155,109,54,101
36917,155,108,54,101
36918,80,51,25,55
36919,80,50,25,55
36920,93,61,30,63
36921,93,60,30,63
36922,93,61,30,63
36923,93,60,30,63
36924,93,61,30,63
36925,93,60,30,63
36926,62,37,18,44
36927,62,36,18,44
36928,36,17,8,28
36929,93,60,30,63
36930,93,61,30,63
36931,93,60,30,63
36932,155,109,54,101
36933,155,108,54,101
36934,155,109,54,101
36935,80,50,25,55
36936,111,75,37,74
36937,80,50,25,55
36938,111,75,37,74
36939,155,108,54,101
36940,111,75,37,74
36941,111,74,37,74
36942,93,61,30,63
36943,93,60,30,63
36944,36,17,8,28
36945,111,74,37,74
36946,93,61,30,63
36947,93,60,30,63
36948,36,17,8,28
36949,36,16,8,28
36950,155,109,54,101
36951,155,108,54,101
36952,155,109,54,101
36953,155,108,54,101
36954,155,109,54,101
36955,116,78,39,77
36956,155,109,54,101
36957,155,108,54,101
36958,93,61,30,63
36959,93,60,30,63
36960,36,17,8,28
36961,93,60,30,63
36962,155,109,54,101
36963,155,108,54,101
36964,155,109,54,101
36965,155,108,54,101
36966,155,109,54,101
36967,155,108,54,101
36968,36,17,8,28
36969,155,108,54,101
36970,36,17,8,28
36971,217,156,78,139
36972,93,61,30,63
36973,93,60,30,63
36974,93,61,30,63
36975,124,84,42,82
36976,155,109,54,101
36977,36,16,8,28
36978,155,109,54,101
36979,155,108,54,101
36980,155,109,54,101
36981,155,108,54,101
36982,155,109,54,101
36983,155,108,54,101
36984,155,109,54,101
36985,186,132,66,120
36986,155,109,54,101
36987,155,108,54,101
36988,186,133,66,120
36989,186,132,66,120
36990,186,133,66,120
36991,186,132,66,120
36992,36,17,8,28
36993,155,108,54,101
36994,186,133,66,120
36995,186,132,66,120
36996,186,133,66,120
36997,186,132,66,120
36998,186,133,66,120
36999,155,108,54,101
37000,36,17,8,28
37001,142,98,49,93
37002,36,17,8,28
37003,116,78,39,77
37004,36,17,8,28
37005,36,16,8,28
37006,186,133,66,120
37007,186,132,66,120
37008,111,75,37,74
37009,93,60,30,63
37010,93,61,30,63
37011,93,60,30,63
37012,111,75,37,74
37013,111,74,37,74
37014,36,17,8,28
37015,36,16,8,28
37016,111,75,37,74
37017,155,108,54,101
37018,111,75,37,74
37019,186,132,66,120
37020,155,109,54,101
37021,155,108,54,101
37022,155,109,54,101
37023,186,132,66,120
37024,36,17,8,28
37025,155,108,54,101
37026,111,75,37,74
37027,111,74,37,74
37028,261,191,95,166
37029,261,190,95,166
37030,261,191,95,166
37031,186,132,66,120
37032,36,17,8,28
37033,186,132,66,120
37034,36,17,8,28
37035,111,74,37,74
37036,49,27,13,36
37037,49,26,13,36
37038,49,27,13,36
37039,155,108,54,101
37040,111,75,37,74
37041,49,26,13,36
37042,49,27,13,36
37043,49,26,13,36
37044,111,75,37,74
37045,111,74,37,74
37046,142,99,49,93
37047,142,98,49,93
37048,111,75,37,74
37049,142,98,49,93
37050,111,75,37,74
37051,142,98,49,93
37052,142,99,49,93
37053,142,98,49,93
37054,142,99,49,93
37055,93,60,30,63
37056,36,17,8,28
37057,142,98,49,93
37058,142,99,49,93
37059,142,98,49,93
37060,111,75,37,74
37061,111,74,37,74
37062,111,75,37,74
37063,142,98,49,93
37064,111,75,37,74
37065,111,74,37,74
37066,111,75,37,74
37067,49,26,13,36
37068,111,75,37,74
37069,111,74,37,74
37070,93,61,30,63
37071,93,60,30,63
37072,36,17,8,28
37073,116,78,39,77
37074,116,79,39,77
37075,116,78,39,77
37076,36,17,8,28
37077,36,16,8,28
37078,155,109,54,101
37079,155,108,54,101
37080,93,61,30,63
37081,93,60,30,63
37082,93,61,30,63
37083,155,108,54,101
37084,93,61,30,63
37085,93,60,30,63
37086,168,119,59,109
37087,168,118,59,109
37088,62,37,18,44
37089,93,60,30,63
37090,36,17,8,28
37091,36,16,8,28
37092,155,109,54,101
37093,155,108,54,101
37094,155,109,54,101
37095,93,60,30,63
37096,62,37,18,44
37097,93,60,30,63
37098,62,37,18,44
37099,155,108,54,101
37100,155,109,54,101
37101,155,108,54,101
37102,155,109,54,101
37103,142,98,49,93
37104,62,37,18,44
37105,62,36,18,44
37106,62,37,18,44
37107,62,36,18,44
37108,62,37,18,44
37109,62,36,18,44
37110,93,61,30,63
37111,93,60,30,63
37112,93,61,30,63
37113,93,60,30,63
37114,93,61,30,63
37115,142,98,49,93
37116,93,61,30,63
37117,93,60,30,63
37118,142,99,49,93
37119,142,98,49,93
37120,124,85,42,82
37121,111,74,37,74
37122,111,75,37,74
37123,111,74,37,74
37124,62,37,18,44
37125,62,36,18,44
37126,62,37,18,44
37127,186,132,66,120
37128,62,37,18,44
37129,67,40,20,47
37130,62,37,18,44
37131,67,40,20,47
37132,62,37,18,44
37133,62,36,18,44
37134,67,41,20,47
37135,67,40,20,47
37136,36,17,8,28
37137,62,36,18,44
37138,67,41,20,47
37139,67,40,20,47
37140,36,17,8,28
37141,36,16,8,28
37142,67,41,20,47
37143,67,40,20,47
37144,36,17,8,28
37145,67,40,20,47
37146,36,17,8,28
37147,261,190,95,166
37148,168,119,59,109
37149,168,118,59,109
37150,168,119,59,109
37151,67,40,20,47
37152,186,133,66,120
37153,93,60,30,63
37154,93,61,30,63
37155,93,60,30,63
37156,93,61,30,63
37157,93,60,30,63
37158,93,61,30,63
37159,67,40,20,47
37160,186,133,66,120
37161,155,108,54,101
37162,186,133,66,120
37163,93,60,30,63
37164,36,17,8,28
37165,36,16,8,28
37166,36,17,8,28
37167,137,94,47,90
37168,186,133,66,120
37169,62,36,18,44
37170,62,37,18,44
37171,62,36,18,44
37172,186,133,66,120
37173,186,132,66,120
37174,62,37,18,44
37175,62,36,18,44
37176,62,37,18,44
37177,93,60,30,63
37178,62,37,18,44
37179,62,36,18,44
37180,62,37,18,44
37181,62,36,18,44
37182,155,109,54,101
37183,155,108,54,101
37184,124,85,42,82
37185,186,132,66,120
37186,155,109,54,101
37187,155,108,54,101
37188,186,133,66,120
37189,186,132,66,120
37190,186,133,66,120
37191,168,118,59,109
37192,137,95,47,90
37193,62,36,18,44
37194,137,95,47,90
37195,186,132,66,120
37196,137,95,47,90
37197,137,94,47,90
37198,261,191,95,166
37199,261,190,95,166
37200,124,85,42,82
37201,137,94,47,90
37202,93,61,30,63
37203,93,60,30,63
37204,124,85,42,82
37205,124,84,42,82
37206,186,133,66,120
37207,186,132,66,120
37208,36,17,8,28
37209,137,94,47,90
37210,36,17,8,28
37211,186,132,66,120
37212,36,17,8,28
37213,36,16,8,28
37214,137,95,47,90
37215,137,94,47,90
37216,155,109,54,101
37217,67,40,20,47
37218,93,61,30,63
37219,93,60,30,63
37220,93,61,30,63
37221,93,60,30,63
37222,93,61,30,63
37223,93,60,30,63
37224,155,109,54,101
37225,111,74,37,74
37226,155,109,54,101
37227,111,74,37,74
37228,93,61,30,63
37229,93,60,30,63
37230,93,61,30,63
37231,111,74,37,74
37232,155,109,54,101
37233,155,108,54,101
37234,93,61,30,63
37235,93,60,30,63
37236,155,109,54,101
37237,155,108,54,101
37238,93,61,30,63
37239,93,60,30,63
37240,93,61,30,63
37241,116,78,39,77
37242,93,61,30,63
37243,93,60,30,63
37244,93,61,30,63
37245,93,60,30,63
37246,93,61,30,63
37247,93,60,30,63
37248,124,85,42,82
37249,111,74,37,74
37250,111,75,37,74
37251,111,74,37,74
37252,111,75,37,74
37253,111,74,37,74
37254,111,75,37,74
37255,111,74,37,74
37256,155,109,54,101
37257,155,108,54,101
37258,155,109,54,101
37259,137,94,47,90
37260,155,109,54,101
37261,155,108,54,101
37262,93,61,30,63
37263,93,60,30,63
37264,155,109,54,101
37265,155,108,54,101
37266,155,109,54,101
37267,155,108,54,101
37268,155,109,54,101
37269,155,108,54,101
37270,93,61,30,63
37271,93,60,30,63
37272,155,109,54,101
37273,93,60,30,63
37274,155,109,54,101
37275,168,118,59,109
37276,93,61,30,63
37277,93,60,30,63
37278,93,61,30,63
37279,186,132,66,120
37280,124,85,42,82
37281,93,60,30,63
37282,62,37,18,44
37283,62,36,18,44
37284,62,37,18,44
37285,62,36,18,44
37286,62,37,18,44
37287,111,74,37,74
37288,124,85,42,82
37289,98,64,32,66
37290,124,85,42,82
37291,186,132,66,120
37292,62,37,18,44
37293,62,36,18,44
37294,62,37,18,44
37295,62,36,18,44
37296,111,75,37,74
37297,111,74,37,74
37298,111,75,37,74
37299,111,74,37,74
37300,111,75,37,74
37301,111,74,37,74
37302,93,61,30,63
37303,93,60,30,63
37304,111,75,37,74
37305,111,74,37,74
37306,111,75,37,74
37307,62,36,18,44
37308,93,61,30,63
37309,93,60,30,63
37310,93,61,30,63
37311,186,132,66,120
37312,36,17,8,28
37313,93,60,30,63
37314,93,61,30,63
37315,93,60,30,63
37316,124,85,42,82
37317,124,84,42,82
37318,124,85,42,82
37319,93,60,30,63
37320,137,95,47,90
37321,124,84,42,82
37322,137,95,47,90
37323,155,108,54,101
37324,137,95,47,90
37325,137,94,47,90
37326,93,61,30,63
37327,93,60,30,63
37328,36,17,8,28
37329,137,94,47,90
37330,93,61,30,63
37331,93,60,30,63
37332,36,17,8,28
37333,36,16,8,28
37334,155,109,54,101
37335,155,108,54,101
37336,36,17,8,28
37337,36,16,8,28
37338,36,17,8,28
37339,137,94,47,90
37340,36,17,8,28
37341,36,16,8,28
37342,186,133,66,120
37343,186,132,66,120
37344,36,17,8,28
37345,137,94,47,90
37346,36,17,8,28
37347,36,16,8,28
37348,155,109,54,101
37349,155,108,54,101
37350,155,109,54,101
37351,93,60,30,63
37352,36,17,8,28
37353,137,94,47,90
37354,36,17,8,28
37355,137,94,47,90
37356,155,109,54,101
37357,155,108,54,101
37358,155,109,54,101
37359,137,94,47,90
37360,93,61,30,63
37361,36,16,8,28
37362,155,109,54,101
37363,155,108,54,101
37364,93,61,30,63
37365,93,60,30,63
37366,124,85,42,82
37367,124,84,42,82
37368,93,61,30,63
37369,62,36,18,44
37370,93,61,30,63
37371,62,36,18,44
37372,62,37,18,44
37373,62,36,18,44
37374,62,37,18,44
37375,261,190,95,166
37376,124,85,42,82
37377,93,60,30,63
37378,36,17,8,28
37379,36,16,8,28
37380,186,133,66,120
37381,186,132,66,120
37382,186,133,66,120
37383,93,60,30,63
37384,62,37,18,44
37385,36,16,8,28
37386,62,37,18,44
37387,186,132,66,120
37388,62,37,18,44
37389,62,36,18,44
37390,186,133,66,120
37391,186,132,66,120
37392,62,37,18,44
37393,62,36,18,44
37394,36,17,8,28
37395,36,16,8,28
37396,62,37,18,44
37397,62,36,18,44
37398,111,75,37,74
37399,111,74,37,74
37400,62,37,18,44
37401,111,74,37,74
37402,62,37,18,44
37403,230,166,83,147
37404,111,75,37,74
37405,111,74,37,74
37406,111,75,37,74
37407,111,74,37,74
37408,62,37,18,44
37409,111,74,37,74
37410,62,37,18,44
37411,62,36,18,44
37412,186,133,66,120
37413,186,132,66,120
37414,186,133,66,120
37415,186,132,66,120
37416,62,37,18,44
37417,186,132,66,120
37418,62,37,18,44
37419,62,36,18,44
37420,199,143,71,128
37421,199,142,71,128
37422,199,143,71,128
37423,111,74,37,74
37424,62,37,18,44
37425,199,142,71,128
37426,199,143,71,128
37427,199,142,71,128
37428,62,37,18,44
37429,62,36,18,44
37430,93,61,30,63
37431,93,60,30,63
37432,49,27,13,36
37433,93,60,30,63
37434,49,27,13,36
37435,49,26,13,36
37436,49,27,13,36
37437,49,26,13,36
37438,85,55,27,58
37439,85,54,27,58
37440,62,37,18,44
37441,49,26,13,36
37442,49,27,13,36
37443,49,26,13,36
37444,49,27,13,36
37445,49,26,13,36
37446,49,27,13,36
37447,111,74,37,74
37448,49,27,13,36
37449,111,74,37,74
37450,49,27,13,36
37451,49,26,13,36
37452,49,27,13,36
37453,49,26,13,36
37454,49,27,13,36
37455,49,26,13,36
37456,62,37,18,44
37457,199,142,71,128
37458,199,143,71,128
37459,199,142,71,128
37460,62,37,18,44
37461,62,36,18,44
37462,85,55,27,58
37463,85,54,27,58
37464,62,37,18,44
37465,85,54,27,58
37466,62,37,18,44
37467,199,142,71,128
37468,62,37,18,44
37469,62,36,18,44
37470,49,27,13,36
37471,49,26,13,36
37472,62,37,18,44
37473,199,142,71,128
37474,62,37,18,44
37475,62,36,18,44
37476,62,37,18,44
37477,62,36,18,44
37478,62,37,18,44
37479,199,142,71,128
37480,62,37,18,44
37481,93,60,30,63
37482,62,37,18,44
37483,85,54,27,58
37484,186,133,66,120
37485,186,132,66,120
37486,186,133,66,120
37487,85,54,27,58
37488,155,109,54,101
37489,62,36,18,44
37490,49,27,13,36
37491,49,26,13,36
37492,155,109,54,101
37493,155,108,54,101
37494,155,109,54,101
37495,155,108,54,101
37496,155,109,54,101
37497,85,54,27,58
37498,155,109,54,101
37499,85,54,27,58
37500,49,27,13,36
37501,49,26,13,36
37502,49,27,13,36
37503,305,224,112,193
37504,124,85,42,82
37505,85,54,27,58
37506,62,37,18,44
37507,62,36,18,44
37508,111,75,37,74
37509,111,74,37,74
37510,111,75,37,74
37511,155,108,54,101
37512,155,109,54,101
37513,85,54,27,58
37514,155,109,54,101
37515,111,74,37,74
37516,155,109,54,101
37517,155,108,54,101
37518,230,167,83,147
37519,230,166,83,147
37520,155,109,54,101
37521,111,74,37,74
37522,111,75,37,74
37523,111,74,37,74
37524,155,109,54,101
37525,155,108,54,101
37526,155,109,54,101
37527,155,108,54,101
37528,155,109,54,101
37529,155,108,54,101
37530,155,109,54,101
37531,230,166,83,147
37532,111,75,37,74
37533,111,74,37,74
37534,111,75,37,74
37535,85,54,27,58
37536,124,85,42,82
37537,111,74,37,74
37538,85,55,27,58
37539,85,54,27,58
37540,85,55,27,58
37541,85,54,27,58
37542,85,55,27,58
37543,230,166,83,147
37544,124,85,42,82
37545,85,54,27,58
37546,124,85,42,82
37547,111,74,37,74
37548,62,37,18,44
37549,62,36,18,44
37550,62,37,18,44
37551,111,74,37,74
37552,111,75,37,74
37553,62,36,18,44
37554,62,37,18,44
37555,62,36,18,44
37556,111,75,37,74
37557,111,74,37,74
37558,62,37,18,44
37559,62,36,18,44
37560,111,75,37,74
37561,62,36,18,44
37562,111,75,37,74
37563,67,40,20,47
37564,62,37,18,44
37565,62,36,18,44
37566,62,37,18,44
37567,137,94,47,90
37568,124,85,42,82
37569,111,74,37,74
37570,67,41,20,47
37571,67,40,20,47
37572,111,75,37,74
37573,111,74,37,74
37574,111,75,37,74
37575,62,36,18,44
37576,111,75,37,74
37577,62,36,18,44
37578,111,75,37,74
37579,62,36,18,44
37580,111,75,37,74
37581,111,74,37,74
37582,230,167,83,147
37583,230,166,83,147
37584,124,85,42,82
37585,111,74,37,74
37586,111,75,37,74
37587,111,74,37,74
37588,124,85,42,82
37589,124,84,42,82
37590,155,109,54,101
37591,155,108,54,101
37592,85,55,27,58
37593,111,74,37,74
37594,85,55,27,58
37595,137,94,47,90
37596,85,55,27,58
37597,85,54,27,58
37598,111,75,37,74
37599,111,74,37,74
37600,124,85,42,82
37601,137,94,47,90
37602,124,85,42,82
37603,124,84,42,82
37604,62,37,18,44
37605,62,36,18,44
37606,62,37,18,44
37607,85,54,27,58
37608,124,85,42,82
37609,111,74,37,74
37610,124,85,42,82
37611,85,54,27,58
37612,62,37,18,44
37613,62,36,18,44
37614,62,37,18,44
37615,85,54,27,58
37616,62,37,18,44
37617,124,84,42,82
37618,137,95,47,90
37619,137,94,47,90
37620,62,37,18,44
37621,62,36,18,44
37622,111,75,37,74
37623,111,74,37,74
37624,62,37,18,44
37625,111,74,37,74
37626,62,37,18,44
37627,62,36,18,44
37628,111,75,37,74
37629,111,74,37,74
37630,111,75,37,74
37631,85,54,27,58
37632,124,85,42,82
37633,155,108,54,101
37634,155,109,54,101
37635,155,108,54,101
37636,62,37,18,44
37637,62,36,18,44
37638,62,37,18,44
37639,155,108,54,101
37640,62,37,18,44
37641,155,108,54,101
37642,62,37,18,44
37643,137,94,47,90
37644,62,37,18,44
37645,62,36,18,44
37646,62,37,18,44
37647,62,36,18,44
37648,36,17,8,28
37649,62,36,18,44
37650,124,85,42,82
37651,124,84,42,82
37652,36,17,8,28
37653,36,16,8,28
37654,155,109,54,101
37655,155,108,54,101
37656,36,17,8,28
37657,155,108,54,101
37658,36,17,8,28
37659,85,54,27,58
37660,62,37,18,44
37661,62,36,18,44
37662,62,37,18,44
37663,111,74,37,74
37664,36,17,8,28
37665,137,94,47,90
37666,106,71,35,71
37667,106,70,35,71
37668,106,71,35,71
37669,106,70,35,71
37670,106,71,35,71
37671,137,94,47,90
37672,36,17,8,28
37673,62,36,18,44
37674,36,17,8,28
37675,62,36,18,44
37676,106,71,35,71
37677,106,70,35,71
37678,106,71,35,71
37679,155,108,54,101
37680,36,17,8,28
37681,106,70,35,71
37682,106,71,35,71
37683,106,70,35,71
37684,36,17,8,28
37685,36,16,8,28
37686,168,119,59,109
37687,168,118,59,109
37688,62,37,18,44
37689,137,94,47,90
37690,62,37,18,44
37691,62,36,18,44
37692,62,37,18,44
37693,62,36,18,44
37694,137,95,47,90
37695,137,94,47,90
37696,124,85,42,82
37697,36,16,8,28
37698,111,75,37,74
37699,111,74,37,74
37700,155,109,54,101
37701,155,108,54,101
37702,155,109,54,101
37703,137,94,47,90
37704,155,109,54,101
37705,106,70,35,71
37706,155,109,54,101
37707,155,108,54,101
37708,155,109,54,101
37709,155,108,54,101
37710,106,71,35,71
37711,106,70,35,71
37712,124,85,42,82
37713,62,36,18,44
37714,62,37,18,44
37715,62,36,18,44
37716,124,85,42,82
37717,124,84,42,82
37718,111,75,37,74
37719,111,74,37,74
37720,106,71,35,71
37721,36,16,8,28
37722,106,71,35,71
37723,155,108,54,101
37724,106,71,35,71
37725,106,70,35,71
37726,155,109,54,101
37727,155,108,54,101
37728,62,37,18,44
37729,155,108,54,101
37730,36,17,8,28
37731,36,16,8,28
37732,36,17,8,28
37733,36,16,8,28
37734,36,17,8,28
37735,230,166,83,147
37736,62,37,18,44
37737,111,74,37,74
37738,62,37,18,44
37739,155,108,54,101
37740,155,109,54,101
37741,155,108,54,101
37742,155,109,54,101
37743,111,74,37,74
37744,62,37,18,44
37745,62,36,18,44
37746,36,17,8,28
37747,36,16,8,28
37748,62,37,18,44
37749,62,36,18,44
37750,261,191,95,166
37751,261,190,95,166
37752,106,71,35,71
37753,85,54,27,58
37754,106,71,35,71
37755,261,190,95,166
37756,106,71,35,71
37757,106,70,35,71
37758,111,75,37,74
37759,111,74,37,74
37760,62,37,18,44
37761,62,36,18,44
37762,62,37,18,44
37763,62,36,18,44
37764,106,71,35,71
37765,106,70,35,71
37766,106,71,35,71
37767,62,36,18,44
37768,124,85,42,82
37769,106,70,35,71
37770,124,85,42,82
37771,106,70,35,71
37772,124,85,42,82
37773,124,84,42,82
37774,230,167,83,147
37775,230,166,83,147
37776,62,37,18,44
37777,62,36,18,44
37778,62,37,18,44
37779,62,36,18,44
37780,62,37,18,44
37781,62,36,18,44
37782,62,37,18,44
37783,62,36,18,44
37784,62,37,18,44
37785,62,36,18,44
37786,62,37,18,44
37787,155,108,54,101
37788,155,109,54,101
37789,155,108,54,101
37790,155,109,54,101
37791,155,108,54,101
37792,62,37,18,44
37793,67,40,20,47
37794,62,37,18,44
37795,62,36,18,44
37796,62,37,18,44
37797,62,36,18,44
37798,62,37,18,44
37799,67,40,20,47
37800,62,37,18,44
37801,67,40,20,47
37802,62,37,18,44
37803,155,108,54,101
37804,155,109,54,101
37805,155,108,54,101
37806,155,109,54,101
37807,62,36,18,44
37808,62,37,18,44
37809,62,36,18,44
37810,62,37,18,44
37811,62,36,18,44
37812,62,37,18,44
37813,62,36,18,44
37814,62,37,18,44
37815,62,36,18,44
37816,62,37,18,44
37817,62,36,18,44
37818,62,37,18,44
37819,62,36,18,44
37820,155,109,54,101
37821,155,108,54,101
37822,155,109,54,101
37823,186,132,66,120
37824,62,37,18,44
37825,62,36,18,44
37826,62,37,18,44
37827,62,36,18,44
37828,62,37,18,44
37829,62,36,18,44
37830,62,37,18,44
37831,230,166,83,147
37832,62,37,18,44
37833,106,70,35,71
37834,62,37,18,44
37835,62,36,18,44
37836,62,37,18,44
37837,62,36,18,44
37838,106,71,35,71
37839,106,70,35,71
37840,62,37,18,44
37841,62,36,18,44
37842,106,71,35,71
37843,106,70,35,71
37844,62,37,18,44
37845,62,36,18,44
37846,62,37,18,44
37847,62,36,18,44
37848,62,37,18,44
37849,62,36,18,44
37850,62,37,18,44
37851,199,142,71,128
37852,62,37,18,44
37853,62,36,18,44
37854,199,143,71,128
37855,199,142,71,128
37856,93,61,30,63
37857,106,70,35,71
37858,62,37,18,44
37859,62,36,18,44
37860,62,37,18,44
37861,62,36,18,44
37862,62,37,18,44
37863,199,142,71,128
37864,93,61,30,63
37865,168,118,59,109
37866,93,61,30,63
37867,106,70,35,71
37868,106,71,35,71
37869,106,70,35,71
37870,106,71,35,71
37871,106,70,35,71
37872,93,61,30,63
37873,93,60,30,63
37874,62,37,18,44
37875,62,36,18,44
37876,93,61,30,63
37877,93,60,30,63
37878,93,61,30,63
37879,93,60,30,63
37880,155,109,54,101
37881,155,108,54,101
37882,155,109,54,101
37883,93,60,30,63
37884,155,109,54,101
37885,155,108,54,101
37886,230,167,83,147
37887,230,166,83,147
37888,31,13,6,25
37889,62,36,18,44
37890,93,61,30,63
37891,93,60,30,63
37892,62,37,18,44
37893,62,36,18,44
37894,62,37,18,44
37895,93,60,30,63
37896,62,37,18,44
37897,93,60,30,63
37898,62,37,18,44
37899,62,36,18,44
37900,62,37,18,44
37901,62,36,18,44
37902,62,37,18,44
37903,62,36,18,44
37904,124,85,42,82
37905,62,36,18,44
37906,62,37,18,44
37907,62,36,18,44
37908,124,85,42,82
37909,124,84,42,82
37910,62,37,18,44
37911,62,36,18,44
37912,124,85,42,82
37913,62,36,18,44
37914,124,85,42,82
37915,106,70,35,71
37916,199,143,71,128
37917,199,142,71,128
37918,199,143,71,128
37919,199,142,71,128
37920,155,109,54,101
37921,199,142,71,128
37922,124,85,42,82
37923,124,84,42,82
37924,155,109,54,101
37925,155,108,54,101
37926,155,109,54,101
37927,155,108,54,101
37928,155,109,54,101
37929,106,70,35,71
37930,155,109,54,101
37931,62,36,18,44
37932,54,31,15,39
37933,54,30,15,39
37934,54,31,15,39
37935,191,136,68,123
37936,155,109,54,101
37937,54,30,15,39
37938,54,31,15,39
37939,54,30,15,39
37940,155,109,54,101
37941,155,108,54,101
37942,93,61,30,63
37943,93,60,30,63
37944,62,37,18,44
37945,54,30,15,39
37946,62,37,18,44
37947,80,50,25,55
37948,62,37,18,44
37949,62,36,18,44
37950,54,31,15,39
37951,54,30,15,39
37952,80,51,25,55
37953,62,36,18,44
37954,62,37,18,44
37955,62,36,18,44
37956,155,109,54,101
37957,155,108,54,101
37958,155,109,54,101
37959,106,70,35,71
37960,54,31,15,39
37961,54,30,15,39
37962,54,31,15,39
37963,155,108,54,101
37964,54,31,15,39
37965,54,30,15,39
37966,54,31,15,39
37967,54,30,15,39
37968,80,51,25,55
37969,54,30,15,39
37970,54,31,15,39
37971,54,30,15,39
37972,80,51,25,55
37973,80,50,25,55
37974,155,109,54,101
37975,155,108,54,101
37976,155,109,54,101
37977,62,36,18,44
37978,155,109,54,101
37979,80,50,25,55
37980,155,109,54,101
37981,155,108,54,101
37982,93,61,30,63
37983,93,60,30,63
37984,80,51,25,55
37985,106,70,35,71
37986,54,31,15,39
37987,54,30,15,39
37988,54,31,15,39
37989,54,30,15,39
37990,54,31,15,39
37991,186,132,66,120
37992,80,51,25,55
37993,137,94,47,90
37994,80,51,25,55
37995,62,36,18,44
37996,106,71,35,71
37997,106,70,35,71
37998,106,71,35,71
37999,54,30,15,39
38000,168,119,59,109
38001,80,50,25,55
38002,54,31,15,39
38003,54,30,15,39
38004,168,119,59,109
38005,168,118,59,109
38006,155,109,54,101
38007,155,108,54,101
38008,168,119,59,109
38009,93,60,30,63
38010,168,119,59,109
38011,155,108,54,101
38012,155,109,54,101
38013,155,108,54,101
38014,155,109,54,101
38015,199,142,71,128
38016,80,51,25,55
38017,106,70,35,71
38018,124,85,42,82
38019,124,84,42,82
38020,124,85,42,82
38021,124,84,42,82
38022,124,85,42,82
38023,111,74,37,74
38024,54,31,15,39
38025,111,74,37,74
38026,54,31,15,39
38027,80,50,25,55
38028,54,31,15,39
38029,54,30,15,39
38030,62,37,18,44
38031,62,36,18,44
38032,54,31,15,39
38033,199,142,71,128
38034,199,143,71,128
38035,199,142,71,128
38036,54,31,15,39
38037,54,30,15,39
38038,54,31,15,39
38039,54,30,15,39
38040,54,31,15,39
38041,54,30,15,39
38042,54,31,15,39
38043,199,142,71,128
38044,54,31,15,39
38045,54,30,15,39
38046,54,31,15,39
38047,199,142,71,128
38048,80,51,25,55
38049,199,142,71,128
38050,199,143,71,128
38051,199,142,71,128
38052,199,143,71,128
38053,199,142,71,128
38054,199,143,71,128
38055,199,142,71,128
38056,80,51,25,55
38057,199,142,71,128
38058,80,51,25,55
38059,54,30,15,39
38060,54,31,15,39
38061,54,30,15,39
38062,54,31,15,39
38063,62,36,18,44
38064,80,51,25,55
38065,54,30,15,39
38066,54,31,15,39
38067,54,30,15,39
38068,80,51,25,55
38069,80,50,25,55
38070,93,61,30,63
38071,93,60,30,63
38072,80,51,25,55
38073,54,30,15,39
38074,80,51,25,55
38075,243,176,88,155
38076,106,71,35,71
38077,106,70,35,71
38078,106,71,35,71
38079,106,70,35,71
38080,80,51,25,55
38081,106,70,35,71
38082,106,71,35,71
38083,106,70,35,71
38084,36,17,8,28
38085,36,16,8,28
38086,36,17,8,28
38087,106,70,35,71
38088,36,17,8,28
38089,36,16,8,28
38090,36,17,8,28
38091,36,16,8,28
38092,36,17,8,28
38093,36,16,8,28
38094,54,31,15,39
38095,54,30,15,39
38096,80,51,25,55
38097,199,142,71,128
38098,199,143,71,128
38099,199,142,71,128
38100,80,51,25,55
38101,80,50,25,55
38102,199,143,71,128
38103,199,142,71,128
38104,199,143,71,128
38105,36,16,8,28
38106,199,143,71,128
38107,199,142,71,128
38108,199,143,71,128
38109,199,142,71,128
38110,142,99,49,93
38111,142,98,49,93
38112,54,31,15,39
38113,80,50,25,55
38114,80,51,25,55
38115,80,50,25,55
38116,106,71,35,71
38117,106,70,35,71
38118,106,71,35,71
38119,106,70,35,71
38120,54,31,15,39
38121,106,70,35,71
38122,54,31,15,39
38123,54,30,15,39
38124,80,51,25,55
38125,80,50,25,55
38126,80,51,25,55
38127,199,142,71,128
38128,54,31,15,39
38129,54,30,15,39
38130,62,37,18,44
38131,62,36,18,44
38132,54,31,15,39
38133,54,30,15,39
38134,54,31,15,39
38135,54,30,15,39
38136,106,71,35,71
38137,54,30,15,39
38138,106,71,35,71
38139,168,118,59,109
38140,106,71,35,71
38141,106,70,35,71
38142,199,143,71,128
38143,199,142,71,128
38144,31,13,6,25
38145,54,30,15,39
38146,54,31,15,39
38147,54,30,15,39
38148,80,51,25,55
38149,80,50,25,55
38150,80,51,25,55
38151,54,30,15,39
38152,80,51,25,55
38153,54,30,15,39
38154,80,51,25,55
38155,54,30,15,39
38156,80,51,25,55
38157,80,50,25,55
38158,80,51,25,55
38159,80,50,25,55
38160,106,71,35,71
38161,80,50,25,55
38162,54,31,15,39
38163,54,30,15,39
38164,106,71,35,71
38165,106,70,35,71
38166,80,51,25,55
38167,80,50,25,55
38168,106,71,35,71
38169,93,60,30,63
38170,106,71,35,71
38171,93,60,30,63
38172,54,31,15,39
38173,54,30,15,39
38174,54,31,15,39
38175,80,50,25,55
38176,106,71,35,71
38177,80,50,25,55
38178,80,51,25,55
38179,80,50,25,55
38180,80,51,25,55
38181,80,50,25,55
38182,80,51,25,55
38183,80,50,25,55
38184,106,71,35,71
38185,199,142,71,128
38186,106,71,35,71
38187,80,50,25,55
38188,106,71,35,71
38189,106,70,35,71
38190,106,71,35,71
38191,199,142,71,128
38192,106,71,35,71
38193,137,94,47,90
38194,137,95,47,90
38195,137,94,47,90
38196,106,71,35,71
38197,106,70,35,71
38198,137,95,47,90
38199,137,94,47,90
38200,62,37,18,44
38201,93,60,30,63
38202,62,37,18,44
38203,106,70,35,71
38204,62,37,18,44
38205,62,36,18,44
38206,93,61,30,63
38207,93,60,30,63
38208,31,13,6,25
38209,106,70,35,71
38210,106,71,35,71
38211,106,70,35,71
38212,106,71,35,71
38213,106,70,35,71
38214,106,71,35,71
38215,199,142,71,128
38216,106,71,35,71
38217,199,142,71,128
38218,106,71,35,71
38219,106,70,35,71
38220,106,71,35,71
38221,106,70,35,71
38222,106,71,35,71
38223,106,70,35,71
38224,31,13,6,25
38225,199,142,71,128
38226,199,143,71,128
38227,199,142,71,128
38228,31,13,6,25
38229,31,12,6,25
38230,80,51,25,55
38231,80,50,25,55
38232,80,51,25,55
38233,80,50,25,55
38234,80,51,25,55
38235,80,50,25,55
38236,80,51,25,55
38237,80,50,25,55
38238,80,51,25,55
38239,80,50,25,55
38240,124,85,42,82
38241,80,50,25,55
38242,80,51,25,55
38243,80,50,25,55
38244,80,51,25,55
38245,80,50,25,55
38246,80,51,25,55
38247,168,118,59,109
38248,124,85,42,82
38249,80,50,25,55
38250,124,85,42,82
38251,199,142,71,128
38252,199,143,71,128
38253,199,142,71,128
38254,199,143,71,128
38255,199,142,71,128
38256,124,85,42,82
38257,124,84,42,82
38258,80,51,25,55
38259,80,50,25,55
38260,124,85,42,82
38261,124,84,42,82
38262,80,51,25,55
38263,80,50,25,55
38264,80,51,25,55
38265,93,60,30,63
38266,80,51,25,55
38267,111,74,37,74
38268,80,51,25,55
38269,80,50,25,55
38270,199,143,71,128
38271,199,142,71,128
38272,124,85,42,82
38273,106,70,35,71
38274,124,85,42,82
38275,124,84,42,82
38276,80,51,25,55
38277,80,50,25,55
38278,80,51,25,55
38279,124,84,42,82
38280,75,47,23,52
38281,80,50,25,55
38282,75,47,23,52
38283,80,50,25,55
38284,75,47,23,52
38285,75,46,23,52
38286,199,143,71,128
38287,199,142,71,128
38288,75,47,23,52
38289,124,84,42,82
38290,124,85,42,82
38291,124,84,42,82
38292,75,47,23,52
38293,75,46,23,52
38294,155,109,54,101
38295,155,108,54,101
38296,75,47,23,52
38297,155,108,54,101
38298,75,47,23,52
38299,80,50,25,55
38300,199,143,71,128
38301,199,142,71,128
38302,199,143,71,128
38303,212,152,76,136
38304,124,85,42,82
38305,155,108,54,101
38306,155,109,54,101
38307,155,108,54,101
38308,155,109,54,101
38309,155,108,54,101
38310,155,109,54,101
38311,155,108,54,101
38312,124,85,42,82
38313,93,60,30,63
38314,124,85,42,82
38315,93,60,30,63
38316,155,109,54,101
38317,155,108,54,101
38318,155,109,54,101
38319,80,50,25,55
38320,36,17,8,28
38321,75,46,23,52
38322,75,47,23,52
38323,75,46,23,52
38324,36,17,8,28
38325,36,16,8,28
38326,155,109,54,101
38327,155,108,54,101
38328,36,17,8,28
38329,75,46,23,52
38330,36,17,8,28
38331,155,108,54,101
38332,137,95,47,90
38333,137,94,47,90
38334,137,95,47,90
38335,137,94,47,90
38336,124,85,42,82
38337,36,16,8,28
38338,155,109,54,101
38339,155,108,54,101
38340,124,85,42,82
38341,124,84,42,82
38342,124,85,42,82
38343,137,94,47,90
38344,75,47,23,52
38345,36,16,8,28
38346,75,47,23,52
38347,36,16,8,28
38348,75,47,23,52
38349,75,46,23,52
38350,199,143,71,128
38351,199,142,71,128
38352,124,85,42,82
38353,75,46,23,52
38354,199,143,71,128
38355,199,142,71,128
38356,124,85,42,82
38357,124,84,42,82
38358,199,143,71,128
38359,199,142,71,128
38360,168,119,59,109
38361,168,118,59,109
38362,168,119,59,109
38363,75,46,23,52
38364,168,119,59,109
38365,168,118,59,109
38366,137,95,47,90
38367,137,94,47,90
38368,75,47,23,52
38369,168,118,59,109
38370,124,85,42,82
38371,124,84,42,82
38372,124,85,42,82
38373,124,84,42,82
38374,124,85,42,82
38375,168,118,59,109
38376,75,47,23,52
38377,199,142,71,128
38378,75,47,23,52
38379,106,70,35,71
38380,75,47,23,52
38381,75,46,23,52
38382,75,47,23,52
38383,62,36,18,44
38384,75,47,23,52
38385,75,46,23,52
38386,75,47,23,52
38387,75,46,23,52
38388,75,47,23,52
38389,75,46,23,52
38390,199,143,71,128
38391,199,142,71,128
38392,168,119,59,109
38393,75,46,23,52
38394,168,119,59,109
38395,80,50,25,55
38396,168,119,59,109
38397,168,118,59,109
38398,168,119,59,109
38399,168,118,59,109
38400,23,7,3,20
38401,75,46,23,52
38402,168,119,59,109
38403,168,118,59,109
38404,168,119,59,109
38405,168,118,59,109
38406,168,119,59,109
38407,75,46,23,52
38408,124,85,42,82
38409,168,118,59,109
38410,124,85,42,82
38411,168,118,59,109
38412,124,85,42,82
38413,124,84,42,82
38414,199,143,71,128
38415,199,142,71,128
38416,168,119,59,109
38417,124,84,42,82
38418,75,47,23,52
38419,75,46,23,52
38420,168,119,59,109
38421,168,118,59,109
38422,80,51,25,55
38423,80,50,25,55
38424,168,119,59,109
38425,80,50,25,55
38426,168,119,59,109
38427,168,118,59,109
38428,124,85,42,82
38429,124,84,42,82
38430,124,85,42,82
38431,199,142,71,128
38432,62,37,18,44
38433,75,46,23,52
38434,168,119,59,109
38435,168,118,59,109
38436,75,47,23,52
38437,75,46,23,52
38438,75,47,23,52
38439,75,46,23,52
38440,62,37,18,44
38441,230,166,83,147
38442,62,37,18,44
38443,168,118,59,109
38444,168,119,59,109
38445,168,118,59,109
38446,168,119,59,109
38447,199,142,71,128
38448,62,37,18,44
38449,75,46,23,52
38450,75,47,23,52
38451,75,46,23,52
38452,62,37,18,44
38453,62,36,18,44
38454,160,113,56,104
38455,160,112,56,104
38456,124,85,42,82
38457,168,118,59,109
38458,124,85,42,82
38459,168,118,59,109
38460,124,85,42,82
38461,124,84,42,82
38462,168,119,59,109
38463,168,118,59,109
38464,62,37,18,44
38465,124,84,42,82
38466,124,85,42,82
38467,124,84,42,82
38468,49,27,13,36
38469,49,26,13,36
38470,49,27,13,36
38471,80,50,25,55
38472,49,27,13,36
38473,199,142,71,128
38474,49,27,13,36
38475,49,26,13,36
38476,49,27,13,36
38477,49,26,13,36
38478,168,119,59,109
38479,168,118,59,109
38480,62,37,18,44
38481,75,46,23,52
38482,75,47,23,52
38483,75,46,23,52
38484,62,37,18,44
38485,62,36,18,44
38486,75,47,23,52
38487,75,46,23,52
38488,49,27,13,36
38489,75,46,23,52
38490,49,27,13,36
38491,93,60,30,63
38492,49,27,13,36
38493,49,26,13,36
38494,75,47,23,52
38495,75,46,23,52
38496,62,37,18,44
38497,49,26,13,36
38498,49,27,13,36
38499,49,26,13,36
38500,49,27,13,36
38501,49,26,13,36
38502,49,27,13,36
38503,168,118,59,109
38504,62,37,18,44
38505,75,46,23,52
38506,62,37,18,44
38507,75,46,23,52
38508,49,27,13,36
38509,49,26,13,36
38510,49,27,13,36
38511,155,108,54,101
38512,75,47,23,52
38513,62,36,18,44
38514,106,71,35,71
38515,106,70,35,71
38516,75,47,23,52
38517,75,46,23,52
38518,75,47,23,52
38519,75,46,23,52
38520,75,47,23,52
38521,106,70,35,71
38522,75,47,23,52
38523,75,46,23,52
38524,160,113,56,104
38525,160,112,56,104
38526,160,113,56,104
38527,93,60,30,63
38528,23,7,3,20
38529,199,142,71,128
38530,62,37,18,44
38531,62,36,18,44
38532,49,27,13,36
38533,49,26,13,36
38534,49,27,13,36
38535,80,50,25,55
38536,124,85,42,82
38537,106,70,35,71
38538,124,85,42,82
38539,49,26,13,36
38540,124,85,42,82
38541,124,84,42,82
38542,75,47,23,52
38543,75,46,23,52
38544,124,85,42,82
38545,137,94,47,90
38546,137,95,47,90
38547,137,94,47,90
38548,124,85,42,82
38549,124,84,42,82
38550,124,85,42,82
38551,124,84,42,82
38552,124,85,42,82
38553,168,118,59,109
38554,124,85,42,82
38555,49,26,13,36
38556,137,95,47,90
38557,137,94,47,90
38558,137,95,47,90
38559,168,118,59,109
38560,23,7,3,20
38561,106,70,35,71
38562,75,47,23,52
38563,75,46,23,52
38564,75,47,23,52
38565,75,46,23,52
38566,75,47,23,52
38567,49,26,13,36
38568,23,7,3,20
38569,80,50,25,55
38570,23,7,3,20
38571,168,118,59,109
38572,168,119,59,109
38573,168,118,59,109
38574,168,119,59,109
38575,168,118,59,109
38576,168,119,59,109
38577,168,118,59,109
38578,168,119,59,109
38579,168,118,59,109
38580,168,119,59,109
38581,168,118,59,109
38582,168,119,59,109
38583,168,118,59,109
38584,168,119,59,109
38585,124,84,42,82
38586,168,119,59,109
38587,124,84,42,82
38588,124,85,42,82
38589,124,84,42,82
38590,124,85,42,82
38591,230,166,83,147
38592,75,47,23,52
38593,168,118,59,109
38594,212,153,76,136
38595,212,152,76,136
38596,62,37,18,44
38597,62,36,18,44
38598,62,37,18,44
38599,168,118,59,109
38600,62,37,18,44
38601,168,118,59,109
38602,62,37,18,44
38603,168,118,59,109
38604,62,37,18,44
38605,62,36,18,44
38606,168,119,59,109
38607,168,118,59,109
38608,75,47,23,52
38609,49,26,13,36
38610,49,27,13,36
38611,49,26,13,36
38612,75,47,23,52
38613,75,46,23,52
38614,168,119,59,109
38615,168,118,59,109
38616,106,71,35,71
38617,106,70,35,71
38618,106,71,35,71
38619,49,26,13,36
38620,106,71,35,71
38621,106,70,35,71
38622,106,71,35,71
38623,106,70,35,71
38624,75,47,23,52
38625,106,70,35,71
38626,75,47,23,52
38627,75,46,23,52
38628,62,37,18,44
38629,62,36,18,44
38630,62,37,18,44
38631,106,70,35,71
38632,75,47,23,52
38633,111,74,37,74
38634,75,47,23,52
38635,49,26,13,36
38636,168,119,59,109
38637,168,118,59,109
38638,168,119,59,109
38639,49,26,13,36
38640,124,85,42,82
38641,75,46,23,52
38642,168,119,59,109
38643,168,118,59,109
38644,124,85,42,82
38645,124,84,42,82
38646,181,129,64,117
38647,181,128,64,117
38648,124,85,42,82
38649,124,84,42,82
38650,124,85,42,82
38651,168,118,59,109
38652,186,133,66,120
38653,186,132,66,120
38654,186,133,66,120
38655,212,152,76,136
38656,23,7,3,20
38657,75,46,23,52
38658,137,95,47,90
38659,137,94,47,90
38660,75,47,23,52
38661,75,46,23,52
38662,75,47,23,52
38663,137,94,47,90
38664,75,47,23,52
38665,168,118,59,109
38666,75,47,23,52
38667,124,84,42,82
38668,75,47,23,52
38669,75,46,23,52
38670,75,47,23,52
38671,75,46,23,52
38672,23,7,3,20
38673,75,46,23,52
38674,168,119,59,109
38675,168,118,59,109
38676,23,7,3,20
38677,23,6,3,20
38678,75,47,23,52
38679,75,46,23,52
38680,23,7,3,20
38681,137,94,47,90
38682,23,7,3,20
38683,137,94,47,90
38684,75,47,23,52
38685,75,46,23,52
38686,75,47,23,52
38687,75,46,23,52
38688,62,37,18,44
38689,186,132,66,120
38690,62,37,18,44
38691,62,36,18,44
38692,62,37,18,44
38693,62,36,18,44
38694,62,37,18,44
38695,137,94,47,90
38696,62,37,18,44
38697,186,132,66,120
38698,62,37,18,44
38699,62,36,18,44
38700,75,47,23,52
38701,75,46,23,52
38702,75,47,23,52
38703,75,46,23,52
38704,62,37,18,44
38705,75,46,23,52
38706,75,47,23,52
38707,75,46,23,52
38708,62,37,18,44
38709,62,36,18,44
38710,124,85,42,82
38711,124,84,42,82
38712,168,119,59,109
38713,124,84,42,82
38714,168,119,59,109
38715,75,46,23,52
38716,168,119,59,109
38717,168,118,59,109
38718,168,119,59,109
38719,168,118,59,109
38720,23,7,3,20
38721,62,36,18,44
38722,75,47,23,52
38723,75,46,23,52
38724,62,37,18,44
38725,62,36,18,44
38726,62,37,18,44
38727,75,46,23,52
38728,106,71,35,71
38729,75,46,23,52
38730,106,71,35,71
38731,62,36,18,44
38732,106,71,35,71
38733,106,70,35,71
38734,168,119,59,109
38735,168,118,59,109
38736,23,7,3,20
38737,106,70,35,71
38738,75,47,23,52
38739,75,46,23,52
38740,23,7,3,20
38741,23,6,3,20
38742,62,37,18,44
38743,62,36,18,44
38744,168,119,59,109
38745,168,118,59,109
38746,168,119,59,109
38747,168,118,59,109
38748,168,119,59,109
38749,168,118,59,109
38750,168,119,59,109
38751,168,118,59,109
38752,75,47,23,52
38753,124,84,42,82
38754,75,47,23,52
38755,75,46,23,52
38756,75,47,23,52
38757,75,46,23,52
38758,75,47,23,52
38759,106,70,35,71
38760,75,47,23,52
38761,168,118,59,109
38762,75,47,23,52
38763,80,50,25,55
38764,62,37,18,44
38765,62,36,18,44
38766,62,37,18,44
38767,155,108,54,101
38768,75,47,23,52
38769,75,46,23,52
38770,75,47,23,52
38771,75,46,23,52
38772,75,47,23,52
38773,75,46,23,52
38774,75,47,23,52
38775,75,46,23,52
38776,168,119,59,109
38777,168,118,59,109
38778,168,119,59,109
38779,124,84,42,82
38780,168,119,59,109
38781,168,118,59,109
38782,80,51,25,55
38783,80,50,25,55
38784,49,27,13,36
38785,80,50,25,55
38786,137,95,47,90
38787,137,94,47,90
38788,137,95,47,90
38789,137,94,47,90
38790,137,95,47,90
38791,137,94,47,90
38792,23,7,3,20
38793,62,36,18,44
38794,23,7,3,20
38795,199,142,71,128
38796,23,7,3,20
38797,23,6,3,20
38798,80,51,25,55
38799,80,50,25,55
38800,168,119,59,109
38801,137,94,47,90
38802,137,95,47,90
38803,137,94,47,90
38804,168,119,59,109
38805,168,118,59,109
38806,75,47,23,52
38807,75,46,23,52
38808,168,119,59,109
38809,75,46,23,52
38810,168,119,59,109
38811,80,50,25,55
38812,137,95,47,90
38813,137,94,47,90
38814,137,95,47,90
38815,62,36,18,44
38816,49,27,13,36
38817,75,46,23,52
38818,168,119,59,109
38819,168,118,59,109
38820,181,129,64,117
38821,181,128,64,117
38822,181,129,64,117
38823,137,94,47,90
38824,49,27,13,36
38825,230,166,83,147
38826,49,27,13,36
38827,168,118,59,109
38828,168,119,59,109
38829,168,118,59,109
38830,168,119,59,109
38831,168,118,59,109
38832,124,85,42,82
38833,23,6,3,20
38834,23,7,3,20
38835,23,6,3,20
38836,124,85,42,82
38837,124,84,42,82
38838,62,37,18,44
38839,62,36,18,44
38840,124,85,42,82
38841,62,36,18,44
38842,124,85,42,82
38843,62,36,18,44
38844,62,37,18,44
38845,62,36,18,44
38846,62,37,18,44
38847,230,166,83,147
38848,49,27,13,36
38849,124,84,42,82
38850,62,37,18,44
38851,62,36,18,44
38852,49,27,13,36
38853,49,26,13,36
38854,49,27,13,36
38855,106,70,35,71
38856,168,119,59,109
38857,62,36,18,44
38858,168,119,59,109
38859,168,118,59,109
38860,168,119,59,109
38861,168,118,59,109
38862,124,85,42,82
38863,124,84,42,82
38864,49,27,13,36
38865,168,118,59,109
38866,106,71,35,71
38867,106,70,35,71
38868,49,27,13,36
38869,49,26,13,36
38870,124,85,42,82
38871,124,84,42,82
38872,124,85,42,82
38873,49,26,13,36
38874,124,85,42,82
38875,243,176,88,155
38876,124,85,42,82
38877,124,84,42,82
38878,106,71,35,71
38879,106,70,35,71
38880,168,119,59,109
38881,243,176,88,155
38882,49,27,13,36
38883,49,26,13,36
38884,168,119,59,109
38885,168,118,59,109
38886,168,119,59,109
38887,93,60,30,63
38888,168,119,59,109
38889,230,166,83,147
38890,168,119,59,109
38891,155,108,54,101
38892,106,71,35,71
38893,106,70,35,71
38894,106,71,35,71
38895,168,118,59,109
38896,168,119,59,109
38897,168,118,59,109
38898,75,47,23,52
38899,75,46,23,52
38900,168,119,59,109
38901,168,118,59,109
38902,106,71,35,71
38903,106,70,35,71
38904,93,61,30,63
38905,106,70,35,71
38906,93,61,30,63
38907,129,88,44,85
38908,93,61,30,63
38909,93,60,30,63
38910,93,61,30,63
38911,93,60,30,63
38912,31,13,6,25
38913,124,84,42,82
38914,49,27,13,36
38915,49,26,13,36
38916,168,119,59,109
38917,168,118,59,109
38918,168,119,59,109
38919,49,26,13,36
38920,49,27,13,36
38921,106,70,35,71
38922,49,27,13,36
38923,168,118,59,109
38924,49,27,13,36
38925,49,26,13,36
38926,168,119,59,109
38927,168,118,59,109
38928,49,27,13,36
38929,49,26,13,36
38930,168,119,59,109
38931,168,118,59,109
38932,49,27,13,36
38933,49,26,13,36
38934,49,27,13,36
38935,49,26,13,36
38936,49,27,13,36
38937,168,118,59,109
38938,49,27,13,36
38939,106,70,35,71
38940,49,27,13,36
38941,49,26,13,36
38942,49,27,13,36
38943,243,176,88,155
38944,137,95,47,90
38945,49,26,13,36
38946,49,27,13,36
38947,49,26,13,36
38948,168,119,59,109
38949,168,118,59,109
38950,168,119,59,109
38951,106,70,35,71
38952,137,95,47,90
38953,106,70,35,71
38954,137,95,47,90
38955,168,118,59,109
38956,49,27,13,36
38957,49,26,13,36
38958,49,27,13,36
38959,243,176,88,155
38960,137,95,47,90
38961,199,142,71,128
38962,199,143,71,128
38963,199,142,71,128
38964,137,95,47,90
38965,137,94,47,90
38966,199,143,71,128
38967,199,142,71,128
38968,49,27,13,36
38969,49,26,13,36
38970,49,27,13,36
38971,199,142,71,128
38972,49,27,13,36
38973,49,26,13,36
38974,168,119,59,109
38975,168,118,59,109
38976,137,95,47,90
38977,49,26,13,36
38978,49,27,13,36
38979,49,26,13,36
38980,137,95,47,90
38981,137,94,47,90
38982,137,95,47,90
38983,129,88,44,85
38984,124,85,42,82
38985,199,142,71,128
38986,124,85,42,82
38987,137,94,47,90
38988,124,85,42,82
38989,124,84,42,82
38990,124,85,42,82
38991,124,84,42,82
38992,137,95,47,90
38993,124,84,42,82
38994,168,119,59,109
38995,168,118,59,109
38996,137,95,47,90
38997,137,94,47,90
38998,49,27,13,36
38999,49,26,13,36
39000,124,85,42,82
39001,49,26,13,36
39002,124,85,42,82
39003,199,142,71,128
39004,124,85,42,82
39005,124,84,42,82
39006,124,85,42,82
39007,124,84,42,82
39008,137,95,47,90
39009,274,200,100,174
39010,124,85,42,82
39011,124,84,42,82
39012,124,85,42,82
39013,124,84,42,82
39014,124,85,42,82
39015,274,200,100,174
39016,137,95,47,90
39017,62,36,18,44
39018,137,95,47,90
39019,168,118,59,109
39020,62,37,18,44
39021,62,36,18,44
39022,62,37,18,44
39023,155,108,54,101
39024,137,95,47,90
39025,137,94,47,90
39026,124,85,42,82
39027,124,84,42,82
39028,137,95,47,90
39029,137,94,47,90
39030,155,109,54,101
39031,155,108,54,101
39032,137,95,47,90
39033,168,118,59,109
39034,137,95,47,90
39035,155,108,54,101
39036,155,109,54,101
39037,155,108,54,101
39038,155,109,54,101
39039,62,36,18,44
39040,44,23,11,33
39041,124,84,42,82
39042,49,27,13,36
39043,49,26,13,36
39044,49,27,13,36
39045,49,26,13,36
39046,49,27,13,36
39047,124,84,42,82
39048,137,95,47,90
39049,62,36,18,44
39050,137,95,47,90
39051,106,70,35,71
39052,137,95,47,90
39053,137,94,47,90
39054,129,89,44,85
39055,129,88,44,85
39056,75,47,23,52
39057,168,118,59,109
39058,168,119,59,109
39059,168,118,59,109
39060,75,47,23,52
39061,75,46,23,52
39062,137,95,47,90
39063,137,94,47,90
39064,75,47,23,52
39065,106,70,35,71
39066,75,47,23,52
39067,106,70,35,71
39068,75,47,23,52
39069,75,46,23,52
39070,75,47,23,52
39071,168,118,59,109
39072,44,23,11,33
39073,49,26,13,36
39074,75,47,23,52
39075,75,46,23,52
39076,106,71,35,71
39077,106,70,35,71
39078,106,71,35,71
39079,106,70,35,71
39080,44,23,11,33
39081,168,118,59,109
39082,44,23,11,33
39083,168,118,59,109
39084,137,95,47,90
39085,137,94,47,90
39086,137,95,47,90
39087,155,108,54,101
39088,49,27,13,36
39089,106,70,35,71
39090,106,71,35,71
39091,106,70,35,71
39092,49,27,13,36
39093,49,26,13,36
39094,106,71,35,71
39095,106,70,35,71
39096,49,27,13,36
39097,106,70,35,71
39098,49,27,13,36
39099,155,108,54,101
39100,155,109,54,101
39101,155,108,54,101
39102,155,109,54,101
39103,106,70,35,71
39104,44,23,11,33
39105,75,46,23,52
39106,75,47,23,52
39107,75,46,23,52
39108,49,27,13,36
39109,49,26,13,36
39110,49,27,13,36
39111,75,46,23,52
39112,49,27,13,36
39113,49,26,13,36
39114,49,27,13,36
39115,75,46,23,52
39116,49,27,13,36
39117,49,26,13,36
39118,80,51,25,55
39119,80,50,25,55
39120,44,23,11,33
39121,80,50,25,55
39122,80,51,25,55
39123,80,50,25,55
39124,44,23,11,33
39125,44,22,11,33
39126,80,51,25,55
39127,80,50,25,55
39128,181,129,64,117
39129,181,128,64,117
39130,181,129,64,117
39131,80,50,25,55
39132,181,129,64,117
39133,181,128,64,117
39134,181,129,64,117
39135,181,128,64,117
39136,137,95,47,90
39137,80,50,25,55
39138,44,23,11,33
39139,44,22,11,33
39140,199,143,71,128
39141,199,142,71,128
39142,199,143,71,128
39143,124,84,42,82
39144,137,95,47,90
39145,106,70,35,71
39146,137,95,47,90
39147,168,118,59,109
39148,199,143,71,128
39149,199,142,71,128
39150,199,143,71,128
39151,168,118,59,109
39152,137,95,47,90
39153,137,94,47,90
39154,75,47,23,52
39155,75,46,23,52
39156,137,95,47,90
39157,137,94,47,90
39158,199,143,71,128
39159,199,142,71,128
39160,75,47,23,52
39161,75,46,23,52
39162,75,47,23,52
39163,80,50,25,55
39164,75,47,23,52
39165,75,46,23,52
39166,106,71,35,71
39167,106,70,35,71
39168,44,23,11,33
39169,137,94,47,90
39170,168,119,59,109
39171,168,118,59,109
39172,168,119,59,109
39173,168,118,59,109
39174,168,119,59,109
39175,168,118,59,109
39176,168,119,59,109
39177,199,142,71,128
39178,168,119,59,109
39179,150,104,52,98
39180,168,119,59,109
39181,168,118,59,109
39182,150,105,52,98
39183,150,104,52,98
39184,137,95,47,90
39185,168,118,59,109
39186,274,201,100,174
39187,274,200,100,174
39188,137,95,47,90
39189,137,94,47,90
39190,137,95,47,90
39191,137,94,47,90
39192,137,95,47,90
39193,137,94,47,90
39194,137,95,47,90
39195,199,142,71,128
39196,49,27,13,36
39197,49,26,13,36
39198,49,27,13,36
39199,150,104,52,98
39200,137,95,47,90
39201,168,118,59,109
39202,106,71,35,71
39203,106,70,35,71
39204,106,71,35,71
39205,106,70,35,71
39206,106,71,35,71
39207,80,50,25,55
39208,137,95,47,90
39209,106,70,35,71
39210,137,95,47,90
39211,106,70,35,71
39212,137,95,47,90
39213,137,94,47,90
39214,137,95,47,90
39215,124,84,42,82
39216,137,95,47,90
39217,168,118,59,109
39218,168,119,59,109
39219,168,118,59,109
39220,137,95,47,90
39221,137,94,47,90
39222,199,143,71,128
39223,199,142,71,128
39224,106,71,35,71
39225,106,70,35,71
39226,106,71,35,71
39227,106,70,35,71
39228,106,71,35,71
39229,106,70,35,71
39230,155,109,54,101
39231,155,108,54,101
39232,44,23,11,33
39233,137,94,47,90
39234,106,71,35,71
39235,106,70,35,71
39236,168,119,59,109
39237,168,118,59,109
39238,168,119,59,109
39239,150,104,52,98
39240,168,119,59,109
39241,124,84,42,82
39242,168,119,59,109
39243,168,118,59,109
39244,168,119,59,109
39245,168,118,59,109
39246,124,85,42,82
39247,124,84,42,82
39248,44,23,11,33
39249,150,104,52,98
39250,150,105,52,98
39251,150,104,52,98
39252,44,23,11,33
39253,44,22,11,33
39254,168,119,59,109
39255,168,118,59,109
39256,137,95,47,90
39257,168,118,59,109
39258,137,95,47,90
39259,168,118,59,109
39260,137,95,47,90
39261,137,94,47,90
39262,106,71,35,71
39263,106,70,35,71
39264,137,95,47,90
39265,106,70,35,71
39266,137,95,47,90
39267,137,94,47,90
39268,137,95,47,90
39269,137,94,47,90
39270,137,95,47,90
39271,106,70,35,71
39272,137,95,47,90
39273,137,94,47,90
39274,137,95,47,90
39275,75,46,23,52
39276,75,47,23,52
39277,75,46,23,52
39278,75,47,23,52
39279,75,46,23,52
39280,137,95,47,90
39281,137,94,47,90
39282,75,47,23,52
39283,75,46,23,52
39284,137,95,47,90
39285,137,94,47,90
39286,75,47,23,52
39287,75,46,23,52
39288,124,85,42,82
39289,75,46,23,52
39290,124,85,42,82
39291,124,84,42,82
39292,124,85,42,82
39293,124,84,42,82
39294,106,71,35,71
39295,106,70,35,71
39296,44,23,11,33
39297,124,84,42,82
39298,49,27,13,36
39299,49,26,13,36
39300,49,27,13,36
39301,49,26,13,36
39302,49,27,13,36
39303,49,26,13,36
39304,137,95,47,90
39305,106,70,35,71
39306,137,95,47,90
39307,106,70,35,71
39308,137,95,47,90
39309,137,94,47,90
39310,137,95,47,90
39311,137,94,47,90
39312,137,95,47,90
39313,49,26,13,36
39314,49,27,13,36
39315,49,26,13,36
39316,137,95,47,90
39317,137,94,47,90
39318,49,27,13,36
39319,49,26,13,36
39320,137,95,47,90
39321,49,26,13,36
39322,137,95,47,90
39323,106,70,35,71
39324,106,71,35,71
39325,106,70,35,71
39326,106,71,35,71
39327,150,104,52,98
39328,44,23,11,33
39329,168,118,59,109
39330,49,27,13,36
39331,49,26,13,36
39332,49,27,13,36
39333,49,26,13,36
39334,49,27,13,36
39335,49,26,13,36
39336,44,23,11,33
39337,124,84,42,82
39338,44,23,11,33
39339,199,142,71,128
39340,168,119,59,109
39341,168,118,59,109
39342,168,119,59,109
39343,49,26,13,36
39344,106,71,35,71
39345,106,70,35,71
39346,106,71,35,71
39347,106,70,35,71
39348,106,71,35,71
39349,106,70,35,71
39350,49,27,13,36
39351,49,26,13,36
39352,106,71,35,71
39353,106,70,35,71
39354,106,71,35,71
39355,168,118,59,109
39356,49,27,13,36
39357,49,26,13,36
39358,49,27,13,36
39359,150,104,52,98
39360,75,47,23,52
39361,137,94,47,90
39362,137,95,47,90
39363,137,94,47,90
39364,44,23,11,33
39365,44,22,11,33
39366,44,23,11,33
39367,75,46,23,52
39368,75,47,23,52
39369,75,46,23,52
39370,75,47,23,52
39371,137,94,47,90
39372,75,47,23,52
39373,75,46,23,52
39374,106,71,35,71
39375,106,70,35,71
39376,75,47,23,52
39377,75,46,23,52
39378,199,143,71,128
39379,199,142,71,128
39380,75,47,23,52
39381,75,46,23,52
39382,49,27,13,36
39383,49,26,13,36
39384,75,47,23,52
39385,75,46,23,52
39386,75,47,23,52
39387,75,46,23,52
39388,75,47,23,52
39389,75,46,23,52
39390,106,71,35,71
39391,106,70,35,71
39392,75,47,23,52
39393,49,26,13,36
39394,75,47,23,52
39395,75,46,23,52
39396,75,47,23,52
39397,75,46,23,52
39398,75,47,23,52
39399,124,84,42,82
39400,75,47,23,52
39401,124,84,42,82
39402,75,47,23,52
39403,243,176,88,155
39404,75,47,23,52
39405,75,46,23,52
39406,75,47,23,52
39407,243,176,88,155
39408,212,153,76,136
39409,75,46,23,52
39410,199,143,71,128
39411,199,142,71,128
39412,212,153,76,136
39413,212,152,76,136
39414,199,143,71,128
39415,199,142,71,128
39416,212,153,76,136
39417,199,142,71,128
39418,212,153,76,136
39419,75,46,23,52
39420,98,65,32,66
39421,98,64,32,66
39422,98,65,32,66
39423,124,84,42,82
39424,31,13,6,25
39425,212,152,76,136
39426,62,37,18,44
39427,62,36,18,44
39428,62,37,18,44
39429,62,36,18,44
39430,62,37,18,44
39431,106,70,35,71
39432,44,23,11,33
39433,62,36,18,44
39434,44,23,11,33
39435,62,36,18,44
39436,44,23,11,33
39437,44,22,11,33
39438,98,65,32,66
39439,98,64,32,66
39440,75,47,23,52
39441,44,22,11,33
39442,62,37,18,44
39443,62,36,18,44
39444,75,47,23,52
39445,75,46,23,52
39446,62,37,18,44
39447,62,36,18,44
39448,75,47,23,52
39449,62,36,18,44
39450,75,47,23,52
39451,124,84,42,82
39452,75,47,23,52
39453,75,46,23,52
39454,75,47,23,52
39455,62,36,18,44
39456,137,95,47,90
39457,75,46,23,52
39458,75,47,23,52
39459,75,46,23,52
39460,98,65,32,66
39461,98,64,32,66
39462,98,65,32,66
39463,75,46,23,52
39464,137,95,47,90
39465,106,70,35,71
39466,137,95,47,90
39467,75,46,23,52
39468,75,47,23,52
39469,75,46,23,52
39470,75,47,23,52
39471,212,152,76,136
39472,137,95,47,90
39473,75,46,23,52
39474,75,47,23,52
39475,75,46,23,52
39476,137,95,47,90
39477,137,94,47,90
39478,212,153,76,136
39479,212,152,76,136
39480,199,143,71,128
39481,75,46,23,52
39482,199,143,71,128
39483,75,46,23,52
39484,199,143,71,128
39485,199,142,71,128
39486,75,47,23,52
39487,75,46,23,52
39488,137,95,47,90
39489,137,94,47,90
39490,137,95,47,90
39491,137,94,47,90
39492,137,95,47,90
39493,137,94,47,90
39494,137,95,47,90
39495,62,36,18,44
39496,137,95,47,90
39497,168,118,59,109
39498,137,95,47,90
39499,137,94,47,90
39500,137,95,47,90
39501,137,94,47,90
39502,168,119,59,109
39503,168,118,59,109
39504,137,95,47,90
39505,62,36,18,44
39506,62,37,18,44
39507,62,36,18,44
39508,137,95,47,90
39509,137,94,47,90
39510,124,85,42,82
39511,124,84,42,82
39512,137,95,47,90
39513,124,84,42,82
39514,137,95,47,90
39515,98,64,32,66
39516,137,95,47,90
39517,137,94,47,90
39518,98,65,32,66
39519,98,64,32,66
39520,137,95,47,90
39521,168,118,59,109
39522,168,119,59,109
39523,168,118,59,109
39524,168,119,59,109
39525,168,118,59,109
39526,168,119,59,109
39527,75,46,23,52
39528,137,95,47,90
39529,124,84,42,82
39530,137,95,47,90
39531,168,118,59,109
39532,168,119,59,109
39533,168,118,59,109
39534,168,119,59,109
39535,98,64,32,66
39536,137,95,47,90
39537,137,94,47,90
39538,124,85,42,82
39539,124,84,42,82
39540,137,95,47,90
39541,137,94,47,90
39542,137,95,47,90
39543,137,94,47,90
39544,137,95,47,90
39545,98,64,32,66
39546,137,95,47,90
39547,98,64,32,66
39548,243,177,88,155
39549,243,176,88,155
39550,243,177,88,155
39551,98,64,32,66
39552,31,13,6,25
39553,124,84,42,82
39554,137,95,47,90
39555,137,94,47,90
39556,124,85,42,82
39557,124,84,42,82
39558,124,85,42,82
39559,124,84,42,82
39560,124,85,42,82
39561,75,46,23,52
39562,124,85,42,82
39563,124,84,42,82
39564,124,85,42,82
39565,124,84,42,82
39566,75,47,23,52
39567,75,46,23,52
39568,124,85,42,82
39569,75,46,23,52
39570,75,47,23,52
39571,75,46,23,52
39572,124,85,42,82
39573,124,84,42,82
39574,124,85,42,82
39575,124,84,42,82
39576,124,85,42,82
39577,80,50,25,55
39578,124,85,42,82
39579,75,46,23,52
39580,124,85,42,82
39581,124,84,42,82
39582,124,85,42,82
39583,80,50,25,55
39584,31,13,6,25
39585,75,46,23,52
39586,243,177,88,155
39587,243,176,88,155
39588,243,177,88,155
39589,243,176,88,155
39590,243,177,88,155
39591,75,46,23,52
39592,31,13,6,25
39593,150,104,52,98
39594,31,13,6,25
39595,124,84,42,82
39596,98,65,32,66
39597,98,64,32,66
39598,98,65,32,66
39599,137,94,47,90
39600,75,47,23,52
39601,137,94,47,90
39602,137,95,47,90
39603,137,94,47,90
39604,75,47,23,52
39605,75,46,23,52
39606,98,65,32,66
39607,98,64,32,66
39608,75,47,23,52
39609,137,94,47,90
39610,75,47,23,52
39611,150,104,52,98
39612,75,47,23,52
39613,75,46,23,52
39614,75,47,23,52
39615,150,104,52,98
39616,137,95,47,90
39617,75,46,23,52
39618,137,95,47,90
39619,137,94,47,90
39620,44,23,11,33
39621,44,22,11,33
39622,44,23,11,33
39623,75,46,23,52
39624,44,23,11,33
39625,75,46,23,52
39626,44,23,11,33
39627,150,104,52,98
39628,44,23,11,33
39629,44,22,11,33
39630,98,65,32,66
39631,98,64,32,66
39632,137,95,47,90
39633,75,46,23,52
39634,75,47,23,52
39635,75,46,23,52
39636,137,95,47,90
39637,137,94,47,90
39638,124,85,42,82
39639,124,84,42,82
39640,75,47,23,52
39641,44,22,11,33
39642,75,47,23,52
39643,98,64,32,66
39644,75,47,23,52
39645,75,46,23,52
39646,168,119,59,109
39647,168,118,59,109
39648,137,95,47,90
39649,168,118,59,109
39650,137,95,47,90
39651,137,94,47,90
39652,49,27,13,36
39653,49,26,13,36
39654,49,27,13,36
39655,124,84,42,82
39656,137,95,47,90
39657,150,104,52,98
39658,137,95,47,90
39659,75,46,23,52
39660,49,27,13,36
39661,49,26,13,36
39662,49,27,13,36
39663,98,64,32,66
39664,49,27,13,36
39665,137,94,47,90
39666,168,119,59,109
39667,168,118,59,109
39668,49,27,13,36
39669,49,26,13,36
39670,49,27,13,36
39671,49,26,13,36
39672,49,27,13,36
39673,75,46,23,52
39674,49,27,13,36
39675,124,84,42,82
39676,150,105,52,98
39677,150,104,52,98
39678,150,105,52,98
39679,124,84,42,82
39680,93,61,30,63
39681,49,26,13,36
39682,49,27,13,36
39683,49,26,13,36
39684,137,95,47,90
39685,137,94,47,90
39686,137,95,47,90
39687,75,46,23,52
39688,75,47,23,52
39689,75,46,23,52
39690,75,47,23,52
39691,119,80,40,79
39692,75,47,23,52
39693,75,46,23,52
39694,137,95,47,90
39695,137,94,47,90
39696,44,23,11,33
39697,75,46,23,52
39698,49,27,13,36
39699,49,26,13,36
39700,44,23,11,33
39701,44,22,11,33
39702,75,47,23,52
39703,75,46,23,52
39704,44,23,11,33
39705,75,46,23,52
39706,44,23,11,33
39707,274,200,100,174
39708,137,95,47,90
39709,137,94,47,90
39710,137,95,47,90
39711,150,104,52,98
39712,44,23,11,33
39713,168,118,59,109
39714,137,95,47,90
39715,137,94,47,90
39716,137,95,47,90
39717,137,94,47,90
39718,137,95,47,90
39719,150,104,52,98
39720,44,23,11,33
39721,119,80,40,79
39722,44,23,11,33
39723,168,118,59,109
39724,119,81,40,79
39725,119,80,40,79
39726,119,81,40,79
39727,119,80,40,79
39728,44,23,11,33
39729,119,80,40,79
39730,119,81,40,79
39731,119,80,40,79
39732,44,23,11,33
39733,44,22,11,33
39734,124,85,42,82
39735,124,84,42,82
39736,168,119,59,109
39737,49,26,13,36
39738,168,119,59,109
39739,119,80,40,79
39740,168,119,59,109
39741,168,118,59,109
39742,119,81,40,79
39743,119,80,40,79
39744,93,61,30,63
39745,44,22,11,33
39746,49,27,13,36
39747,49,26,13,36
39748,75,47,23,52
39749,75,46,23,52
39750,75,47,23,52
39751,243,176,88,155
39752,75,47,23,52
39753,75,46,23,52
39754,75,47,23,52
39755,75,46,23,52
39756,75,47,23,52
39757,75,46,23,52
39758,168,119,59,109
39759,168,118,59,109
39760,93,61,30,63
39761,75,46,23,52
39762,75,47,23,52
39763,75,46,23,52
39764,93,61,30,63
39765,93,60,30,63
39766,274,201,100,174
39767,274,200,100,174
39768,75,47,23,52
39769,75,46,23,52
39770,75,47,23,52
39771,75,46,23,52
39772,75,47,23,52
39773,75,46,23,52
39774,119,81,40,79
39775,119,80,40,79
39776,75,47,23,52
39777,124,84,42,82
39778,75,47,23,52
39779,75,46,23,52
39780,75,47,23,52
39781,75,46,23,52
39782,75,47,23,52
39783,75,46,23,52
39784,75,47,23,52
39785,119,80,40,79
39786,75,47,23,52
39787,137,94,47,90
39788,137,95,47,90
39789,137,94,47,90
39790,137,95,47,90
39791,119,80,40,79
39792,75,47,23,52
39793,75,46,23,52
39794,75,47,23,52
39795,75,46,23,52
39796,75,47,23,52
39797,75,46,23,52
39798,75,47,23,52
39799,75,46,23,52
39800,75,47,23,52
39801,75,46,23,52
39802,75,47,23,52
39803,75,46,23,52
39804,75,47,23,52
39805,75,46,23,52
39806,150,105,52,98
39807,150,104,52,98
39808,93,61,30,63
39809,168,118,59,109
39810,75,47,23,52
39811,75,46,23,52
39812,75,47,23,52
39813,75,46,23,52
39814,75,47,23,52
39815,75,46,23,52
39816,93,61,30,63
39817,80,50,25,55
39818,93,61,30,63
39819,80,50,25,55
39820,93,61,30,63
39821,93,60,30,63
39822,75,47,23,52
39823,75,46,23,52
39824,44,23,11,33
39825,75,46,23,52
39826,75,47,23,52
39827,75,46,23,52
39828,44,23,11,33
39829,44,22,11,33
39830,75,47,23,52
39831,75,46,23,52
39832,44,23,11,33
39833,75,46,23,52
39834,44,23,11,33
39835,75,46,23,52
39836,75,47,23,52
39837,75,46,23,52
39838,75,47,23,52
39839,75,46,23,52
39840,93,61,30,63
39841,168,118,59,109
39842,44,23,11,33
39843,44,22,11,33
39844,75,47,23,52
39845,75,46,23,52
39846,75,47,23,52
39847,119,80,40,79
39848,93,61,30,63
39849,119,80,40,79
39850,93,61,30,63
39851,75,46,23,52
39852,75,47,23,52
39853,75,46,23,52
39854,75,47,23,52
39855,75,46,23,52
39856,106,71,35,71
39857,106,70,35,71
39858,106,71,35,71
39859,106,70,35,71
39860,106,71,35,71
39861,106,70,35,71
39862,75,47,23,52
39863,75,46,23,52
39864,106,71,35,71
39865,75,46,23,52
39866,106,71,35,71
39867,75,46,23,52
39868,75,47,23,52
39869,75,46,23,52
39870,75,47,23,52
39871,181,128,64,117
39872,137,95,47,90
39873,75,46,23,52
39874,75,47,23,52
39875,75,46,23,52
39876,93,61,30,63
39877,93,60,30,63
39878,93,61,30,63
39879,212,152,76,136
39880,119,81,40,79
39881,75,46,23,52
39882,119,81,40,79
39883,106,70,35,71
39884,119,81,40,79
39885,119,80,40,79
39886,75,47,23,52
39887,75,46,23,52
39888,137,95,47,90
39889,119,80,40,79
39890,119,81,40,79
39891,119,80,40,79
39892,137,95,47,90
39893,137,94,47,90
39894,119,81,40,79
39895,119,80,40,79
39896,168,119,59,109
39897,93,60,30,63
39898,168,119,59,109
39899,75,46,23,52
39900,168,119,59,109
39901,168,118,59,109
39902,212,153,76,136
39903,212,152,76,136
39904,137,95,47,90
39905,106,70,35,71
39906,137,95,47,90
39907,137,94,47,90
39908,44,23,11,33
39909,44,22,11,33
39910,44,23,11,33
39911,168,118,59,109
39912,137,95,47,90
39913,243,176,88,155
39914,137,95,47,90
39915,75,46,23,52
39916,75,47,23,52
39917,75,46,23,52
39918,75,47,23,52
39919,243,176,88,155
39920,75,47,23,52
39921,137,94,47,90
39922,75,47,23,52
39923,75,46,23,52
39924,75,47,23,52
39925,75,46,23,52
39926,75,47,23,52
39927,75,46,23,52
39928,75,47,23,52
39929,75,46,23,52
39930,75,47,23,52
39931,75,46,23,52
39932,168,119,59,109
39933,168,118,59,109
39934,168,119,59,109
39935,305,224,112,193
39936,44,23,11,33
39937,137,94,47,90
39938,212,153,76,136
39939,212,152,76,136
39940,93,61,30,63
39941,93,60,30,63
39942,93,61,30,63
39943,212,152,76,136
39944,168,119,59,109
39945,212,152,76,136
39946,168,119,59,109
39947,93,60,30,63
39948,168,119,59,109
39949,168,118,59,109
39950,168,119,59,109
39951,168,118,59,109
39952,93,61,30,63
39953,168,118,59,109
39954,168,119,59,109
39955,168,118,59,109
39956,93,61,30,63
39957,93,60,30,63
39958,168,119,59,109
39959,168,118,59,109
39960,93,61,30,63
39961,67,40,20,47
39962,93,61,30,63
39963,204,146,73,131
39964,168,119,59,109
39965,168,118,59,109
39966,168,119,59,109
39967,67,40,20,47
39968,181,129,64,117
39969,106,70,35,71
39970,93,61,30,63
39971,93,60,30,63
39972,75,47,23,52
39973,75,46,23,52
39974,75,47,23,52
39975,75,46,23,52
39976,181,129,64,117
39977,75,46,23,52
39978,181,129,64,117
39979,93,60,30,63
39980,67,41,20,47
39981,67,40,20,47
39982,67,41,20,47
39983,75,46,23,52
39984,181,129,64,117
39985,67,40,20,47
39986,67,41,20,47
39987,67,40,20,47
39988,181,129,64,117
39989,181,128,64,117
39990,67,41,20,47
39991,67,40,20,47
39992,93,61,30,63
39993,67,40,20,47
39994,93,61,30,63
39995,67,40,20,47
39996,93,61,30,63
39997,93,60,30,63
39998,67,41,20,47
39999,67,40,20,47
40000,31,13,6,25
40001,168,118,59,109
40002,168,119,59,109
40003,168,118,59,109
40004,181,129,64,117
40005,181,128,64,117
40006,181,129,64,117
40007,75,46,23,52
40008,67,41,20,47
40009,93,60,30,63
40010,67,41,20,47
40011,181,128,64,117
40012,67,41,20,47
40013,67,40,20,47
40014,93,61,30,63
40015,93,60,30,63
40016,31,13,6,25
40017,67,40,20,47
40018,168,119,59,109
40019,168,118,59,109
40020,31,13,6,25
40021,31,12,6,25
40022,181,129,64,117
40023,181,128,64,117
40024,181,129,64,117
40025,119,80,40,79
40026,181,129,64,117
40027,75,46,23,52
40028,181,129,64,117
40029,181,128,64,117
40030,67,41,20,47
40031,67,40,20,47
40032,31,13,6,25
40033,67,40,20,47
40034,168,119,59,109
40035,168,118,59,109
40036,168,119,59,109
40037,168,118,59,109
40038,168,119,59,109
40039,67,40,20,47
40040,31,13,6,25
40041,106,70,35,71
40042,31,13,6,25
40043,168,118,59,109
40044,212,153,76,136
40045,212,152,76,136
40046,212,153,76,136
40047,168,118,59,109
40048,67,41,20,47
40049,31,12,6,25
40050,137,95,47,90
40051,137,94,47,90
40052,67,41,20,47
40053,67,40,20,47
40054,67,41,20,47
40055,67,40,20,47
40056,67,41,20,47
40057,137,94,47,90
40058,67,41,20,47
40059,67,40,20,47
40060,67,41,20,47
40061,67,40,20,47
40062,67,41,20,47
40063,168,118,59,109
40064,137,95,47,90
40065,212,152,76,136
40066,93,61,30,63
40067,93,60,30,63
40068,93,61,30,63
40069,93,60,30,63
40070,93,61,30,63
40071,67,40,20,47
40072,93,61,30,63
40073,119,80,40,79
40074,93,61,30,63
40075,67,40,20,47
40076,93,61,30,63
40077,93,60,30,63
40078,67,41,20,47
40079,67,40,20,47
40080,93,61,30,63
40081,212,152,76,136
40082,212,153,76,136
40083,212,152,76,136
40084,93,61,30,63
40085,93,60,30,63
40086,93,61,30,63
40087,93,60,30,63
40088,93,61,30,63
40089,93,60,30,63
40090,93,61,30,63
40091,67,40,20,47
40092,67,41,20,47
40093,67,40,20,47
40094,67,41,20,47
40095,212,152,76,136
40096,137,95,47,90
40097,75,46,23,52
40098,93,61,30,63
40099,93,60,30,63
40100,93,61,30,63
40101,93,60,30,63
40102,93,61,30,63
40103,168,118,59,109
40104,137,95,47,90
40105,274,200,100,174
40106,137,95,47,90
40107,93,60,30,63
40108,93,61,30,63
40109,93,60,30,63
40110,93,61,30,63
40111,256,186,93,163
40112,44,23,11,33
40113,49,26,13,36
40114,49,27,13,36
40115,49,26,13,36
40116,44,23,11,33
40117,44,22,11,33
40118,119,81,40,79
40119,119,80,40,79
40120,44,23,11,33
40121,49,26,13,36
40122,44,23,11,33
40123,119,80,40,79
40124,49,27,13,36
40125,49,26,13,36
40126,49,27,13,36
40127,119,80,40,79
40128,137,95,47,90
40129,93,60,30,63
40130,93,61,30,63
40131,93,60,30,63
40132,44,23,11,33
40133,44,22,11,33
40134,44,23,11,33
40135,212,152,76,136
40136,44,23,11,33
40137,212,152,76,136
40138,44,23,11,33
40139,212,152,76,136
40140,44,23,11,33
40141,44,22,11,33
40142,49,27,13,36
40143,49,26,13,36
40144,137,95,47,90
40145,155,108,54,101
40146,155,109,54,101
40147,155,108,54,101
40148,137,95,47,90
40149,137,94,47,90
40150,93,61,30,63
40151,93,60,30,63
40152,67,41,20,47
40153,67,40,20,47
40154,67,41,20,47
40155,119,80,40,79
40156,67,41,20,47
40157,67,40,20,47
40158,119,81,40,79
40159,119,80,40,79
40160,93,61,30,63
40161,67,40,20,47
40162,137,95,47,90
40163,137,94,47,90
40164,67,41,20,47
40165,67,40,20,47
40166,67,41,20,47
40167,67,40,20,47
40168,93,61,30,63
40169,75,46,23,52
40170,93,61,30,63
40171,119,80,40,79
40172,44,23,11,33
40173,44,22,11,33
40174,44,23,11,33
40175,119,80,40,79
40176,93,61,30,63
40177,93,60,30,63
40178,119,81,40,79
40179,119,80,40,79
40180,93,61,30,63
40181,93,60,30,63
40182,44,23,11,33
40183,44,22,11,33
40184,93,61,30,63
40185,67,40,20,47
40186,93,61,30,63
40187,67,40,20,47
40188,93,61,30,63
40189,93,60,30,63
40190,243,177,88,155
40191,243,176,88,155
40192,44,23,11,33
40193,93,60,30,63
40194,93,61,30,63
40195,93,60,30,63
40196,137,95,47,90
40197,137,94,47,90
40198,137,95,47,90
40199,93,60,30,63
40200,119,81,40,79
40201,93,60,30,63
40202,119,81,40,79
40203,119,80,40,79
40204,119,81,40,79
40205,119,80,40,79
40206,119,81,40,79
40207,119,80,40,79
40208,137,95,47,90
40209,119,80,40,79
40210,106,71,35,71
40211,106,70,35,71
40212,137,95,47,90
40213,137,94,47,90
40214,119,81,40,79
40215,119,80,40,79
40216,137,95,47,90
40217,93,60,30,63
40218,137,95,47,90
40219,243,176,88,155
40220,93,61,30,63
40221,93,60,30,63
40222,93,61,30,63
40223,93,60,30,63
40224,44,23,11,33
40225,119,80,40,79
40226,119,81,40,79
40227,119,80,40,79
40228,119,81,40,79
40229,119,80,40,79
40230,119,81,40,79
40231,119,80,40,79
40232,44,23,11,33
40233,212,152,76,136
40234,44,23,11,33
40235,150,104,52,98
40236,137,95,47,90
40237,137,94,47,90
40238,137,95,47,90
40239,119,80,40,79
40240,44,23,11,33
40241,75,46,23,52
40242,75,47,23,52
40243,75,46,23,52
40244,44,23,11,33
40245,44,22,11,33
40246,150,105,52,98
40247,150,104,52,98
40248,119,81,40,79
40249,106,70,35,71
40250,119,81,40,79
40251,137,94,47,90
40252,119,81,40,79
40253,119,80,40,79
40254,119,81,40,79
40255,119,80,40,79
40256,44,23,11,33
40257,44,22,11,33
40258,119,81,40,79
40259,119,80,40,79
40260,44,23,11,33
40261,44,22,11,33
40262,44,23,11,33
40263,119,80,40,79
40264,93,61,30,63
40265,119,80,40,79
40266,93,61,30,63
40267,44,22,11,33
40268,93,61,30,63
40269,93,60,30,63
40270,212,153,76,136
40271,212,152,76,136
40272,44,23,11,33
40273,93,60,30,63
40274,119,81,40,79
40275,119,80,40,79
40276,44,23,11,33
40277,44,22,11,33
40278,93,61,30,63
40279,93,60,30,63
40280,137,95,47,90
40281,137,94,47,90
40282,137,95,47,90
40283,93,60,30,63
40284,137,95,47,90
40285,137,94,47,90
40286,93,61,30,63
40287,93,60,30,63
40288,88,57,28,60
40289,93,60,30,63
40290,137,95,47,90
40291,137,94,47,90
40292,137,95,47,90
40293,137,94,47,90
40294,137,95,47,90
40295,181,128,64,117
40296,88,57,28,60
40297,212,152,76,136
40298,88,57,28,60
40299,212,152,76,136
40300,93,61,30,63
40301,93,60,30,63
40302,93,61,30,63
40303,137,94,47,90
40304,88,57,28,60
40305,88,56,28,60
40306,93,61,30,63
40307,93,60,30,63
40308,88,57,28,60
40309,88,56,28,60
40310,93,61,30,63
40311,93,60,30,63
40312,137,95,47,90
40313,124,84,42,82
40314,137,95,47,90
40315,93,60,30,63
40316,137,95,47,90
40317,137,94,47,90
40318,243,177,88,155
40319,243,176,88,155
40320,44,23,11,33
40321,93,60,30,63
40322,88,57,28,60
40323,88,56,28,60
40324,88,57,28,60
40325,88,56,28,60
40326,88,57,28,60
40327,88,56,28,60
40328,44,23,11,33
40329,88,56,28,60
40330,44,23,11,33
40331,88,56,28,60
40332,44,23,11,33
40333,44,22,11,33
40334,88,57,28,60
40335,88,56,28,60
40336,44,23,11,33
40337,88,56,28,60
40338,88,57,28,60
40339,88,56,28,60
40340,44,23,11,33
40341,44,22,11,33
40342,212,153,76,136
40343,212,152,76,136
40344,44,23,11,33
40345,212,152,76,136
40346,44,23,11,33
40347,93,60,30,63
40348,225,163,81,144
40349,225,162,81,144
40350,225,163,81,144
40351,168,118,59,109
40352,44,23,11,33
40353,168,118,59,109
40354,137,95,47,90
40355,137,94,47,90
40356,137,95,47,90
40357,137,94,47,90
40358,137,95,47,90
40359,168,118,59,109
40360,44,23,11,33
40361,106,70,35,71
40362,44,23,11,33
40363,106,70,35,71
40364,49,27,13,36
40365,49,26,13,36
40366,49,27,13,36
40367,168,118,59,109
40368,137,95,47,90
40369,137,94,47,90
40370,137,95,47,90
40371,137,94,47,90
40372,137,95,47,90
40373,137,94,47,90
40374,168,119,59,109
40375,168,118,59,109
40376,137,95,47,90
40377,137,94,47,90
40378,137,95,47,90
40379,49,26,13,36
40380,150,105,52,98
40381,150,104,52,98
40382,150,105,52,98
40383,212,152,76,136
40384,44,23,11,33
40385,168,118,59,109
40386,168,119,59,109
40387,168,118,59,109
40388,44,23,11,33
40389,44,22,11,33
40390,44,23,11,33
40391,137,94,47,90
40392,88,57,28,60
40393,88,56,28,60
40394,88,57,28,60
40395,88,56,28,60
40396,88,57,28,60
40397,88,56,28,60
40398,49,27,13,36
40399,49,26,13,36
40400,44,23,11,33
40401,88,56,28,60
40402,88,57,28,60
40403,88,56,28,60
40404,44,23,11,33
40405,44,22,11,33
40406,137,95,47,90
40407,137,94,47,90
40408,88,57,28,60
40409,88,56,28,60
40410,88,57,28,60
40411,181,128,64,117
40412,88,57,28,60
40413,88,56,28,60
40414,88,57,28,60
40415,88,56,28,60
40416,181,129,64,117
40417,150,104,52,98
40418,44,23,11,33
40419,44,22,11,33
40420,137,95,47,90
40421,137,94,47,90
40422,137,95,47,90
40423,137,94,47,90
40424,181,129,64,117
40425,181,128,64,117
40426,181,129,64,117
40427,181,128,64,117
40428,88,57,28,60
40429,88,56,28,60
40430,88,57,28,60
40431,119,80,40,79
40432,181,129,64,117
40433,181,128,64,117
40434,88,57,28,60
40435,88,56,28,60
40436,181,129,64,117
40437,181,128,64,117
40438,88,57,28,60
40439,88,56,28,60
40440,88,57,28,60
40441,88,56,28,60
40442,88,57,28,60
40443,212,152,76,136
40444,88,57,28,60
40445,88,56,28,60
40446,88,57,28,60
40447,88,56,28,60
40448,44,23,11,33
40449,181,128,64,117
40450,44,23,11,33
40451,44,22,11,33
40452,137,95,47,90
40453,137,94,47,90
40454,137,95,47,90
40455,181,128,64,117
40456,75,47,23,52
40457,181,128,64,117
40458,75,47,23,52
40459,137,94,47,90
40460,75,47,23,52
40461,75,46,23,52
40462,137,95,47,90
40463,137,94,47,90
40464,75,47,23,52
40465,75,46,23,52
40466,212,153,76,136
40467,212,152,76,136
40468,75,47,23,52
40469,75,46,23,52
40470,181,129,64,117
40471,181,128,64,117
40472,75,47,23,52
40473,181,128,64,117
40474,75,47,23,52
40475,88,56,28,60
40476,75,47,23,52
40477,75,46,23,52
40478,75,47,23,52
40479,150,104,52,98
40480,44,23,11,33
40481,137,94,47,90
40482,75,47,23,52
40483,75,46,23,52
40484,181,129,64,117
40485,181,128,64,117
40486,181,129,64,117
40487,75,46,23,52
40488,44,23,11,33
40489,212,152,76,136
40490,44,23,11,33
40491,75,46,23,52
40492,181,129,64,117
40493,181,128,64,117
40494,181,129,64,117
40495,88,56,28,60
40496,44,23,11,33
40497,181,128,64,117
40498,181,129,64,117
40499,181,128,64,117
40500,44,23,11,33
40501,44,22,11,33
40502,212,153,76,136
40503,212,152,76,136
40504,137,95,47,90
40505,88,56,28,60
40506,137,95,47,90
40507,75,46,23,52
40508,137,95,47,90
40509,137,94,47,90
40510,173,123,61,112
40511,173,122,61,112
40512,36,17,8,28
40513,75,46,23,52
40514,75,47,23,52
40515,75,46,23,52
40516,75,47,23,52
40517,75,46,23,52
40518,75,47,23,52
40519,181,128,64,117
40520,75,47,23,52
40521,137,94,47,90
40522,75,47,23,52
40523,75,46,23,52
40524,75,47,23,52
40525,75,46,23,52
40526,62,37,18,44
40527,62,36,18,44
40528,36,17,8,28
40529,62,36,18,44
40530,62,37,18,44
40531,62,36,18,44
40532,36,17,8,28
40533,36,16,8,28
40534,75,47,23,52
40535,75,46,23,52
40536,36,17,8,28
40537,88,56,28,60
40538,36,17,8,28
40539,88,56,28,60
40540,36,17,8,28
40541,36,16,8,28
40542,75,47,23,52
40543,75,46,23,52
40544,36,17,8,28
40545,62,36,18,44
40546,36,17,8,28
40547,36,16,8,28
40548,36,17,8,28
40549,36,16,8,28
40550,36,17,8,28
40551,106,70,35,71
40552,36,17,8,28
40553,88,56,28,60
40554,36,17,8,28
40555,62,36,18,44
40556,62,37,18,44
40557,62,36,18,44
40558,62,37,18,44
40559,62,36,18,44
40560,88,57,28,60
40561,36,16,8,28
40562,75,47,23,52
40563,75,46,23,52
40564,88,57,28,60
40565,88,56,28,60
40566,88,57,28,60
40567,88,56,28,60
40568,88,57,28,60
40569,62,36,18,44
40570,88,57,28,60
40571,88,56,28,60
40572,119,81,40,79
40573,119,80,40,79
40574,119,81,40,79
40575,168,118,59,109
40576,44,23,11,33
40577,88,56,28,60
40578,36,17,8,28
40579,36,16,8,28
40580,36,17,8,28
40581,36,16,8,28
40582,36,17,8,28
40583,173,122,61,112
40584,36,17,8,28
40585,168,118,59,109
40586,36,17,8,28
40587,36,16,8,28
40588,36,17,8,28
40589,36,16,8,28
40590,75,47,23,52
40591,75,46,23,52
40592,137,95,47,90
40593,137,94,47,90
40594,137,95,47,90
40595,137,94,47,90
40596,137,95,47,90
40597,137,94,47,90
40598,36,17,8,28
40599,36,16,8,28
40600,137,95,47,90
40601,88,56,28,60
40602,137,95,47,90
40603,119,80,40,79
40604,150,105,52,98
40605,150,104,52,98
40606,150,105,52,98
40607,93,60,30,63
40608,44,23,11,33
40609,137,94,47,90
40610,137,95,47,90
40611,137,94,47,90
40612,62,37,18,44
40613,62,36,18,44
40614,62,37,18,44
40615,181,128,64,117
40616,44,23,11,33
40617,212,152,76,136
40618,44,23,11,33
40619,150,104,52,98
40620,88,57,28,60
40621,88,56,28,60
40622,88,57,28,60
40623,119,80,40,79
40624,181,129,64,117
40625,181,128,64,117
40626,181,129,64,117
40627,181,128,64,117
40628,181,129,64,117
40629,181,128,64,117
40630,93,61,30,63
40631,93,60,30,63
40632,181,129,64,117
40633,181,128,64,117
40634,181,129,64,117
40635,181,128,64,117
40636,181,129,64,117
40637,181,128,64,117
40638,181,129,64,117
40639,181,128,64,117
40640,36,17,8,28
40641,181,128,64,117
40642,181,129,64,117
40643,181,128,64,117
40644,44,23,11,33
40645,44,22,11,33
40646,44,23,11,33
40647,181,128,64,117
40648,44,23,11,33
40649,137,94,47,90
40650,44,23,11,33
40651,137,94,47,90
40652,44,23,11,33
40653,44,22,11,33
40654,243,177,88,155
40655,243,176,88,155
40656,36,17,8,28
40657,75,46,23,52
40658,75,47,23,52
40659,75,46,23,52
40660,36,17,8,28
40661,36,16,8,28
40662,75,47,23,52
40663,75,46,23,52
40664,88,57,28,60
40665,88,56,28,60
40666,88,57,28,60
40667,181,128,64,117
40668,88,57,28,60
40669,88,56,28,60
40670,181,129,64,117
40671,181,128,64,117
40672,36,17,8,28
40673,62,36,18,44
40674,36,17,8,28
40675,36,16,8,28
40676,88,57,28,60
40677,88,56,28,60
40678,88,57,28,60
40679,181,128,64,117
40680,36,17,8,28
40681,119,80,40,79
40682,36,17,8,28
40683,119,80,40,79
40684,88,57,28,60
40685,88,56,28,60
40686,88,57,28,60
40687,181,128,64,117
40688,181,129,64,117
40689,36,16,8,28
40690,88,57,28,60
40691,88,56,28,60
40692,181,129,64,117
40693,181,128,64,117
40694,75,47,23,52
40695,75,46,23,52
40696,181,129,64,117
40697,88,56,28,60
40698,181,129,64,117
40699,124,84,42,82
40700,181,129,64,117
40701,181,128,64,117
40702,181,129,64,117
40703,256,186,93,163
40704,62,37,18,44
40705,36,16,8,28
40706,137,95,47,90
40707,137,94,47,90
40708,36,17,8,28
40709,36,16,8,28
40710,36,17,8,28
40711,137,94,47,90
40712,88,57,28,60
40713,194,138,69,125
40714,88,57,28,60
40715,137,94,47,90
40716,88,57,28,60
40717,88,56,28,60
40718,36,17,8,28
40719,36,16,8,28
40720,44,23,11,33
40721,88,56,28,60
40722,88,57,28,60
40723,88,56,28,60
40724,44,23,11,33
40725,44,22,11,33
40726,88,57,28,60
40727,88,56,28,60
40728,44,23,11,33
40729,150,104,52,98
40730,44,23,11,33
40731,181,128,64,117
40732,88,57,28,60
40733,88,56,28,60
40734,88,57,28,60
40735,137,94,47,90
40736,36,17,8,28
40737,36,16,8,28
40738,36,17,8,28
40739,36,16,8,28
40740,36,17,8,28
40741,36,16,8,28
40742,36,17,8,28
40743,181,128,64,117
40744,36,17,8,28
40745,36,16,8,28
40746,36,17,8,28
40747,36,16,8,28
40748,36,17,8,28
40749,36,16,8,28
40750,36,17,8,28
40751,36,16,8,28
40752,36,17,8,28
40753,36,16,8,28
40754,36,17,8,28
40755,36,16,8,28
40756,36,17,8,28
40757,36,16,8,28
40758,75,47,23,52
40759,75,46,23,52
40760,75,47,23,52
40761,75,46,23,52
40762,75,47,23,52
40763,75,46,23,52
40764,75,47,23,52
40765,75,46,23,52
40766,199,143,71,128
40767,199,142,71,128
40768,62,37,18,44
40769,36,16,8,28
40770,75,47,23,52
40771,75,46,23,52
40772,36,17,8,28
40773,36,16,8,28
40774,36,17,8,28
40775,88,56,28,60
40776,181,129,64,117
40777,75,46,23,52
40778,181,129,64,117
40779,36,16,8,28
40780,181,129,64,117
40781,181,128,64,117
40782,137,95,47,90
40783,137,94,47,90
40784,62,37,18,44
40785,181,128,64,117
40786,88,57,28,60
40787,88,56,28,60
40788,62,37,18,44
40789,62,36,18,44
40790,88,57,28,60
40791,88,56,28,60
40792,119,81,40,79
40793,119,80,40,79
40794,119,81,40,79
40795,212,152,76,136
40796,119,81,40,79
40797,119,80,40,79
40798,119,81,40,79
40799,119,80,40,79
40800,88,57,28,60
40801,75,46,23,52
40802,44,23,11,33
40803,44,22,11,33
40804,44,23,11,33
40805,44,22,11,33
40806,44,23,11,33
40807,150,104,52,98
40808,88,57,28,60
40809,88,56,28,60
40810,88,57,28,60
40811,36,16,8,28
40812,181,129,64,117
40813,181,128,64,117
40814,181,129,64,117
40815,75,46,23,52
40816,88,57,28,60
40817,88,56,28,60
40818,88,57,28,60
40819,88,56,28,60
40820,88,57,28,60
40821,88,56,28,60
40822,88,57,28,60
40823,88,56,28,60
40824,88,57,28,60
40825,137,94,47,90
40826,88,57,28,60
40827,88,56,28,60
40828,88,57,28,60
40829,88,56,28,60
40830,168,119,59,109
40831,168,118,59,109
40832,62,37,18,44
40833,88,56,28,60
40834,88,57,28,60
40835,88,56,28,60
40836,88,57,28,60
40837,88,56,28,60
40838,88,57,28,60
40839,88,56,28,60
40840,62,37,18,44
40841,181,128,64,117
40842,62,37,18,44
40843,88,56,28,60
40844,62,37,18,44
40845,62,36,18,44
40846,88,57,28,60
40847,88,56,28,60
40848,181,129,64,117
40849,181,128,64,117
40850,181,129,64,117
40851,181,128,64,117
40852,181,129,64,117
40853,181,128,64,117
40854,44,23,11,33
40855,44,22,11,33
40856,181,129,64,117
40857,44,22,11,33
40858,181,129,64,117
40859,93,60,30,63
40860,150,105,52,98
40861,150,104,52,98
40862,150,105,52,98
40863,93,60,30,63
40864,62,37,18,44
40865,36,16,8,28
40866,181,129,64,117
40867,181,128,64,117
40868,93,61,30,63
40869,93,60,30,63
40870,93,61,30,63
40871,212,152,76,136
40872,62,37,18,44
40873,150,104,52,98
40874,62,37,18,44
40875,150,104,52,98
40876,88,57,28,60
40877,88,56,28,60
40878,88,57,28,60
40879,181,128,64,117
40880,62,37,18,44
40881,62,36,18,44
40882,62,37,18,44
40883,62,36,18,44
40884,62,37,18,44
40885,62,36,18,44
40886,150,105,52,98
40887,150,104,52,98
40888,62,37,18,44
40889,62,36,18,44
40890,62,37,18,44
40891,62,36,18,44
40892,181,129,64,117
40893,181,128,64,117
40894,181,129,64,117
40895,93,60,30,63
40896,137,95,47,90
40897,62,36,18,44
40898,243,177,88,155
40899,243,176,88,155
40900,62,37,18,44
40901,62,36,18,44
40902,62,37,18,44
40903,181,128,64,117
40904,137,95,47,90
40905,181,128,64,117
40906,137,95,47,90
40907,62,36,18,44
40908,137,95,47,90
40909,137,94,47,90
40910,36,17,8,28
40911,36,16,8,28
40912,137,95,47,90
40913,137,94,47,90
40914,75,47,23,52
40915,75,46,23,52
40916,137,95,47,90
40917,137,94,47,90
40918,75,47,23,52
40919,75,46,23,52
40920,62,37,18,44
40921,62,36,18,44
40922,62,37,18,44
40923,75,46,23,52
40924,62,37,18,44
40925,62,36,18,44
40926,137,95,47,90
40927,137,94,47,90
40928,137,95,47,90
40929,119,80,40,79
40930,137,95,47,90
40931,137,94,47,90
40932,181,129,64,117
40933,181,128,64,117
40934,181,129,64,117
40935,75,46,23,52
40936,137,95,47,90
40937,181,128,64,117
40938,137,95,47,90
40939,119,80,40,79
40940,119,81,40,79
40941,119,80,40,79
40942,119,81,40,79
40943,75,46,23,52
40944,119,81,40,79
40945,137,94,47,90
40946,137,95,47,90
40947,137,94,47,90
40948,119,81,40,79
40949,119,80,40,79
40950,62,37,18,44
40951,62,36,18,44
40952,119,81,40,79
40953,256,186,93,163
40954,119,81,40,79
40955,181,128,64,117
40956,243,177,88,155
40957,243,176,88,155
40958,243,177,88,155
40959,287,210,105,182
40960,18,3,1,17
40961,181,128,64,117
40962,181,129,64,117
40963,181,128,64,117
40964,181,129,64,117
40965,181,128,64,117
40966,181,129,64,117
40967,181,128,64,117
40968,44,23,11,33
40969,181,128,64,117
40970,44,23,11,33
40971,181,128,64,117
40972,44,23,11,33
40973,44,22,11,33
40974,181,129,64,117
40975,181,128,64,117
40976,150,105,52,98
40977,44,22,11,33
40978,181,129,64,117
40979,181,128,64,117
40980,150,105,52,98
40981,150,104,52,98
40982,44,23,11,33
40983,44,22,11,33
40984,150,105,52,98
40985,106,70,35,71
40986,150,105,52,98
40987,88,56,28,60
40988,44,23,11,33
40989,44,22,11,33
40990,44,23,11,33
40991,168,118,59,109
40992,57,33,16,41
40993,62,36,18,44
40994,150,105,52,98
40995,150,104,52,98
40996,62,37,18,44
40997,62,36,18,44
40998,62,37,18,44
40999,181,128,64,117
41000,57,33,16,41
41001,106,70,35,71
41002,57,33,16,41
41003,62,36,18,44
41004,150,105,52,98
41005,150,104,52,98
41006,150,105,52,98
41007,119,80,40,79
41008,57,33,16,41
41009,62,36,18,44
41010,62,37,18,44
41011,62,36,18,44
41012,57,33,16,41
41013,57,32,16,41
41014,119,81,40,79
41015,119,80,40,79
41016,150,105,52,98
41017,62,36,18,44
41018,150,105,52,98
41019,62,36,18,44
41020,150,105,52,98
41021,150,104,52,98
41022,181,129,64,117
41023,181,128,64,117
41024,57,33,16,41
41025,181,128,64,117
41026,181,129,64,117
41027,181,128,64,117
41028,57,33,16,41
41029,57,32,16,41
41030,57,33,16,41
41031,243,176,88,155
41032,150,105,52,98
41033,119,80,40,79
41034,150,105,52,98
41035,57,32,16,41
41036,150,105,52,98
41037,150,104,52,98
41038,62,37,18,44
41039,62,36,18,44
41040,57,33,16,41
41041,150,104,52,98
41042,181,129,64,117
41043,181,128,64,117
41044,57,33,16,41
41045,57,32,16,41
41046,62,37,18,44
41047,62,36,18,44
41048,57,33,16,41
41049,62,36,18,44
41050,57,33,16,41
41051,142,98,49,93
41052,57,33,16,41
41053,57,32,16,41
41054,212,153,76,136
41055,212,152,76,136
41056,57,33,16,41
41057,181,128,64,117
41058,137,95,47,90
41059,137,94,47,90
41060,137,95,47,90
41061,137,94,47,90
41062,137,95,47,90
41063,62,36,18,44
41064,57,33,16,41
41065,150,104,52,98
41066,57,33,16,41
41067,142,98,49,93
41068,150,105,52,98
41069,150,104,52,98
41070,150,105,52,98
41071,212,152,76,136
41072,150,105,52,98
41073,57,32,16,41
41074,150,105,52,98
41075,150,104,52,98
41076,150,105,52,98
41077,150,104,52,98
41078,150,105,52,98
41079,150,104,52,98
41080,150,105,52,98
41081,181,128,64,117
41082,150,105,52,98
41083,62,36,18,44
41084,62,37,18,44
41085,62,36,18,44
41086,62,37,18,44
41087,181,128,64,117
41088,31,13,6,25
41089,137,94,47,90
41090,150,105,52,98
41091,150,104,52,98
41092,150,105,52,98
41093,150,104,52,98
41094,150,105,52,98
41095,137,94,47,90
41096,57,33,16,41
41097,212,152,76,136
41098,57,33,16,41
41099,137,94,47,90
41100,57,33,16,41
41101,57,32,16,41
41102,75,47,23,52
41103,75,46,23,52
41104,57,33,16,41
41105,75,46,23,52
41106,75,47,23,52
41107,75,46,23,52
41108,57,33,16,41
41109,57,32,16,41
41110,57,33,16,41
41111,57,32,16,41
41112,57,33,16,41
41113,150,104,52,98
41114,57,33,16,41
41115,137,94,47,90
41116,150,105,52,98
41117,150,104,52,98
41118,150,105,52,98
41119,142,98,49,93
41120,31,13,6,25
41121,168,118,59,109
41122,57,33,16,41
41123,57,32,16,41
41124,137,95,47,90
41125,137,94,47,90
41126,137,95,47,90
41127,75,46,23,52
41128,31,13,6,25
41129,168,118,59,109
41130,31,13,6,25
41131,62,36,18,44
41132,88,57,28,60
41133,88,56,28,60
41134,88,57,28,60
41135,137,94,47,90
41136,57,33,16,41
41137,88,56,28,60
41138,88,57,28,60
41139,88,56,28,60
41140,57,33,16,41
41141,57,32,16,41
41142,142,99,49,93
41143,142,98,49,93
41144,57,33,16,41
41145,181,128,64,117
41146,57,33,16,41
41147,181,128,64,117
41148,150,105,52,98
41149,150,104,52,98
41150,150,105,52,98
41151,142,98,49,93
41152,31,13,6,25
41153,88,56,28,60
41154,88,57,28,60
41155,88,56,28,60
41156,62,37,18,44
41157,62,36,18,44
41158,62,37,18,44
41159,88,56,28,60
41160,62,37,18,44
41161,57,32,16,41
41162,62,37,18,44
41163,119,80,40,79
41164,62,37,18,44
41165,62,36,18,44
41166,88,57,28,60
41167,88,56,28,60
41168,31,13,6,25
41169,57,32,16,41
41170,57,33,16,41
41171,57,32,16,41
41172,31,13,6,25
41173,31,12,6,25
41174,150,105,52,98
41175,150,104,52,98
41176,119,81,40,79
41177,62,36,18,44
41178,119,81,40,79
41179,119,80,40,79
41180,119,81,40,79
41181,119,80,40,79
41182,88,57,28,60
41183,88,56,28,60
41184,150,105,52,98
41185,119,80,40,79
41186,31,13,6,25
41187,31,12,6,25
41188,57,33,16,41
41189,57,32,16,41
41190,57,33,16,41
41191,62,36,18,44
41192,150,105,52,98
41193,168,118,59,109
41194,150,105,52,98
41195,150,104,52,98
41196,62,37,18,44
41197,62,36,18,44
41198,62,37,18,44
41199,88,56,28,60
41200,150,105,52,98
41201,150,104,52,98
41202,62,37,18,44
41203,62,36,18,44
41204,150,105,52,98
41205,150,104,52,98
41206,62,37,18,44
41207,62,36,18,44
41208,93,61,30,63
41209,93,60,30,63
41210,93,61,30,63
41211,212,152,76,136
41212,93,61,30,63
41213,93,60,30,63
41214,93,61,30,63
41215,93,60,30,63
41216,106,71,35,71
41217,194,138,69,125
41218,194,139,69,125
41219,194,138,69,125
41220,150,105,52,98
41221,150,104,52,98
41222,150,105,52,98
41223,93,60,30,63
41224,150,105,52,98
41225,194,138,69,125
41226,150,105,52,98
41227,150,104,52,98
41228,150,105,52,98
41229,150,104,52,98
41230,212,153,76,136
41231,212,152,76,136
41232,31,13,6,25
41233,150,104,52,98
41234,137,95,47,90
41235,137,94,47,90
41236,31,13,6,25
41237,31,12,6,25
41238,212,153,76,136
41239,212,152,76,136
41240,31,13,6,25
41241,212,152,76,136
41242,31,13,6,25
41243,212,152,76,136
41244,88,57,28,60
41245,88,56,28,60
41246,88,57,28,60
41247,150,104,52,98
41248,150,105,52,98
41249,88,56,28,60
41250,88,57,28,60
41251,88,56,28,60
41252,88,57,28,60
41253,88,56,28,60
41254,88,57,28,60
41255,88,56,28,60
41256,150,105,52,98
41257,93,60,30,63
41258,150,105,52,98
41259,119,80,40,79
41260,31,13,6,25
41261,31,12,6,25
41262,31,13,6,25
41263,88,56,28,60
41264,150,105,52,98
41265,181,128,64,117
41266,181,129,64,117
41267,181,128,64,117
41268,150,105,52,98
41269,150,104,52,98
41270,181,129,64,117
41271,181,128,64,117
41272,150,105,52,98
41273,163,114,57,106
41274,150,105,52,98
41275,150,104,52,98
41276,150,105,52,98
41277,150,104,52,98
41278,119,81,40,79
41279,119,80,40,79
41280,106,71,35,71
41281,150,104,52,98
41282,150,105,52,98
41283,150,104,52,98
41284,150,105,52,98
41285,150,104,52,98
41286,150,105,52,98
41287,163,114,57,106
41288,119,81,40,79
41289,150,104,52,98
41290,119,81,40,79
41291,150,104,52,98
41292,119,81,40,79
41293,119,80,40,79
41294,163,115,57,106
41295,163,114,57,106
41296,106,71,35,71
41297,119,80,40,79
41298,62,37,18,44
41299,62,36,18,44
41300,106,71,35,71
41301,106,70,35,71
41302,150,105,52,98
41303,150,104,52,98
41304,57,33,16,41
41305,150,104,52,98
41306,57,33,16,41
41307,150,104,52,98
41308,57,33,16,41
41309,57,32,16,41
41310,150,105,52,98
41311,150,104,52,98
41312,57,33,16,41
41313,181,128,64,117
41314,57,33,16,41
41315,57,32,16,41
41316,57,33,16,41
41317,57,32,16,41
41318,57,33,16,41
41319,119,80,40,79
41320,57,33,16,41
41321,119,80,40,79
41322,57,33,16,41
41323,119,80,40,79
41324,168,119,59,109
41325,168,118,59,109
41326,168,119,59,109
41327,119,80,40,79
41328,57,33,16,41
41329,57,32,16,41
41330,181,129,64,117
41331,181,128,64,117
41332,57,33,16,41
41333,57,32,16,41
41334,181,129,64,117
41335,181,128,64,117
41336,181,129,64,117
41337,163,114,57,106
41338,181,129,64,117
41339,137,94,47,90
41340,181,129,64,117
41341,181,128,64,117
41342,137,95,47,90
41343,137,94,47,90
41344,106,71,35,71
41345,57,32,16,41
41346,150,105,52,98
41347,150,104,52,98
41348,150,105,52,98
41349,150,104,52,98
41350,150,105,52,98
41351,150,104,52,98
41352,57,33,16,41
41353,181,128,64,117
41354,57,33,16,41
41355,181,128,64,117
41356,57,33,16,41
41357,57,32,16,41
41358,150,105,52,98
41359,150,104,52,98
41360,57,33,16,41
41361,57,32,16,41
41362,57,33,16,41
41363,57,32,16,41
41364,57,33,16,41
41365,57,32,16,41
41366,150,105,52,98
41367,150,104,52,98
41368,57,33,16,41
41369,150,104,52,98
41370,57,33,16,41
41371,119,80,40,79
41372,88,57,28,60
41373,88,56,28,60
41374,88,57,28,60
41375,181,128,64,117
41376,106,71,35,71
41377,88,56,28,60
41378,150,105,52,98
41379,150,104,52,98
41380,150,105,52,98
41381,150,104,52,98
41382,150,105,52,98
41383,88,56,28,60
41384,106,71,35,71
41385,124,84,42,82
41386,106,71,35,71
41387,88,56,28,60
41388,137,95,47,90
41389,137,94,47,90
41390,137,95,47,90
41391,137,94,47,90
41392,150,105,52,98
41393,150,104,52,98
41394,150,105,52,98
41395,150,104,52,98
41396,150,105,52,98
41397,150,104,52,98
41398,62,37,18,44
41399,62,36,18,44
41400,150,105,52,98
41401,150,104,52,98
41402,150,105,52,98
41403,62,36,18,44
41404,119,81,40,79
41405,119,80,40,79
41406,119,81,40,79
41407,225,162,81,144
41408,44,23,11,33
41409,150,104,52,98
41410,150,105,52,98
41411,150,104,52,98
41412,106,71,35,71
41413,106,70,35,71
41414,106,71,35,71
41415,62,36,18,44
41416,57,33,16,41
41417,150,104,52,98
41418,57,33,16,41
41419,150,104,52,98
41420,57,33,16,41
41421,57,32,16,41
41422,62,37,18,44
41423,62,36,18,44
41424,44,23,11,33
41425,57,32,16,41
41426,119,81,40,79
41427,119,80,40,79
41428,44,23,11,33
41429,44,22,11,33
41430,181,129,64,117
41431,181,128,64,117
41432,119,81,40,79
41433,119,80,40,79
41434,119,81,40,79
41435,62,36,18,44
41436,119,81,40,79
41437,119,80,40,79
41438,62,37,18,44
41439,62,36,18,44
41440,44,23,11,33
41441,57,32,16,41
41442,44,23,11,33
41443,44,22,11,33
41444,119,81,40,79
41445,119,80,40,79
41446,119,81,40,79
41447,62,36,18,44
41448,44,23,11,33
41449,119,80,40,79
41450,44,23,11,33
41451,119,80,40,79
41452,119,81,40,79
41453,119,80,40,79
41454,119,81,40,79
41455,181,128,64,117
41456,57,33,16,41
41457,44,22,11,33
41458,62,37,18,44
41459,62,36,18,44
41460,57,33,16,41
41461,57,32,16,41
41462,163,115,57,106
41463,163,114,57,106
41464,57,33,16,41
41465,150,104,52,98
41466,57,33,16,41
41467,150,104,52,98
41468,150,105,52,98
41469,150,104,52,98
41470,150,105,52,98
41471,150,104,52,98
41472,31,13,6,25
41473,88,56,28,60
41474,88,57,28,60
41475,88,56,28,60
41476,88,57,28,60
41477,88,56,28,60
41478,88,57,28,60
41479,119,80,40,79
41480,44,23,11,33
41481,88,56,28,60
41482,44,23,11,33
41483,88,56,28,60
41484,44,23,11,33
41485,44,22,11,33
41486,62,37,18,44
41487,62,36,18,44
41488,44,23,11,33
41489,44,22,11,33
41490,88,57,28,60
41491,88,56,28,60
41492,44,23,11,33
41493,44,22,11,33
41494,88,57,28,60
41495,88,56,28,60
41496,44,23,11,33
41497,88,56,28,60
41498,44,23,11,33
41499,62,36,18,44
41500,88,57,28,60
41501,88,56,28,60
41502,88,57,28,60
41503,88,56,28,60
41504,106,71,35,71
41505,88,56,28,60
41506,44,23,11,33
41507,44,22,11,33
41508,88,57,28,60
41509,88,56,28,60
41510,88,57,28,60
41511,88,56,28,60
41512,106,71,35,71
41513,137,94,47,90
41514,106,71,35,71
41515,44,22,11,33
41516,225,163,81,144
41517,225,162,81,144
41518,225,163,81,144
41519,88,56,28,60
41520,106,71,35,71
41521,225,162,81,144
41522,225,163,81,144
41523,225,162,81,144
41524,106,71,35,71
41525,106,70,35,71
41526,88,57,28,60
41527,88,56,28,60
41528,75,47,23,52
41529,111,74,37,74
41530,75,47,23,52
41531,44,22,11,33
41532,75,47,23,52
41533,75,46,23,52
41534,75,47,23,52
41535,75,46,23,52
41536,150,105,52,98
41537,88,56,28,60
41538,88,57,28,60
41539,88,56,28,60
41540,88,57,28,60
41541,88,56,28,60
41542,88,57,28,60
41543,57,32,16,41
41544,88,57,28,60
41545,57,32,16,41
41546,88,57,28,60
41547,88,56,28,60
41548,88,57,28,60
41549,88,56,28,60
41550,75,47,23,52
41551,75,46,23,52
41552,150,105,52,98
41553,75,46,23,52
41554,75,47,23,52
41555,75,46,23,52
41556,150,105,52,98
41557,150,104,52,98
41558,88,57,28,60
41559,88,56,28,60
41560,106,71,35,71
41561,88,56,28,60
41562,106,71,35,71
41563,75,46,23,52
41564,106,71,35,71
41565,106,70,35,71
41566,88,57,28,60
41567,88,56,28,60
41568,150,105,52,98
41569,111,74,37,74
41570,150,105,52,98
41571,150,104,52,98
41572,150,105,52,98
41573,150,104,52,98
41574,150,105,52,98
41575,111,74,37,74
41576,150,105,52,98
41577,88,56,28,60
41578,150,105,52,98
41579,88,56,28,60
41580,88,57,28,60
41581,88,56,28,60
41582,88,57,28,60
41583,88,56,28,60
41584,150,105,52,98
41585,150,104,52,98
41586,225,163,81,144
41587,225,162,81,144
41588,150,105,52,98
41589,150,104,52,98
41590,150,105,52,98
41591,150,104,52,98
41592,150,105,52,98
41593,212,152,76,136
41594,150,105,52,98
41595,212,152,76,136
41596,88,57,28,60
41597,88,56,28,60
41598,88,57,28,60
41599,225,162,81,144
41600,31,13,6,25
41601,150,104,52,98
41602,150,105,52,98
41603,150,104,52,98
41604,150,105,52,98
41605,150,104,52,98
41606,150,105,52,98
41607,150,104,52,98
41608,150,105,52,98
41609,181,128,64,117
41610,150,105,52,98
41611,150,104,52,98
41612,150,105,52,98
41613,150,104,52,98
41614,181,129,64,117
41615,181,128,64,117
41616,181,129,64,117
41617,150,104,52,98
41618,150,105,52,98
41619,150,104,52,98
41620,181,129,64,117
41621,181,128,64,117
41622,150,105,52,98
41623,150,104,52,98
41624,181,129,64,117
41625,150,104,52,98
41626,181,129,64,117
41627,137,94,47,90
41628,111,75,37,74
41629,111,74,37,74
41630,111,75,37,74
41631,181,128,64,117
41632,31,13,6,25
41633,181,128,64,117
41634,181,129,64,117
41635,181,128,64,117
41636,88,57,28,60
41637,88,56,28,60
41638,88,57,28,60
41639,181,128,64,117
41640,31,13,6,25
41641,256,186,93,163
41642,31,13,6,25
41643,150,104,52,98
41644,150,105,52,98
41645,150,104,52,98
41646,150,105,52,98
41647,181,128,64,117
41648,106,71,35,71
41649,150,104,52,98
41650,150,105,52,98
41651,150,104,52,98
41652,106,71,35,71
41653,106,70,35,71
41654,150,105,52,98
41655,150,104,52,98
41656,106,71,35,71
41657,150,104,52,98
41658,106,71,35,71
41659,111,74,37,74
41660,256,187,93,163
41661,256,186,93,163
41662,256,187,93,163
41663,181,128,64,117
41664,106,71,35,71
41665,106,70,35,71
41666,150,105,52,98
41667,150,104,52,98
41668,44,23,11,33
41669,44,22,11,33
41670,44,23,11,33
41671,137,94,47,90
41672,44,23,11,33
41673,137,94,47,90
41674,44,23,11,33
41675,137,94,47,90
41676,44,23,11,33
41677,44,22,11,33
41678,137,95,47,90
41679,137,94,47,90
41680,106,71,35,71
41681,137,94,47,90
41682,137,95,47,90
41683,137,94,47,90
41684,106,71,35,71
41685,106,70,35,71
41686,137,95,47,90
41687,137,94,47,90
41688,137,95,47,90
41689,44,22,11,33
41690,137,95,47,90
41691,137,94,47,90
41692,137,95,47,90
41693,137,94,47,90
41694,137,95,47,90
41695,137,94,47,90
41696,106,71,35,71
41697,137,94,47,90
41698,106,71,35,71
41699,106,70,35,71
41700,44,23,11,33
41701,44,22,11,33
41702,44,23,11,33
41703,88,56,28,60
41704,106,71,35,71
41705,88,56,28,60
41706,106,71,35,71
41707,256,186,93,163
41708,111,75,37,74
41709,111,74,37,74
41710,111,75,37,74
41711,256,186,93,163
41712,88,57,28,60
41713,106,70,35,71
41714,150,105,52,98
41715,150,104,52,98
41716,88,57,28,60
41717,88,56,28,60
41718,150,105,52,98
41719,150,104,52,98
41720,88,57,28,60
41721,88,56,28,60
41722,88,57,28,60
41723,163,114,57,106
41724,88,57,28,60
41725,88,56,28,60
41726,88,57,28,60
41727,137,94,47,90
41728,31,13,6,25
41729,150,104,52,98
41730,150,105,52,98
41731,150,104,52,98
41732,150,105,52,98
41733,150,104,52,98
41734,150,105,52,98
41735,88,56,28,60
41736,150,105,52,98
41737,150,104,52,98
41738,150,105,52,98
41739,57,32,16,41
41740,150,105,52,98
41741,150,104,52,98
41742,150,105,52,98
41743,150,104,52,98
41744,57,33,16,41
41745,150,104,52,98
41746,57,33,16,41
41747,57,32,16,41
41748,57,33,16,41
41749,57,32,16,41
41750,88,57,28,60
41751,88,56,28,60
41752,57,33,16,41
41753,88,56,28,60
41754,57,33,16,41
41755,137,94,47,90
41756,88,57,28,60
41757,88,56,28,60
41758,88,57,28,60
41759,137,94,47,90
41760,57,33,16,41
41761,88,56,28,60
41762,106,71,35,71
41763,106,70,35,71
41764,106,71,35,71
41765,106,70,35,71
41766,106,71,35,71
41767,181,128,64,117
41768,57,33,16,41
41769,181,128,64,117
41770,57,33,16,41
41771,62,36,18,44
41772,62,37,18,44
41773,62,36,18,44
41774,62,37,18,44
41775,62,36,18,44
41776,57,33,16,41
41777,62,36,18,44
41778,62,37,18,44
41779,62,36,18,44
41780,57,33,16,41
41781,57,32,16,41
41782,62,37,18,44
41783,62,36,18,44
41784,62,37,18,44
41785,150,104,52,98
41786,62,37,18,44
41787,62,36,18,44
41788,62,37,18,44
41789,62,36,18,44
41790,256,187,93,163
41791,256,186,93,163
41792,31,13,6,25
41793,57,32,16,41
41794,163,115,57,106
41795,163,114,57,106
41796,88,57,28,60
41797,88,56,28,60
41798,88,57,28,60
41799,137,94,47,90
41800,88,57,28,60
41801,106,70,35,71
41802,88,57,28,60
41803,88,56,28,60
41804,88,57,28,60
41805,88,56,28,60
41806,150,105,52,98
41807,150,104,52,98
41808,31,13,6,25
41809,88,56,28,60
41810,88,57,28,60
41811,88,56,28,60
41812,31,13,6,25
41813,31,12,6,25
41814,150,105,52,98
41815,150,104,52,98
41816,57,33,16,41
41817,57,32,16,41
41818,57,33,16,41
41819,132,90,45,87
41820,57,33,16,41
41821,57,32,16,41
41822,57,33,16,41
41823,57,32,16,41
41824,181,129,64,117
41825,88,56,28,60
41826,57,33,16,41
41827,57,32,16,41
41828,57,33,16,41
41829,57,32,16,41
41830,57,33,16,41
41831,150,104,52,98
41832,181,129,64,117
41833,150,104,52,98
41834,181,129,64,117
41835,57,32,16,41
41836,150,105,52,98
41837,150,104,52,98
41838,150,105,52,98
41839,150,104,52,98
41840,181,129,64,117
41841,181,128,64,117
41842,57,33,16,41
41843,57,32,16,41
41844,181,129,64,117
41845,181,128,64,117
41846,132,91,45,87
41847,132,90,45,87
41848,132,91,45,87
41849,256,186,93,163
41850,132,91,45,87
41851,132,90,45,87
41852,132,91,45,87
41853,132,90,45,87
41854,88,57,28,60
41855,88,56,28,60
41856,150,105,52,98
41857,137,94,47,90
41858,181,129,64,117
41859,181,128,64,117
41860,132,91,45,87
41861,132,90,45,87
41862,132,91,45,87
41863,181,128,64,117
41864,31,13,6,25
41865,181,128,64,117
41866,31,13,6,25
41867,132,90,45,87
41868,31,13,6,25
41869,31,12,6,25
41870,62,37,18,44
41871,62,36,18,44
41872,88,57,28,60
41873,88,56,28,60
41874,88,57,28,60
41875,88,56,28,60
41876,88,57,28,60
41877,88,56,28,60
41878,106,71,35,71
41879,106,70,35,71
41880,88,57,28,60
41881,106,70,35,71
41882,88,57,28,60
41883,88,56,28,60
41884,88,57,28,60
41885,88,56,28,60
41886,88,57,28,60
41887,181,128,64,117
41888,150,105,52,98
41889,106,70,35,71
41890,88,57,28,60
41891,88,56,28,60
41892,88,57,28,60
41893,88,56,28,60
41894,88,57,28,60
41895,88,56,28,60
41896,150,105,52,98
41897,111,74,37,74
41898,150,105,52,98
41899,88,56,28,60
41900,88,57,28,60
41901,88,56,28,60
41902,88,57,28,60
41903,88,56,28,60
41904,106,71,35,71
41905,106,70,35,71
41906,106,71,35,71
41907,106,70,35,71
41908,106,71,35,71
41909,106,70,35,71
41910,88,57,28,60
41911,88,56,28,60
41912,106,71,35,71
41913,150,104,52,98
41914,106,71,35,71
41915,150,104,52,98
41916,132,91,45,87
41917,132,90,45,87
41918,132,91,45,87
41919,132,90,45,87
41920,150,105,52,98
41921,88,56,28,60
41922,88,57,28,60
41923,88,56,28,60
41924,150,105,52,98
41925,150,104,52,98
41926,150,105,52,98
41927,88,56,28,60
41928,88,57,28,60
41929,88,56,28,60
41930,88,57,28,60
41931,106,70,35,71
41932,88,57,28,60
41933,88,56,28,60
41934,163,115,57,106
41935,163,114,57,106
41936,150,105,52,98
41937,88,56,28,60
41938,88,57,28,60
41939,88,56,28,60
41940,150,105,52,98
41941,150,104,52,98
41942,88,57,28,60
41943,88,56,28,60
41944,57,33,16,41
41945,150,104,52,98
41946,57,33,16,41
41947,106,70,35,71
41948,57,33,16,41
41949,57,32,16,41
41950,93,61,30,63
41951,93,60,30,63
41952,106,71,35,71
41953,181,128,64,117
41954,150,105,52,98
41955,150,104,52,98
41956,57,33,16,41
41957,57,32,16,41
41958,57,33,16,41
41959,57,32,16,41
41960,106,71,35,71
41961,88,56,28,60
41962,106,71,35,71
41963,88,56,28,60
41964,88,57,28,60
41965,88,56,28,60
41966,88,57,28,60
41967,88,56,28,60
41968,106,71,35,71
41969,106,70,35,71
41970,57,33,16,41
41971,57,32,16,41
41972,106,71,35,71
41973,106,70,35,71
41974,88,57,28,60
41975,88,56,28,60
41976,88,57,28,60
41977,132,90,45,87
41978,88,57,28,60
41979,88,56,28,60
41980,88,57,28,60
41981,88,56,28,60
41982,88,57,28,60
41983,88,56,28,60
41984,119,81,40,79
41985,119,80,40,79
41986,119,81,40,79
41987,119,80,40,79
41988,150,105,52,98
41989,150,104,52,98
41990,150,105,52,98
41991,119,80,40,79
41992,132,91,45,87
41993,88,56,28,60
41994,132,91,45,87
41995,150,104,52,98
41996,132,91,45,87
41997,132,90,45,87
41998,88,57,28,60
41999,88,56,28,60
42000,31,13,6,25
42001,132,90,45,87
42002,150,105,52,98
42003,150,104,52,98
42004,31,13,6,25
42005,31,12,6,25
42006,132,91,45,87
42007,132,90,45,87
42008,31,13,6,25
42009,106,70,35,71
42010,31,13,6,25
42011,181,128,64,117
42012,132,91,45,87
42013,132,90,45,87
42014,132,91,45,87
42015,132,90,45,87
42016,31,13,6,25
42017,88,56,28,60
42018,31,13,6,25
42019,31,12,6,25
42020,150,105,52,98
42021,150,104,52,98
42022,150,105,52,98
42023,132,90,45,87
42024,31,13,6,25
42025,132,90,45,87
42026,31,13,6,25
42027,181,128,64,117
42028,150,105,52,98
42029,150,104,52,98
42030,150,105,52,98
42031,106,70,35,71
42032,31,13,6,25
42033,150,104,52,98
42034,150,105,52,98
42035,150,104,52,98
42036,31,13,6,25
42037,31,12,6,25
42038,119,81,40,79
42039,119,80,40,79
42040,88,57,28,60
42041,57,32,16,41
42042,88,57,28,60
42043,57,32,16,41
42044,88,57,28,60
42045,88,56,28,60
42046,57,33,16,41
42047,57,32,16,41
42048,57,33,16,41
42049,88,56,28,60
42050,88,57,28,60
42051,88,56,28,60
42052,31,13,6,25
42053,31,12,6,25
42054,31,13,6,25
42055,119,80,40,79
42056,181,129,64,117
42057,88,56,28,60
42058,181,129,64,117
42059,31,12,6,25
42060,181,129,64,117
42061,181,128,64,117
42062,88,57,28,60
42063,88,56,28,60
42064,57,33,16,41
42065,181,128,64,117
42066,88,57,28,60
42067,88,56,28,60
42068,57,33,16,41
42069,57,32,16,41
42070,31,13,6,25
42071,31,12,6,25
42072,106,71,35,71
42073,106,70,35,71
42074,106,71,35,71
42075,150,104,52,98
42076,106,71,35,71
42077,106,70,35,71
42078,225,163,81,144
42079,225,162,81,144
42080,57,33,16,41
42081,181,128,64,117
42082,106,71,35,71
42083,106,70,35,71
42084,106,71,35,71
42085,106,70,35,71
42086,106,71,35,71
42087,150,104,52,98
42088,57,33,16,41
42089,181,128,64,117
42090,57,33,16,41
42091,181,128,64,117
42092,181,129,64,117
42093,181,128,64,117
42094,181,129,64,117
42095,181,128,64,117
42096,194,139,69,125
42097,57,32,16,41
42098,181,129,64,117
42099,181,128,64,117
42100,194,139,69,125
42101,194,138,69,125
42102,194,139,69,125
42103,194,138,69,125
42104,194,139,69,125
42105,119,80,40,79
42106,194,139,69,125
42107,106,70,35,71
42108,88,57,28,60
42109,88,56,28,60
42110,88,57,28,60
42111,225,162,81,144
42112,57,33,16,41
42113,88,56,28,60
42114,44,23,11,33
42115,44,22,11,33
42116,44,23,11,33
42117,44,22,11,33
42118,44,23,11,33
42119,80,50,25,55
42120,44,23,11,33
42121,88,56,28,60
42122,44,23,11,33
42123,80,50,25,55
42124,44,23,11,33
42125,44,22,11,33
42126,194,139,69,125
42127,194,138,69,125
42128,44,23,11,33
42129,106,70,35,71
42130,106,71,35,71
42131,106,70,35,71
42132,44,23,11,33
42133,44,22,11,33
42134,44,23,11,33
42135,44,22,11,33
42136,44,23,11,33
42137,44,22,11,33
42138,44,23,11,33
42139,80,50,25,55
42140,194,139,69,125
42141,194,138,69,125
42142,194,139,69,125
42143,106,70,35,71
42144,57,33,16,41
42145,88,56,28,60
42146,80,51,25,55
42147,80,50,25,55
42148,80,51,25,55
42149,80,50,25,55
42150,80,51,25,55
42151,194,138,69,125
42152,57,33,16,41
42153,181,128,64,117
42154,57,33,16,41
42155,44,22,11,33
42156,194,139,69,125
42157,194,138,69,125
42158,194,139,69,125
42159,181,128,64,117
42160,57,33,16,41
42161,194,138,69,125
42162,194,139,69,125
42163,194,138,69,125
42164,57,33,16,41
42165,57,32,16,41
42166,88,57,28,60
42167,88,56,28,60
42168,57,33,16,41
42169,80,50,25,55
42170,57,33,16,41
42171,80,50,25,55
42172,181,129,64,117
42173,181,128,64,117
42174,181,129,64,117
42175,80,50,25,55
42176,57,33,16,41
42177,44,22,11,33
42178,44,23,11,33
42179,44,22,11,33
42180,150,105,52,98
42181,150,104,52,98
42182,150,105,52,98
42183,44,22,11,33
42184,150,105,52,98
42185,80,50,25,55
42186,150,105,52,98
42187,80,50,25,55
42188,150,105,52,98
42189,150,104,52,98
42190,44,23,11,33
42191,44,22,11,33
42192,57,33,16,41
42193,80,50,25,55
42194,80,51,25,55
42195,80,50,25,55
42196,57,33,16,41
42197,57,32,16,41
42198,80,51,25,55
42199,80,50,25,55
42200,106,71,35,71
42201,150,104,52,98
42202,106,71,35,71
42203,80,50,25,55
42204,106,71,35,71
42205,106,70,35,71
42206,80,51,25,55
42207,80,50,25,55
42208,150,105,52,98
42209,225,162,81,144
42210,57,33,16,41
42211,57,32,16,41
42212,106,71,35,71
42213,106,70,35,71
42214,106,71,35,71
42215,80,50,25,55
42216,150,105,52,98
42217,106,70,35,71
42218,150,105,52,98
42219,80,50,25,55
42220,150,105,52,98
42221,150,104,52,98
42222,150,105,52,98
42223,225,162,81,144
42224,150,105,52,98
42225,150,104,52,98
42226,106,71,35,71
42227,106,70,35,71
42228,150,105,52,98
42229,150,104,52,98
42230,106,71,35,71
42231,106,70,35,71
42232,80,51,25,55
42233,106,70,35,71
42234,80,51,25,55
42235,80,50,25,55
42236,80,51,25,55
42237,80,50,25,55
42238,80,51,25,55
42239,80,50,25,55
42240,119,81,40,79
42241,106,70,35,71
42242,106,71,35,71
42243,106,70,35,71
42244,57,33,16,41
42245,57,32,16,41
42246,57,33,16,41
42247,181,128,64,117
42248,57,33,16,41
42249,287,210,105,182
42250,57,33,16,41
42251,106,70,35,71
42252,57,33,16,41
42253,57,32,16,41
42254,57,33,16,41
42255,57,32,16,41
42256,106,71,35,71
42257,57,32,16,41
42258,62,37,18,44
42259,62,36,18,44
42260,106,71,35,71
42261,106,70,35,71
42262,57,33,16,41
42263,57,32,16,41
42264,106,71,35,71
42265,62,36,18,44
42266,106,71,35,71
42267,119,80,40,79
42268,62,37,18,44
42269,62,36,18,44
42270,62,37,18,44
42271,62,36,18,44
42272,106,71,35,71
42273,57,32,16,41
42274,57,33,16,41
42275,57,32,16,41
42276,57,33,16,41
42277,57,32,16,41
42278,57,33,16,41
42279,57,32,16,41
42280,106,71,35,71
42281,225,162,81,144
42282,106,71,35,71
42283,57,32,16,41
42284,106,71,35,71
42285,106,70,35,71
42286,106,71,35,71
42287,225,162,81,144
42288,106,71,35,71
42289,150,104,52,98
42290,150,105,52,98
42291,150,104,52,98
42292,106,71,35,71
42293,106,70,35,71
42294,132,91,45,87
42295,132,90,45,87
42296,80,51,25,55
42297,106,70,35,71
42298,80,51,25,55
42299,106,70,35,71
42300,80,51,25,55
42301,80,50,25,55
42302,132,91,45,87
42303,132,90,45,87
42304,119,81,40,79
42305,106,70,35,71
42306,150,105,52,98
42307,150,104,52,98
42308,57,33,16,41
42309,57,32,16,41
42310,57,33,16,41
42311,106,70,35,71
42312,57,33,16,41
42313,80,50,25,55
42314,57,33,16,41
42315,57,32,16,41
42316,57,33,16,41
42317,57,32,16,41
42318,132,91,45,87
42319,132,90,45,87
42320,119,81,40,79
42321,132,90,45,87
42322,132,91,45,87
42323,132,90,45,87
42324,119,81,40,79
42325,119,80,40,79
42326,106,71,35,71
42327,106,70,35,71
42328,57,33,16,41
42329,106,70,35,71
42330,57,33,16,41
42331,57,32,16,41
42332,57,33,16,41
42333,57,32,16,41
42334,106,71,35,71
42335,106,70,35,71
42336,57,33,16,41
42337,106,70,35,71
42338,150,105,52,98
42339,150,104,52,98
42340,150,105,52,98
42341,150,104,52,98
42342,150,105,52,98
42343,80,50,25,55
42344,57,33,16,41
42345,150,104,52,98
42346,57,33,16,41
42347,150,104,52,98
42348,132,91,45,87
42349,132,90,45,87
42350,132,91,45,87
42351,106,70,35,71
42352,57,33,16,41
42353,57,32,16,41
42354,150,105,52,98
42355,150,104,52,98
42356,57,33,16,41
42357,57,32,16,41
42358,119,81,40,79
42359,119,80,40,79
42360,150,105,52,98
42361,132,90,45,87
42362,150,105,52,98
42363,150,104,52,98
42364,150,105,52,98
42365,150,104,52,98
42366,80,51,25,55
42367,80,50,25,55
42368,31,13,6,25
42369,106,70,35,71
42370,57,33,16,41
42371,57,32,16,41
42372,132,91,45,87
42373,132,90,45,87
42374,132,91,45,87
42375,57,32,16,41
42376,101,67,33,68
42377,132,90,45,87
42378,101,67,33,68
42379,132,90,45,87
42380,101,67,33,68
42381,101,66,33,68
42382,57,33,16,41
42383,57,32,16,41
42384,101,67,33,68
42385,57,32,16,41
42386,57,33,16,41
42387,57,32,16,41
42388,101,67,33,68
42389,101,66,33,68
42390,57,33,16,41
42391,57,32,16,41
42392,101,67,33,68
42393,57,32,16,41
42394,101,67,33,68
42395,88,56,28,60
42396,163,115,57,106
42397,163,114,57,106
42398,163,115,57,106
42399,132,90,45,87
42400,31,13,6,25
42401,132,90,45,87
42402,57,33,16,41
42403,57,32,16,41
42404,57,33,16,41
42405,57,32,16,41
42406,57,33,16,41
42407,132,90,45,87
42408,31,13,6,25
42409,132,90,45,87
42410,31,13,6,25
42411,132,90,45,87
42412,106,71,35,71
42413,106,70,35,71
42414,106,71,35,71
42415,57,32,16,41
42416,150,105,52,98
42417,101,66,33,68
42418,101,67,33,68
42419,101,66,33,68
42420,150,105,52,98
42421,150,104,52,98
42422,225,163,81,144
42423,225,162,81,144
42424,150,105,52,98
42425,101,66,33,68
42426,150,105,52,98
42427,132,90,45,87
42428,57,33,16,41
42429,57,32,16,41
42430,57,33,16,41
42431,225,162,81,144
42432,31,13,6,25
42433,150,104,52,98
42434,106,71,35,71
42435,106,70,35,71
42436,31,13,6,25
42437,31,12,6,25
42438,31,13,6,25
42439,150,104,52,98
42440,101,67,33,68
42441,101,66,33,68
42442,101,67,33,68
42443,150,104,52,98
42444,101,67,33,68
42445,101,66,33,68
42446,150,105,52,98
42447,150,104,52,98
42448,31,13,6,25
42449,101,66,33,68
42450,225,163,81,144
42451,225,162,81,144
42452,31,13,6,25
42453,31,12,6,25
42454,106,71,35,71
42455,106,70,35,71
42456,150,105,52,98
42457,150,104,52,98
42458,150,105,52,98
42459,101,66,33,68
42460,150,105,52,98
42461,150,104,52,98
42462,194,139,69,125
42463,194,138,69,125
42464,57,33,16,41
42465,106,70,35,71
42466,31,13,6,25
42467,31,12,6,25
42468,256,187,93,163
42469,256,186,93,163
42470,256,187,93,163
42471,106,70,35,71
42472,57,33,16,41
42473,80,50,25,55
42474,57,33,16,41
42475,256,186,93,163
42476,101,67,33,68
42477,101,66,33,68
42478,101,67,33,68
42479,106,70,35,71
42480,57,33,16,41
42481,57,32,16,41
42482,57,33,16,41
42483,57,32,16,41
42484,57,33,16,41
42485,57,32,16,41
42486,101,67,33,68
42487,101,66,33,68
42488,101,67,33,68
42489,57,32,16,41
42490,101,67,33,68
42491,101,66,33,68
42492,101,67,33,68
42493,101,66,33,68
42494,150,105,52,98
42495,150,104,52,98
42496,119,81,40,79
42497,225,162,81,144
42498,57,33,16,41
42499,57,32,16,41
42500,57,33,16,41
42501,57,32,16,41
42502,57,33,16,41
42503,57,32,16,41
42504,57,33,16,41
42505,238,172,86,152
42506,57,33,16,41
42507,57,32,16,41
42508,57,33,16,41
42509,57,32,16,41
42510,150,105,52,98
42511,150,104,52,98
42512,57,33,16,41
42513,57,32,16,41
42514,150,105,52,98
42515,150,104,52,98
42516,57,33,16,41
42517,57,32,16,41
42518,62,37,18,44
42519,62,36,18,44
42520,57,33,16,41
42521,62,36,18,44
42522,57,33,16,41
42523,62,36,18,44
42524,57,33,16,41
42525,57,32,16,41
42526,57,33,16,41
42527,62,36,18,44
42528,57,33,16,41
42529,150,104,52,98
42530,57,33,16,41
42531,57,32,16,41
42532,150,105,52,98
42533,150,104,52,98
42534,150,105,52,98
42535,150,104,52,98
42536,57,33,16,41
42537,194,138,69,125
42538,57,33,16,41
42539,57,32,16,41
42540,57,33,16,41
42541,57,32,16,41
42542,57,33,16,41
42543,225,162,81,144
42544,57,33,16,41
42545,57,32,16,41
42546,57,33,16,41
42547,57,32,16,41
42548,57,33,16,41
42549,57,32,16,41
42550,150,105,52,98
42551,150,104,52,98
42552,57,33,16,41
42553,101,66,33,68
42554,57,33,16,41
42555,101,66,33,68
42556,57,33,16,41
42557,57,32,16,41
42558,62,37,18,44
42559,62,36,18,44
42560,57,33,16,41
42561,101,66,33,68
42562,101,67,33,68
42563,101,66,33,68
42564,57,33,16,41
42565,57,32,16,41
42566,57,33,16,41
42567,150,104,52,98
42568,57,33,16,41
42569,101,66,33,68
42570,57,33,16,41
42571,57,32,16,41
42572,57,33,16,41
42573,57,32,16,41
42574,101,67,33,68
42575,101,66,33,68
42576,57,33,16,41
42577,57,32,16,41
42578,57,33,16,41
42579,57,32,16,41
42580,57,33,16,41
42581,57,32,16,41
42582,194,139,69,125
42583,194,138,69,125
42584,57,33,16,41
42585,194,138,69,125
42586,57,33,16,41
42587,194,138,69,125
42588,57,33,16,41
42589,57,32,16,41
42590,101,67,33,68
42591,101,66,33,68
42592,57,33,16,41
42593,194,138,69,125
42594,57,33,16,41
42595,57,32,16,41
42596,57,33,16,41
42597,57,32,16,41
42598,57,33,16,41
42599,163,114,57,106
42600,57,33,16,41
42601,101,66,33,68
42602,57,33,16,41
42603,101,66,33,68
42604,101,67,33,68
42605,101,66,33,68
42606,101,67,33,68
42607,101,66,33,68
42608,88,57,28,60
42609,57,32,16,41
42610,57,33,16,41
42611,57,32,16,41
42612,88,57,28,60
42613,88,56,28,60
42614,88,57,28,60
42615,88,56,28,60
42616,88,57,28,60
42617,150,104,52,98
42618,88,57,28,60
42619,88,56,28,60
42620,150,105,52,98
42621,150,104,52,98
42622,150,105,52,98
42623,225,162,81,144
42624,119,81,40,79
42625,150,104,52,98
42626,57,33,16,41
42627,57,32,16,41
42628,88,57,28,60
42629,88,56,28,60
42630,88,57,28,60
42631,88,56,28,60
42632,57,33,16,41
42633,194,138,69,125
42634,57,33,16,41
42635,88,56,28,60
42636,57,33,16,41
42637,57,32,16,41
42638,101,67,33,68
42639,101,66,33,68
42640,57,33,16,41
42641,57,32,16,41
42642,57,33,16,41
42643,57,32,16,41
42644,57,33,16,41
42645,57,32,16,41
42646,57,33,16,41
42647,57,32,16,41
42648,57,33,16,41
42649,194,138,69,125
42650,57,33,16,41
42651,225,162,81,144
42652,57,33,16,41
42653,57,32,16,41
42654,57,33,16,41
42655,101,66,33,68
42656,119,81,40,79
42657,194,138,69,125
42658,194,139,69,125
42659,194,138,69,125
42660,194,139,69,125
42661,194,138,69,125
42662,194,139,69,125
42663,194,138,69,125
42664,119,81,40,79
42665,101,66,33,68
42666,119,81,40,79
42667,225,162,81,144
42668,150,105,52,98
42669,150,104,52,98
42670,150,105,52,98
42671,101,66,33,68
42672,49,27,13,36
42673,57,32,16,41
42674,57,33,16,41
42675,57,32,16,41
42676,49,27,13,36
42677,49,26,13,36
42678,88,57,28,60
42679,88,56,28,60
42680,49,27,13,36
42681,88,56,28,60
42682,49,27,13,36
42683,88,56,28,60
42684,88,57,28,60
42685,88,56,28,60
42686,88,57,28,60
42687,88,56,28,60
42688,150,105,52,98
42689,49,26,13,36
42690,75,47,23,52
42691,75,46,23,52
42692,57,33,16,41
42693,57,32,16,41
42694,57,33,16,41
42695,49,26,13,36
42696,57,33,16,41
42697,49,26,13,36
42698,57,33,16,41
42699,88,56,28,60
42700,57,33,16,41
42701,57,32,16,41
42702,256,187,93,163
42703,256,186,93,163
42704,150,105,52,98
42705,49,26,13,36
42706,49,27,13,36
42707,49,26,13,36
42708,150,105,52,98
42709,150,104,52,98
42710,49,27,13,36
42711,49,26,13,36
42712,49,27,13,36
42713,49,26,13,36
42714,49,27,13,36
42715,49,26,13,36
42716,49,27,13,36
42717,49,26,13,36
42718,49,27,13,36
42719,49,26,13,36
42720,150,105,52,98
42721,101,66,33,68
42722,150,105,52,98
42723,150,104,52,98
42724,57,33,16,41
42725,57,32,16,41
42726,57,33,16,41
42727,75,46,23,52
42728,150,105,52,98
42729,75,46,23,52
42730,150,105,52,98
42731,88,56,28,60
42732,101,67,33,68
42733,101,66,33,68
42734,101,67,33,68
42735,194,138,69,125
42736,49,27,13,36
42737,150,104,52,98
42738,101,67,33,68
42739,101,66,33,68
42740,49,27,13,36
42741,49,26,13,36
42742,132,91,45,87
42743,132,90,45,87
42744,49,27,13,36
42745,57,32,16,41
42746,49,27,13,36
42747,101,66,33,68
42748,101,67,33,68
42749,101,66,33,68
42750,101,67,33,68
42751,181,128,64,117
42752,75,47,23,52
42753,150,104,52,98
42754,49,27,13,36
42755,49,26,13,36
42756,150,105,52,98
42757,150,104,52,98
42758,150,105,52,98
42759,49,26,13,36
42760,163,115,57,106
42761,88,56,28,60
42762,163,115,57,106
42763,150,104,52,98
42764,163,115,57,106
42765,163,114,57,106
42766,150,105,52,98
42767,150,104,52,98
42768,119,81,40,79
42769,163,114,57,106
42770,101,67,33,68
42771,101,66,33,68
42772,119,81,40,79
42773,119,80,40,79
42774,163,115,57,106
42775,163,114,57,106
42776,119,81,40,79
42777,106,70,35,71
42778,119,81,40,79
42779,106,70,35,71
42780,75,47,23,52
42781,75,46,23,52
42782,75,47,23,52
42783,150,104,52,98
42784,49,27,13,36
42785,57,32,16,41
42786,194,139,69,125
42787,194,138,69,125
42788,194,139,69,125
42789,194,138,69,125
42790,194,139,69,125
42791,163,114,57,106
42792,49,27,13,36
42793,101,66,33,68
42794,49,27,13,36
42795,194,138,69,125
42796,49,27,13,36
42797,49,26,13,36
42798,49,27,13,36
42799,194,138,69,125
42800,49,27,13,36
42801,49,26,13,36
42802,49,27,13,36
42803,49,26,13,36
42804,49,27,13,36
42805,49,26,13,36
42806,194,139,69,125
42807,194,138,69,125
42808,194,139,69,125
42809,194,138,69,125
42810,194,139,69,125
42811,49,26,13,36
42812,194,139,69,125
42813,194,138,69,125
42814,194,139,69,125
42815,194,138,69,125
42816,75,47,23,52
42817,49,26,13,36
42818,57,33,16,41
42819,57,32,16,41
42820,49,27,13,36
42821,49,26,13,36
42822,49,27,13,36
42823,150,104,52,98
42824,49,27,13,36
42825,57,32,16,41
42826,49,27,13,36
42827,49,26,13,36
42828,49,27,13,36
42829,49,26,13,36
42830,88,57,28,60
42831,88,56,28,60
42832,75,47,23,52
42833,49,26,13,36
42834,238,173,86,152
42835,238,172,86,152
42836,75,47,23,52
42837,75,46,23,52
42838,101,67,33,68
42839,101,66,33,68
42840,101,67,33,68
42841,49,26,13,36
42842,101,67,33,68
42843,101,66,33,68
42844,101,67,33,68
42845,101,66,33,68
42846,49,27,13,36
42847,49,26,13,36
42848,31,13,6,25
42849,49,26,13,36
42850,31,13,6,25
42851,31,12,6,25
42852,31,13,6,25
42853,31,12,6,25
42854,31,13,6,25
42855,194,138,69,125
42856,31,13,6,25
42857,49,26,13,36
42858,31,13,6,25
42859,101,66,33,68
42860,194,139,69,125
42861,194,138,69,125
42862,194,139,69,125
42863,194,138,69,125
42864,31,13,6,25
42865,31,12,6,25
42866,194,139,69,125
42867,194,138,69,125
42868,31,13,6,25
42869,31,12,6,25
42870,194,139,69,125
42871,194,138,69,125
42872,194,139,69,125
42873,101,66,33,68
42874,194,139,69,125
42875,137,94,47,90
42876,194,139,69,125
42877,194,138,69,125
42878,75,47,23,52
42879,75,46,23,52
42880,75,47,23,52
42881,150,104,52,98
42882,101,67,33,68
42883,101,66,33,68
42884,101,67,33,68
42885,101,66,33,68
42886,101,67,33,68
42887,101,66,33,68
42888,75,47,23,52
42889,49,26,13,36
42890,75,47,23,52
42891,150,104,52,98
42892,75,47,23,52
42893,75,46,23,52
42894,49,27,13,36
42895,49,26,13,36
42896,49,27,13,36
42897,57,32,16,41
42898,57,33,16,41
42899,57,32,16,41
42900,49,27,13,36
42901,49,26,13,36
42902,49,27,13,36
42903,49,26,13,36
42904,49,27,13,36
42905,49,26,13,36
42906,49,27,13,36
42907,163,114,57,106
42908,101,67,33,68
42909,101,66,33,68
42910,101,67,33,68
42911,194,138,69,125
42912,75,47,23,52
42913,49,26,13,36
42914,49,27,13,36
42915,49,26,13,36
42916,49,27,13,36
42917,49,26,13,36
42918,49,27,13,36
42919,150,104,52,98
42920,75,47,23,52
42921,150,104,52,98
42922,75,47,23,52
42923,49,26,13,36
42924,49,27,13,36
42925,49,26,13,36
42926,49,27,13,36
42927,49,26,13,36
42928,75,47,23,52
42929,75,46,23,52
42930,75,47,23,52
42931,75,46,23,52
42932,75,47,23,52
42933,75,46,23,52
42934,49,27,13,36
42935,49,26,13,36
42936,75,47,23,52
42937,88,56,28,60
42938,75,47,23,52
42939,88,56,28,60
42940,88,57,28,60
42941,88,56,28,60
42942,88,57,28,60
42943,88,56,28,60
42944,101,67,33,68
42945,75,46,23,52
42946,49,27,13,36
42947,49,26,13,36
42948,75,47,23,52
42949,75,46,23,52
42950,75,47,23,52
42951,88,56,28,60
42952,75,47,23,52
42953,49,26,13,36
42954,75,47,23,52
42955,75,46,23,52
42956,75,47,23,52
42957,75,46,23,52
42958,194,139,69,125
42959,194,138,69,125
42960,101,67,33,68
42961,75,46,23,52
42962,150,105,52,98
42963,150,104,52,98
42964,101,67,33,68
42965,101,66,33,68
42966,101,67,33,68
42967,101,66,33,68
42968,132,91,45,87
42969,75,46,23,52
42970,132,91,45,87
42971,101,66,33,68
42972,132,91,45,87
42973,132,90,45,87
42974,132,91,45,87
42975,132,90,45,87
42976,101,67,33,68
42977,88,56,28,60
42978,101,67,33,68
42979,101,66,33,68
42980,57,33,16,41
42981,57,32,16,41
42982,57,33,16,41
42983,88,56,28,60
42984,101,67,33,68
42985,132,90,45,87
42986,101,67,33,68
42987,194,138,69,125
42988,101,67,33,68
42989,101,66,33,68
42990,101,67,33,68
42991,101,66,33,68
42992,101,67,33,68
42993,101,66,33,68
42994,194,139,69,125
42995,194,138,69,125
42996,101,67,33,68
42997,101,66,33,68
42998,101,67,33,68
42999,101,66,33,68
43000,101,67,33,68
43001,101,66,33,68
43002,101,67,33,68
43003,194,138,69,125
43004,194,139,69,125
43005,194,138,69,125
43006,194,139,69,125
43007,163,114,57,106
43008,18,3,1,17
43009,101,66,33,68
43010,75,47,23,52
43011,75,46,23,52
43012,75,47,23,52
43013,75,46,23,52
43014,75,47,23,52
43015,75,46,23,52
43016,75,47,23,52
43017,101,66,33,68
43018,75,47,23,52
43019,75,46,23,52
43020,75,47,23,52
43021,75,46,23,52
43022,75,47,23,52
43023,75,46,23,52
43024,75,47,23,52
43025,75,46,23,52
43026,75,47,23,52
43027,75,46,23,52
43028,75,47,23,52
43029,75,46,23,52
43030,75,47,23,52
43031,75,46,23,52
43032,75,47,23,52
43033,194,138,69,125
43034,75,47,23,52
43035,194,138,69,125
43036,194,139,69,125
43037,194,138,69,125
43038,194,139,69,125
43039,101,66,33,68
43040,119,81,40,79
43041,194,138,69,125
43042,75,47,23,52
43043,75,46,23,52
43044,75,47,23,52
43045,75,46,23,52
43046,75,47,23,52
43047,163,114,57,106
43048,119,81,40,79
43049,88,56,28,60
43050,119,81,40,79
43051,106,70,35,71
43052,75,47,23,52
43053,75,46,23,52
43054,75,47,23,52
43055,194,138,69,125
43056,119,81,40,79
43057,101,66,33,68
43058,101,67,33,68
43059,101,66,33,68
43060,119,81,40,79
43061,119,80,40,79
43062,106,71,35,71
43063,106,70,35,71
43064,75,47,23,52
43065,75,46,23,52
43066,75,47,23,52
43067,75,46,23,52
43068,75,47,23,52
43069,75,46,23,52
43070,101,67,33,68
43071,101,66,33,68
43072,70,43,21,49
43073,194,138,69,125
43074,194,139,69,125
43075,194,138,69,125
43076,119,81,40,79
43077,119,80,40,79
43078,119,81,40,79
43079,194,138,69,125
43080,150,105,52,98
43081,106,70,35,71
43082,150,105,52,98
43083,119,80,40,79
43084,150,105,52,98
43085,150,104,52,98
43086,75,47,23,52
43087,75,46,23,52
43088,70,43,21,49
43089,150,104,52,98
43090,194,139,69,125
43091,194,138,69,125
43092,70,43,21,49
43093,70,42,21,49
43094,150,105,52,98
43095,150,104,52,98
43096,150,105,52,98
43097,150,104,52,98
43098,150,105,52,98
43099,194,138,69,125
43100,150,105,52,98
43101,150,104,52,98
43102,88,57,28,60
43103,88,56,28,60
43104,70,43,21,49
43105,88,56,28,60
43106,150,105,52,98
43107,150,104,52,98
43108,150,105,52,98
43109,150,104,52,98
43110,150,105,52,98
43111,88,56,28,60
43112,70,43,21,49
43113,75,46,23,52
43114,70,43,21,49
43115,150,104,52,98
43116,150,105,52,98
43117,150,104,52,98
43118,150,105,52,98
43119,163,114,57,106
43120,31,13,6,25
43121,70,42,21,49
43122,150,105,52,98
43123,150,104,52,98
43124,31,13,6,25
43125,31,12,6,25
43126,132,91,45,87
43127,132,90,45,87
43128,31,13,6,25
43129,150,104,52,98
43130,31,13,6,25
43131,132,90,45,87
43132,150,105,52,98
43133,150,104,52,98
43134,150,105,52,98
43135,88,56,28,60
43136,119,81,40,79
43137,132,90,45,87
43138,31,13,6,25
43139,31,12,6,25
43140,31,13,6,25
43141,31,12,6,25
43142,31,13,6,25
43143,132,90,45,87
43144,70,43,21,49
43145,194,138,69,125
43146,70,43,21,49
43147,256,186,93,163
43148,70,43,21,49
43149,70,42,21,49
43150,194,139,69,125
43151,194,138,69,125
43152,163,115,57,106
43153,194,138,69,125
43154,194,139,69,125
43155,194,138,69,125
43156,163,115,57,106
43157,163,114,57,106
43158,70,43,21,49
43159,70,42,21,49
43160,163,115,57,106
43161,57,32,16,41
43162,163,115,57,106
43163,132,90,45,87
43164,163,115,57,106
43165,163,114,57,106
43166,163,115,57,106
43167,119,80,40,79
43168,119,81,40,79
43169,194,138,69,125
43170,163,115,57,106
43171,163,114,57,106
43172,119,81,40,79
43173,119,80,40,79
43174,119,81,40,79
43175,194,138,69,125
43176,119,81,40,79
43177,101,66,33,68
43178,119,81,40,79
43179,57,32,16,41
43180,70,43,21,49
43181,70,42,21,49
43182,70,43,21,49
43183,181,128,64,117
43184,70,43,21,49
43185,70,42,21,49
43186,70,43,21,49
43187,70,42,21,49
43188,70,43,21,49
43189,70,42,21,49
43190,194,139,69,125
43191,194,138,69,125
43192,70,43,21,49
43193,70,42,21,49
43194,70,43,21,49
43195,75,46,23,52
43196,163,115,57,106
43197,163,114,57,106
43198,163,115,57,106
43199,163,114,57,106
43200,119,81,40,79
43201,70,42,21,49
43202,70,43,21,49
43203,70,42,21,49
43204,163,115,57,106
43205,163,114,57,106
43206,163,115,57,106
43207,132,90,45,87
43208,163,115,57,106
43209,70,42,21,49
43210,163,115,57,106
43211,163,114,57,106
43212,163,115,57,106
43213,163,114,57,106
43214,132,91,45,87
43215,132,90,45,87
43216,119,81,40,79
43217,194,138,69,125
43218,194,139,69,125
43219,194,138,69,125
43220,119,81,40,79
43221,119,80,40,79
43222,70,43,21,49
43223,70,42,21,49
43224,75,47,23,52
43225,163,114,57,106
43226,75,47,23,52
43227,132,90,45,87
43228,75,47,23,52
43229,75,46,23,52
43230,163,115,57,106
43231,163,114,57,106
43232,163,115,57,106
43233,194,138,69,125
43234,119,81,40,79
43235,119,80,40,79
43236,70,43,21,49
43237,70,42,21,49
43238,70,43,21,49
43239,194,138,69,125
43240,163,115,57,106
43241,75,46,23,52
43242,163,115,57,106
43243,75,46,23,52
43244,70,43,21,49
43245,70,42,21,49
43246,70,43,21,49
43247,225,162,81,144
43248,163,115,57,106
43249,163,114,57,106
43250,194,139,69,125
43251,194,138,69,125
43252,163,115,57,106
43253,163,114,57,106
43254,150,105,52,98
43255,150,104,52,98
43256,70,43,21,49
43257,150,104,52,98
43258,70,43,21,49
43259,75,46,23,52
43260,70,43,21,49
43261,70,42,21,49
43262,155,109,54,101
43263,155,108,54,101
43264,57,33,16,41
43265,163,114,57,106
43266,163,115,57,106
43267,163,114,57,106
43268,119,81,40,79
43269,119,80,40,79
43270,119,81,40,79
43271,163,114,57,106
43272,119,81,40,79
43273,163,114,57,106
43274,119,81,40,79
43275,163,114,57,106
43276,119,81,40,79
43277,119,80,40,79
43278,75,47,23,52
43279,75,46,23,52
43280,44,23,11,33
43281,119,80,40,79
43282,194,139,69,125
43283,194,138,69,125
43284,44,23,11,33
43285,44,22,11,33
43286,163,115,57,106
43287,163,114,57,106
43288,44,23,11,33
43289,163,114,57,106
43290,44,23,11,33
43291,163,114,57,106
43292,70,43,21,49
43293,70,42,21,49
43294,70,43,21,49
43295,225,162,81,144
43296,44,23,11,33
43297,70,42,21,49
43298,70,43,21,49
43299,70,42,21,49
43300,70,43,21,49
43301,70,42,21,49
43302,70,43,21,49
43303,88,56,28,60
43304,44,23,11,33
43305,88,56,28,60
43306,44,23,11,33
43307,70,42,21,49
43308,44,23,11,33
43309,44,22,11,33
43310,44,23,11,33
43311,163,114,57,106
43312,44,23,11,33
43313,44,22,11,33
43314,44,23,11,33
43315,44,22,11,33
43316,44,23,11,33
43317,44,22,11,33
43318,70,43,21,49
43319,70,42,21,49
43320,44,23,11,33
43321,70,42,21,49
43322,44,23,11,33
43323,44,22,11,33
43324,44,23,11,33
43325,44,22,11,33
43326,88,57,28,60
43327,88,56,28,60
43328,57,33,16,41
43329,44,22,11,33
43330,101,67,33,68
43331,101,66,33,68
43332,70,43,21,49
43333,70,42,21,49
43334,70,43,21,49
43335,150,104,52,98
43336,70,43,21,49
43337,101,66,33,68
43338,70,43,21,49
43339,70,42,21,49
43340,70,43,21,49
43341,70,42,21,49
43342,155,109,54,101
43343,155,108,54,101
43344,57,33,16,41
43345,194,138,69,125
43346,194,139,69,125
43347,194,138,69,125
43348,57,33,16,41
43349,57,32,16,41
43350,44,23,11,33
43351,44,22,11,33
43352,44,23,11,33
43353,75,46,23,52
43354,44,23,11,33
43355,101,66,33,68
43356,44,23,11,33
43357,44,22,11,33
43358,75,47,23,52
43359,75,46,23,52
43360,119,81,40,79
43361,70,42,21,49
43362,132,91,45,87
43363,132,90,45,87
43364,132,91,45,87
43365,132,90,45,87
43366,132,91,45,87
43367,132,90,45,87
43368,119,81,40,79
43369,44,22,11,33
43370,119,81,40,79
43371,70,42,21,49
43372,163,115,57,106
43373,163,114,57,106
43374,163,115,57,106
43375,44,22,11,33
43376,119,81,40,79
43377,119,80,40,79
43378,132,91,45,87
43379,132,90,45,87
43380,119,81,40,79
43381,119,80,40,79
43382,101,67,33,68
43383,101,66,33,68
43384,70,43,21,49
43385,155,108,54,101
43386,70,43,21,49
43387,132,90,45,87
43388,70,43,21,49
43389,70,42,21,49
43390,75,47,23,52
43391,75,46,23,52
43392,57,33,16,41
43393,163,114,57,106
43394,163,115,57,106
43395,163,114,57,106
43396,163,115,57,106
43397,163,114,57,106
43398,163,115,57,106
43399,163,114,57,106
43400,163,115,57,106
43401,75,46,23,52
43402,163,115,57,106
43403,163,114,57,106
43404,163,115,57,106
43405,163,114,57,106
43406,163,115,57,106
43407,163,114,57,106
43408,163,115,57,106
43409,119,80,40,79
43410,119,81,40,79
43411,119,80,40,79
43412,163,115,57,106
43413,163,114,57,106
43414,119,81,40,79
43415,119,80,40,79
43416,163,115,57,106
43417,119,80,40,79
43418,163,115,57,106
43419,106,70,35,71
43420,207,149,74,133
43421,207,148,74,133
43422,207,149,74,133
43423,207,148,74,133
43424,57,33,16,41
43425,163,114,57,106
43426,163,115,57,106
43427,163,114,57,106
43428,163,115,57,106
43429,163,114,57,106
43430,163,115,57,106
43431,163,114,57,106
43432,57,33,16,41
43433,163,114,57,106
43434,57,33,16,41
43435,225,162,81,144
43436,44,23,11,33
43437,44,22,11,33
43438,44,23,11,33
43439,150,104,52,98
43440,101,67,33,68
43441,163,114,57,106
43442,163,115,57,106
43443,163,114,57,106
43444,101,67,33,68
43445,101,66,33,68
43446,44,23,11,33
43447,44,22,11,33
43448,101,67,33,68
43449,163,114,57,106
43450,101,67,33,68
43451,101,66,33,68
43452,101,67,33,68
43453,101,66,33,68
43454,101,67,33,68
43455,101,66,33,68
43456,70,43,21,49
43457,101,66,33,68
43458,101,67,33,68
43459,101,66,33,68
43460,57,33,16,41
43461,57,32,16,41
43462,57,33,16,41
43463,106,70,35,71
43464,163,115,57,106
43465,44,22,11,33
43466,163,115,57,106
43467,163,114,57,106
43468,163,115,57,106
43469,163,114,57,106
43470,194,139,69,125
43471,194,138,69,125
43472,70,43,21,49
43473,163,114,57,106
43474,163,115,57,106
43475,163,114,57,106
43476,70,43,21,49
43477,70,42,21,49
43478,176,125,62,114
43479,176,124,62,114
43480,119,81,40,79
43481,119,80,40,79
43482,119,81,40,79
43483,163,114,57,106
43484,119,81,40,79
43485,119,80,40,79
43486,181,129,64,117
43487,181,128,64,117
43488,70,43,21,49
43489,163,114,57,106
43490,70,43,21,49
43491,70,42,21,49
43492,132,91,45,87
43493,132,90,45,87
43494,132,91,45,87
43495,176,124,62,114
43496,70,43,21,49
43497,163,114,57,106
43498,70,43,21,49
43499,163,114,57,106
43500,119,81,40,79
43501,119,80,40,79
43502,119,81,40,79
43503,163,114,57,106
43504,70,43,21,49
43505,70,42,21,49
43506,119,81,40,79
43507,119,80,40,79
43508,70,43,21,49
43509,70,42,21,49
43510,163,115,57,106
43511,163,114,57,106
43512,70,43,21,49
43513,163,114,57,106
43514,70,43,21,49
43515,70,42,21,49
43516,132,91,45,87
43517,132,90,45,87
43518,132,91,45,87
43519,132,90,45,87
43520,18,3,1,17
43521,70,42,21,49
43522,70,43,21,49
43523,70,42,21,49
43524,181,129,64,117
43525,181,128,64,117
43526,181,129,64,117
43527,70,42,21,49
43528,57,33,16,41
43529,70,42,21,49
43530,57,33,16,41
43531,181,128,64,117
43532,57,33,16,41
43533,57,32,16,41
43534,181,129,64,117
43535,181,128,64,117
43536,70,43,21,49
43537,57,32,16,41
43538,194,139,69,125
43539,194,138,69,125
43540,70,43,21,49
43541,70,42,21,49
43542,194,139,69,125
43543,194,138,69,125
43544,70,43,21,49
43545,194,138,69,125
43546,70,43,21,49
43547,70,42,21,49
43548,119,81,40,79
43549,119,80,40,79
43550,119,81,40,79
43551,194,138,69,125
43552,57,33,16,41
43553,119,80,40,79
43554,70,43,21,49
43555,70,42,21,49
43556,163,115,57,106
43557,163,114,57,106
43558,163,115,57,106
43559,163,114,57,106
43560,57,33,16,41
43561,176,124,62,114
43562,57,33,16,41
43563,70,42,21,49
43564,70,43,21,49
43565,70,42,21,49
43566,70,43,21,49
43567,194,138,69,125
43568,57,33,16,41
43569,70,42,21,49
43570,70,43,21,49
43571,70,42,21,49
43572,57,33,16,41
43573,57,32,16,41
43574,132,91,45,87
43575,132,90,45,87
43576,101,67,33,68
43577,163,114,57,106
43578,101,67,33,68
43579,70,42,21,49
43580,101,67,33,68
43581,101,66,33,68
43582,70,43,21,49
43583,70,42,21,49
43584,70,43,21,49
43585,57,32,16,41
43586,57,33,16,41
43587,57,32,16,41
43588,163,115,57,106
43589,163,114,57,106
43590,163,115,57,106
43591,163,114,57,106
43592,163,115,57,106
43593,163,114,57,106
43594,163,115,57,106
43595,163,114,57,106
43596,163,115,57,106
43597,163,114,57,106
43598,119,81,40,79
43599,119,80,40,79
43600,70,43,21,49
43601,150,104,52,98
43602,150,105,52,98
43603,150,104,52,98
43604,70,43,21,49
43605,70,42,21,49
43606,163,115,57,106
43607,163,114,57,106
43608,57,33,16,41
43609,75,46,23,52
43610,57,33,16,41
43611,70,42,21,49
43612,57,33,16,41
43613,57,32,16,41
43614,163,115,57,106
43615,163,114,57,106
43616,70,43,21,49
43617,132,90,45,87
43618,70,43,21,49
43619,70,42,21,49
43620,70,43,21,49
43621,70,42,21,49
43622,70,43,21,49
43623,132,90,45,87
43624,70,43,21,49
43625,163,114,57,106
43626,70,43,21,49
43627,119,80,40,79
43628,163,115,57,106
43629,163,114,57,106
43630,163,115,57,106
43631,75,46,23,52
43632,132,91,45,87
43633,70,42,21,49
43634,75,47,23,52
43635,75,46,23,52
43636,132,91,45,87
43637,132,90,45,87
43638,57,33,16,41
43639,57,32,16,41
43640,132,91,45,87
43641,132,90,45,87
43642,132,91,45,87
43643,57,32,16,41
43644,194,139,69,125
43645,194,138,69,125
43646,194,139,69,125
43647,176,124,62,114
43648,18,3,1,17
43649,75,46,23,52
43650,70,43,21,49
43651,70,42,21,49
43652,132,91,45,87
43653,132,90,45,87
43654,132,91,45,87
43655,57,32,16,41
43656,70,43,21,49
43657,70,42,21,49
43658,70,43,21,49
43659,132,90,45,87
43660,70,43,21,49
43661,70,42,21,49
43662,75,47,23,52
43663,75,46,23,52
43664,163,115,57,106
43665,132,90,45,87
43666,132,91,45,87
43667,132,90,45,87
43668,163,115,57,106
43669,163,114,57,106
43670,70,43,21,49
43671,70,42,21,49
43672,163,115,57,106
43673,75,46,23,52
43674,163,115,57,106
43675,132,90,45,87
43676,176,125,62,114
43677,176,124,62,114
43678,176,125,62,114
43679,225,162,81,144
43680,18,3,1,17
43681,163,114,57,106
43682,163,115,57,106
43683,163,114,57,106
43684,163,115,57,106
43685,163,114,57,106
43686,163,115,57,106
43687,163,114,57,106
43688,18,3,1,17
43689,132,90,45,87
43690,18,3,1,17
43691,101,66,33,68
43692,57,33,16,41
43693,57,32,16,41
43694,57,33,16,41
43695,101,66,33,68
43696,119,81,40,79
43697,57,32,16,41
43698,57,33,16,41
43699,57,32,16,41
43700,119,81,40,79
43701,119,80,40,79
43702,57,33,16,41
43703,57,32,16,41
43704,119,81,40,79
43705,57,32,16,41
43706,119,81,40,79
43707,57,32,16,41
43708,57,33,16,41
43709,57,32,16,41
43710,57,33,16,41
43711,132,90,45,87
43712,44,23,11,33
43713,119,80,40,79
43714,57,33,16,41
43715,57,32,16,41
43716,163,115,57,106
43717,163,114,57,106
43718,163,115,57,106
43719,101,66,33,68
43720,163,115,57,106
43721,119,80,40,79
43722,163,115,57,106
43723,57,32,16,41
43724,163,115,57,106
43725,163,114,57,106
43726,101,67,33,68
43727,101,66,33,68
43728,44,23,11,33
43729,119,80,40,79
43730,119,81,40,79
43731,119,80,40,79
43732,44,23,11,33
43733,44,22,11,33
43734,238,173,86,152
43735,238,172,86,152
43736,119,81,40,79
43737,163,114,57,106
43738,119,81,40,79
43739,101,66,33,68
43740,119,81,40,79
43741,119,80,40,79
43742,238,173,86,152
43743,238,172,86,152
43744,44,23,11,33
43745,225,162,81,144
43746,44,23,11,33
43747,44,22,11,33
43748,163,115,57,106
43749,163,114,57,106
43750,163,115,57,106
43751,225,162,81,144
43752,44,23,11,33
43753,150,104,52,98
43754,44,23,11,33
43755,88,56,28,60
43756,101,67,33,68
43757,101,66,33,68
43758,101,67,33,68
43759,238,172,86,152
43760,163,115,57,106
43761,44,22,11,33
43762,70,43,21,49
43763,70,42,21,49
43764,163,115,57,106
43765,163,114,57,106
43766,101,67,33,68
43767,101,66,33,68
43768,163,115,57,106
43769,101,66,33,68
43770,163,115,57,106
43771,124,84,42,82
43772,88,57,28,60
43773,88,56,28,60
43774,88,57,28,60
43775,88,56,28,60
43776,132,91,45,87
43777,119,80,40,79
43778,119,81,40,79
43779,119,80,40,79
43780,44,23,11,33
43781,44,22,11,33
43782,44,23,11,33
43783,101,66,33,68
43784,163,115,57,106
43785,88,56,28,60
43786,163,115,57,106
43787,101,66,33,68
43788,163,115,57,106
43789,163,114,57,106
43790,44,23,11,33
43791,44,22,11,33
43792,44,23,11,33
43793,163,114,57,106
43794,163,115,57,106
43795,163,114,57,106
43796,44,23,11,33
43797,44,22,11,33
43798,163,115,57,106
43799,163,114,57,106
43800,44,23,11,33
43801,101,66,33,68
43802,44,23,11,33
43803,101,66,33,68
43804,163,115,57,106
43805,163,114,57,106
43806,163,115,57,106
43807,101,66,33,68
43808,44,23,11,33
43809,163,114,57,106
43810,44,23,11,33
43811,44,22,11,33
43812,44,23,11,33
43813,44,22,11,33
43814,44,23,11,33
43815,163,114,57,106
43816,44,23,11,33
43817,225,162,81,144
43818,44,23,11,33
43819,101,66,33,68
43820,163,115,57,106
43821,163,114,57,106
43822,163,115,57,106
43823,101,66,33,68
43824,44,23,11,33
43825,163,114,57,106
43826,163,115,57,106
43827,163,114,57,106
43828,44,23,11,33
43829,44,22,11,33
43830,163,115,57,106
43831,163,114,57,106
43832,194,139,69,125
43833,194,138,69,125
43834,194,139,69,125
43835,163,114,57,106
43836,194,139,69,125
43837,194,138,69,125
43838,194,139,69,125
43839,194,138,69,125
43840,132,91,45,87
43841,44,22,11,33
43842,194,139,69,125
43843,194,138,69,125
43844,44,23,11,33
43845,44,22,11,33
43846,44,23,11,33
43847,163,114,57,106
43848,44,23,11,33
43849,194,138,69,125
43850,44,23,11,33
43851,44,22,11,33
43852,44,23,11,33
43853,44,22,11,33
43854,124,85,42,82
43855,124,84,42,82
43856,132,91,45,87
43857,194,138,69,125
43858,194,139,69,125
43859,194,138,69,125
43860,132,91,45,87
43861,132,90,45,87
43862,101,67,33,68
43863,101,66,33,68
43864,119,81,40,79
43865,119,80,40,79
43866,119,81,40,79
43867,101,66,33,68
43868,119,81,40,79
43869,119,80,40,79
43870,163,115,57,106
43871,163,114,57,106
43872,119,81,40,79
43873,194,138,69,125
43874,44,23,11,33
43875,44,22,11,33
43876,44,23,11,33
43877,44,22,11,33
43878,44,23,11,33
43879,194,138,69,125
43880,119,81,40,79
43881,163,114,57,106
43882,119,81,40,79
43883,119,80,40,79
43884,269,197,98,171
43885,269,196,98,171
43886,269,197,98,171
43887,124,84,42,82
43888,119,81,40,79
43889,119,80,40,79
43890,44,23,11,33
43891,44,22,11,33
43892,119,81,40,79
43893,119,80,40,79
43894,57,33,16,41
43895,57,32,16,41
43896,57,33,16,41
43897,163,114,57,106
43898,57,33,16,41
43899,150,104,52,98
43900,57,33,16,41
43901,57,32,16,41
43902,101,67,33,68
43903,101,66,33,68
43904,132,91,45,87
43905,150,104,52,98
43906,119,81,40,79
43907,119,80,40,79
43908,150,105,52,98
43909,150,104,52,98
43910,150,105,52,98
43911,119,80,40,79
43912,132,91,45,87
43913,163,114,57,106
43914,132,91,45,87
43915,150,104,52,98
43916,132,91,45,87
43917,132,90,45,87
43918,150,105,52,98
43919,150,104,52,98
43920,44,23,11,33
43921,119,80,40,79
43922,119,81,40,79
43923,119,80,40,79
43924,44,23,11,33
43925,44,22,11,33
43926,119,81,40,79
43927,119,80,40,79
43928,44,23,11,33
43929,119,80,40,79
43930,44,23,11,33
43931,57,32,16,41
43932,101,67,33,68
43933,101,66,33,68
43934,101,67,33,68
43935,57,32,16,41
43936,132,91,45,87
43937,124,84,42,82
43938,44,23,11,33
43939,44,22,11,33
43940,163,115,57,106
43941,163,114,57,106
43942,163,115,57,106
43943,150,104,52,98
43944,132,91,45,87
43945,124,84,42,82
43946,132,91,45,87
43947,101,66,33,68
43948,101,67,33,68
43949,101,66,33,68
43950,101,67,33,68
43951,101,66,33,68
43952,70,43,21,49
43953,70,42,21,49
43954,70,43,21,49
43955,70,42,21,49
43956,70,43,21,49
43957,70,42,21,49
43958,44,23,11,33
43959,44,22,11,33
43960,70,43,21,49
43961,163,114,57,106
43962,70,43,21,49
43963,163,114,57,106
43964,101,67,33,68
43965,101,66,33,68
43966,101,67,33,68
43967,163,114,57,106
43968,44,23,11,33
43969,163,114,57,106
43970,163,115,57,106
43971,163,114,57,106
43972,132,91,45,87
43973,132,90,45,87
43974,132,91,45,87
43975,163,114,57,106
43976,101,67,33,68
43977,70,42,21,49
43978,101,67,33,68
43979,70,42,21,49
43980,101,67,33,68
43981,101,66,33,68
43982,101,67,33,68
43983,101,66,33,68
43984,44,23,11,33
43985,101,66,33,68
43986,150,105,52,98
43987,150,104,52,98
43988,44,23,11,33
43989,44,22,11,33
43990,150,105,52,98
43991,150,104,52,98
43992,70,43,21,49
43993,132,90,45,87
43994,70,43,21,49
43995,119,80,40,79
43996,70,43,21,49
43997,70,42,21,49
43998,119,81,40,79
43999,119,80,40,79
44000,44,23,11,33
44001,194,138,69,125
44002,44,23,11,33
44003,44,22,11,33
44004,70,43,21,49
44005,70,42,21,49
44006,70,43,21,49
44007,75,46,23,52
44008,44,23,11,33
44009,75,46,23,52
44010,44,23,11,33
44011,75,46,23,52
44012,75,47,23,52
44013,75,46,23,52
44014,75,47,23,52
44015,101,66,33,68
44016,176,125,62,114
44017,44,22,11,33
44018,75,47,23,52
44019,75,46,23,52
44020,176,125,62,114
44021,176,124,62,114
44022,75,47,23,52
44023,75,46,23,52
44024,176,125,62,114
44025,269,196,98,171
44026,176,125,62,114
44027,176,124,62,114
44028,75,47,23,52
44029,75,46,23,52
44030,75,47,23,52
44031,101,66,33,68
44032,39,19,9,30
44033,101,66,33,68
44034,101,67,33,68
44035,101,66,33,68
44036,194,139,69,125
44037,194,138,69,125
44038,194,139,69,125
44039,101,66,33,68
44040,194,139,69,125
44041,163,114,57,106
44042,194,139,69,125
44043,194,138,69,125
44044,194,139,69,125
44045,194,138,69,125
44046,44,23,11,33
44047,44,22,11,33
44048,132,91,45,87
44049,194,138,69,125
44050,70,43,21,49
44051,70,42,21,49
44052,132,91,45,87
44053,132,90,45,87
44054,194,139,69,125
44055,194,138,69,125
44056,132,91,45,87
44057,70,42,21,49
44058,132,91,45,87
44059,75,46,23,52
44060,70,43,21,49
44061,70,42,21,49
44062,70,43,21,49
44063,101,66,33,68
44064,163,115,57,106
44065,70,42,21,49
44066,132,91,45,87
44067,132,90,45,87
44068,163,115,57,106
44069,163,114,57,106
44070,163,115,57,106
44071,194,138,69,125
44072,163,115,57,106
44073,163,114,57,106
44074,163,115,57,106
44075,194,138,69,125
44076,145,101,50,95
44077,145,100,50,95
44078,145,101,50,95
44079,194,138,69,125
44080,163,115,57,106
44081,145,100,50,95
44082,145,101,50,95
44083,145,100,50,95
44084,163,115,57,106
44085,163,114,57,106
44086,269,197,98,171
44087,269,196,98,171
44088,132,91,45,87
44089,145,100,50,95
44090,132,91,45,87
44091,101,66,33,68
44092,132,91,45,87
44093,132,90,45,87
44094,194,139,69,125
44095,194,138,69,125
44096,132,91,45,87
44097,44,22,11,33
44098,44,23,11,33
44099,44,22,11,33
44100,163,115,57,106
44101,163,114,57,106
44102,163,115,57,106
44103,145,100,50,95
44104,101,67,33,68
44105,145,100,50,95
44106,101,67,33,68
44107,163,114,57,106
44108,101,67,33,68
44109,101,66,33,68
44110,101,67,33,68
44111,101,66,33,68
44112,132,91,45,87
44113,101,66,33,68
44114,101,67,33,68
44115,101,66,33,68
44116,132,91,45,87
44117,132,90,45,87
44118,163,115,57,106
44119,163,114,57,106
44120,163,115,57,106
44121,101,66,33,68
44122,163,115,57,106
44123,101,66,33,68
44124,163,115,57,106
44125,163,114,57,106
44126,194,139,69,125
44127,194,138,69,125
44128,132,91,45,87
44129,101,66,33,68
44130,101,67,33,68
44131,101,66,33,68
44132,101,67,33,68
44133,101,66,33,68
44134,101,67,33,68
44135,150,104,52,98
44136,132,91,45,87
44137,124,84,42,82
44138,132,91,45,87
44139,101,66,33,68
44140,101,67,33,68
44141,101,66,33,68
44142,101,67,33,68
44143,145,100,50,95
44144,163,115,57,106
44145,132,90,45,87
44146,119,81,40,79
44147,119,80,40,79
44148,163,115,57,106
44149,163,114,57,106
44150,119,81,40,79
44151,119,80,40,79
44152,163,115,57,106
44153,119,80,40,79
44154,163,115,57,106
44155,119,80,40,79
44156,145,101,50,95
44157,145,100,50,95
44158,145,101,50,95
44159,101,66,33,68
44160,132,91,45,87
44161,101,66,33,68
44162,163,115,57,106
44163,163,114,57,106
44164,163,115,57,106
44165,163,114,57,106
44166,163,115,57,106
44167,163,114,57,106
44168,132,91,45,87
44169,101,66,33,68
44170,132,91,45,87
44171,101,66,33,68
44172,132,91,45,87
44173,132,90,45,87
44174,101,67,33,68
44175,101,66,33,68
44176,132,91,45,87
44177,101,66,33,68
44178,101,67,33,68
44179,101,66,33,68
44180,132,91,45,87
44181,132,90,45,87
44182,132,91,45,87
44183,132,90,45,87
44184,132,91,45,87
44185,70,42,21,49
44186,132,91,45,87
44187,194,138,69,125
44188,70,43,21,49
44189,70,42,21,49
44190,70,43,21,49
44191,101,66,33,68
44192,132,91,45,87
44193,106,70,35,71
44194,70,43,21,49
44195,70,42,21,49
44196,70,43,21,49
44197,70,42,21,49
44198,70,43,21,49
44199,101,66,33,68
44200,132,91,45,87
44201,70,42,21,49
44202,132,91,45,87
44203,119,80,40,79
44204,119,81,40,79
44205,119,80,40,79
44206,119,81,40,79
44207,101,66,33,68
44208,44,23,11,33
44209,119,80,40,79
44210,119,81,40,79
44211,119,80,40,79
44212,44,23,11,33
44213,44,22,11,33
44214,70,43,21,49
44215,70,42,21,49
44216,44,23,11,33
44217,101,66,33,68
44218,44,23,11,33
44219,101,66,33,68
44220,101,67,33,68
44221,101,66,33,68
44222,101,67,33,68
44223,145,100,50,95
44224,132,91,45,87
44225,132,90,45,87
44226,132,91,45,87
44227,132,90,45,87
44228,44,23,11,33
44229,44,22,11,33
44230,44,23,11,33
44231,132,90,45,87
44232,44,23,11,33
44233,145,100,50,95
44234,44,23,11,33
44235,145,100,50,95
44236,44,23,11,33
44237,44,22,11,33
44238,101,67,33,68
44239,101,66,33,68
44240,132,91,45,87
44241,101,66,33,68
44242,101,67,33,68
44243,101,66,33,68
44244,132,91,45,87
44245,132,90,45,87
44246,163,115,57,106
44247,163,114,57,106
44248,44,23,11,33
44249,44,22,11,33
44250,44,23,11,33
44251,44,22,11,33
44252,44,23,11,33
44253,44,22,11,33
44254,119,81,40,79
44255,119,80,40,79
44256,101,67,33,68
44257,194,138,69,125
44258,132,91,45,87
44259,132,90,45,87
44260,163,115,57,106
44261,163,114,57,106
44262,163,115,57,106
44263,132,90,45,87
44264,101,67,33,68
44265,44,22,11,33
44266,101,67,33,68
44267,101,66,33,68
44268,44,23,11,33
44269,44,22,11,33
44270,44,23,11,33
44271,238,172,86,152
44272,101,67,33,68
44273,101,66,33,68
44274,163,115,57,106
44275,163,114,57,106
44276,101,67,33,68
44277,101,66,33,68
44278,44,23,11,33
44279,44,22,11,33
44280,132,91,45,87
44281,163,114,57,106
44282,132,91,45,87
44283,101,66,33,68
44284,132,91,45,87
44285,132,90,45,87
44286,132,91,45,87
44287,132,90,45,87
44288,39,19,9,30
44289,101,66,33,68
44290,70,43,21,49
44291,70,42,21,49
44292,132,91,45,87
44293,132,90,45,87
44294,132,91,45,87
44295,70,42,21,49
44296,70,43,21,49
44297,101,66,33,68
44298,70,43,21,49
44299,44,22,11,33
44300,70,43,21,49
44301,70,42,21,49
44302,194,139,69,125
44303,194,138,69,125
44304,70,43,21,49
44305,70,42,21,49
44306,44,23,11,33
44307,44,22,11,33
44308,70,43,21,49
44309,70,42,21,49
44310,70,43,21,49
44311,70,42,21,49
44312,70,43,21,49
44313,194,138,69,125
44314,70,43,21,49
44315,101,66,33,68
44316,44,23,11,33
44317,44,22,11,33
44318,44,23,11,33
44319,70,42,21,49
44320,70,43,21,49
44321,70,42,21,49
44322,70,43,21,49
44323,70,42,21,49
44324,70,43,21,49
44325,70,42,21,49
44326,70,43,21,49
44327,119,80,40,79
44328,70,43,21,49
44329,238,172,86,152
44330,70,43,21,49
44331,119,80,40,79
44332,70,43,21,49
44333,70,42,21,49
44334,70,43,21,49
44335,119,80,40,79
44336,70,43,21,49
44337,194,138,69,125
44338,194,139,69,125
44339,194,138,69,125
44340,70,43,21,49
44341,70,42,21,49
44342,194,139,69,125
44343,194,138,69,125
44344,207,149,74,133
44345,194,138,69,125
44346,207,149,74,133
44347,70,42,21,49
44348,207,149,74,133
44349,207,148,74,133
44350,93,61,30,63
44351,93,60,30,63
44352,39,19,9,30
44353,70,42,21,49
44354,207,149,74,133
44355,207,148,74,133
44356,57,33,16,41
44357,57,32,16,41
44358,57,33,16,41
44359,119,80,40,79
44360,57,33,16,41
44361,101,66,33,68
44362,57,33,16,41
44363,57,32,16,41
44364,57,33,16,41
44365,57,32,16,41
44366,57,33,16,41
44367,57,32,16,41
44368,39,19,9,30
44369,93,60,30,63
44370,93,61,30,63
44371,93,60,30,63
44372,39,19,9,30
44373,39,18,9,30
44374,57,33,16,41
44375,57,32,16,41
44376,57,33,16,41
44377,57,32,16,41
44378,57,33,16,41
44379,207,148,74,133
44380,57,33,16,41
44381,57,32,16,41
44382,119,81,40,79
44383,119,80,40,79
44384,70,43,21,49
44385,57,32,16,41
44386,70,43,21,49
44387,70,42,21,49
44388,70,43,21,49
44389,70,42,21,49
44390,70,43,21,49
44391,119,80,40,79
44392,70,43,21,49
44393,207,148,74,133
44394,70,43,21,49
44395,207,148,74,133
44396,93,61,30,63
44397,93,60,30,63
44398,93,61,30,63
44399,101,66,33,68
44400,70,43,21,49
44401,70,42,21,49
44402,70,43,21,49
44403,70,42,21,49
44404,70,43,21,49
44405,70,42,21,49
44406,70,43,21,49
44407,70,42,21,49
44408,70,43,21,49
44409,57,32,16,41
44410,70,43,21,49
44411,207,148,74,133
44412,70,43,21,49
44413,70,42,21,49
44414,207,149,74,133
44415,207,148,74,133
44416,132,91,45,87
44417,70,42,21,49
44418,70,43,21,49
44419,70,42,21,49
44420,194,139,69,125
44421,194,138,69,125
44422,194,139,69,125
44423,70,42,21,49
44424,132,91,45,87
44425,70,42,21,49
44426,132,91,45,87
44427,194,138,69,125
44428,132,91,45,87
44429,132,90,45,87
44430,70,43,21,49
44431,70,42,21,49
44432,132,91,45,87
44433,163,114,57,106
44434,163,115,57,106
44435,163,114,57,106
44436,132,91,45,87
44437,132,90,45,87
44438,163,115,57,106
44439,163,114,57,106
44440,132,91,45,87
44441,163,114,57,106
44442,132,91,45,87
44443,93,60,30,63
44444,57,33,16,41
44445,57,32,16,41
44446,57,33,16,41
44447,57,32,16,41
44448,132,91,45,87
44449,93,60,30,63
44450,119,81,40,79
44451,119,80,40,79
44452,119,81,40,79
44453,119,80,40,79
44454,119,81,40,79
44455,93,60,30,63
44456,132,91,45,87
44457,163,114,57,106
44458,132,91,45,87
44459,93,60,30,63
44460,163,115,57,106
44461,163,114,57,106
44462,163,115,57,106
44463,93,60,30,63
44464,163,115,57,106
44465,163,114,57,106
44466,163,115,57,106
44467,163,114,57,106
44468,163,115,57,106
44469,163,114,57,106
44470,119,81,40,79
44471,119,80,40,79
44472,163,115,57,106
44473,163,114,57,106
44474,163,115,57,106
44475,163,114,57,106
44476,163,115,57,106
44477,163,114,57,106
44478,163,115,57,106
44479,119,80,40,79
44480,132,91,45,87
44481,119,80,40,79
44482,119,81,40,79
44483,119,80,40,79
44484,132,91,45,87
44485,132,90,45,87
44486,132,91,45,87
44487,163,114,57,106
44488,132,91,45,87
44489,93,60,30,63
44490,132,91,45,87
44491,93,60,30,63
44492,132,91,45,87
44493,132,90,45,87
44494,238,173,86,152
44495,238,172,86,152
44496,132,91,45,87
44497,132,90,45,87
44498,119,81,40,79
44499,119,80,40,79
44500,132,91,45,87
44501,132,90,45,87
44502,70,43,21,49
44503,70,42,21,49
44504,119,81,40,79
44505,119,80,40,79
44506,119,81,40,79
44507,70,42,21,49
44508,119,81,40,79
44509,119,80,40,79
44510,119,81,40,79
44511,119,80,40,79
44512,119,81,40,79
44513,70,42,21,49
44514,132,91,45,87
44515,132,90,45,87
44516,70,43,21,49
44517,70,42,21,49
44518,70,43,21,49
44519,75,46,23,52
44520,119,81,40,79
44521,70,42,21,49
44522,119,81,40,79
44523,145,100,50,95
44524,75,47,23,52
44525,75,46,23,52
44526,75,47,23,52
44527,70,42,21,49
44528,119,81,40,79
44529,119,80,40,79
44530,119,81,40,79
44531,119,80,40,79
44532,119,81,40,79
44533,119,80,40,79
44534,70,43,21,49
44535,70,42,21,49
44536,238,173,86,152
44537,70,42,21,49
44538,238,173,86,152
44539,70,42,21,49
44540,238,173,86,152
44541,238,172,86,152
44542,145,101,50,95
44543,145,100,50,95
44544,39,19,9,30
44545,119,80,40,79
44546,132,91,45,87
44547,132,90,45,87
44548,93,61,30,63
44549,93,60,30,63
44550,93,61,30,63
44551,163,114,57,106
44552,132,91,45,87
44553,119,80,40,79
44554,132,91,45,87
44555,93,60,30,63
44556,132,91,45,87
44557,132,90,45,87
44558,93,61,30,63
44559,93,60,30,63
44560,70,43,21,49
44561,132,90,45,87
44562,145,101,50,95
44563,145,100,50,95
44564,70,43,21,49
44565,70,42,21,49
44566,70,43,21,49
44567,70,42,21,49
44568,70,43,21,49
44569,70,42,21,49
44570,70,43,21,49
44571,93,60,30,63
44572,132,91,45,87
44573,132,90,45,87
44574,132,91,45,87
44575,119,80,40,79
44576,39,19,9,30
44577,70,42,21,49
44578,70,43,21,49
44579,70,42,21,49
44580,145,101,50,95
44581,145,100,50,95
44582,145,101,50,95
44583,132,90,45,87
44584,39,19,9,30
44585,93,60,30,63
44586,39,19,9,30
44587,70,42,21,49
44588,70,43,21,49
44589,70,42,21,49
44590,70,43,21,49
44591,145,100,50,95
44592,39,19,9,30
44593,119,80,40,79
44594,119,81,40,79
44595,119,80,40,79
44596,39,19,9,30
44597,39,18,9,30
44598,93,61,30,63
44599,93,60,30,63
44600,70,43,21,49
44601,163,114,57,106
44602,70,43,21,49
44603,163,114,57,106
44604,70,43,21,49
44605,70,42,21,49
44606,163,115,57,106
44607,163,114,57,106
44608,132,91,45,87
44609,70,42,21,49
44610,70,43,21,49
44611,70,42,21,49
44612,44,23,11,33
44613,44,22,11,33
44614,44,23,11,33
44615,145,100,50,95
44616,44,23,11,33
44617,70,42,21,49
44618,44,23,11,33
44619,44,22,11,33
44620,44,23,11,33
44621,44,22,11,33
44622,132,91,45,87
44623,132,90,45,87
44624,132,91,45,87
44625,163,114,57,106
44626,163,115,57,106
44627,163,114,57,106
44628,132,91,45,87
44629,132,90,45,87
44630,44,23,11,33
44631,44,22,11,33
44632,44,23,11,33
44633,70,42,21,49
44634,44,23,11,33
44635,119,80,40,79
44636,44,23,11,33
44637,44,22,11,33
44638,145,101,50,95
44639,145,100,50,95
44640,132,91,45,87
44641,114,76,38,76
44642,44,23,11,33
44643,44,22,11,33
44644,44,23,11,33
44645,44,22,11,33
44646,44,23,11,33
44647,145,100,50,95
44648,132,91,45,87
44649,70,42,21,49
44650,132,91,45,87
44651,70,42,21,49
44652,114,77,38,76
44653,114,76,38,76
44654,114,77,38,76
44655,176,124,62,114
44656,70,43,21,49
44657,132,90,45,87
44658,114,77,38,76
44659,114,76,38,76
44660,70,43,21,49
44661,70,42,21,49
44662,44,23,11,33
44663,44,22,11,33
44664,70,43,21,49
44665,176,124,62,114
44666,70,43,21,49
44667,44,22,11,33
44668,70,43,21,49
44669,70,42,21,49
44670,70,43,21,49
44671,269,196,98,171
44672,39,19,9,30
44673,145,100,50,95
44674,132,91,45,87
44675,132,90,45,87
44676,163,115,57,106
44677,163,114,57,106
44678,163,115,57,106
44679,119,80,40,79
44680,132,91,45,87
44681,145,100,50,95
44682,132,91,45,87
44683,163,114,57,106
44684,132,91,45,87
44685,132,90,45,87
44686,114,77,38,76
44687,114,76,38,76
44688,114,77,38,76
44689,163,114,57,106
44690,163,115,57,106
44691,163,114,57,106
44692,114,77,38,76
44693,114,76,38,76
44694,132,91,45,87
44695,132,90,45,87
44696,114,77,38,76
44697,70,42,21,49
44698,114,77,38,76
44699,70,42,21,49
44700,119,81,40,79
44701,119,80,40,79
44702,119,81,40,79
44703,119,80,40,79
44704,39,19,9,30
44705,44,22,11,33
44706,114,77,38,76
44707,114,76,38,76
44708,163,115,57,106
44709,163,114,57,106
44710,163,115,57,106
44711,114,76,38,76
44712,39,19,9,30
44713,163,114,57,106
44714,39,19,9,30
44715,163,114,57,106
44716,44,23,11,33
44717,44,22,11,33
44718,44,23,11,33
44719,114,76,38,76
44720,70,43,21,49
44721,70,42,21,49
44722,70,43,21,49
44723,70,42,21,49
44724,70,43,21,49
44725,70,42,21,49
44726,163,115,57,106
44727,163,114,57,106
44728,70,43,21,49
44729,163,114,57,106
44730,70,43,21,49
44731,163,114,57,106
44732,70,43,21,49
44733,70,42,21,49
44734,70,43,21,49
44735,163,114,57,106
44736,70,43,21,49
44737,70,42,21,49
44738,269,197,98,171
44739,269,196,98,171
44740,70,43,21,49
44741,70,42,21,49
44742,70,43,21,49
44743,70,42,21,49
44744,70,43,21,49
44745,114,76,38,76
44746,70,43,21,49
44747,114,76,38,76
44748,70,43,21,49
44749,70,42,21,49
44750,119,81,40,79
44751,119,80,40,79
44752,70,43,21,49
44753,70,42,21,49
44754,70,43,21,49
44755,70,42,21,49
44756,70,43,21,49
44757,70,42,21,49
44758,114,77,38,76
44759,114,76,38,76
44760,132,91,45,87
44761,132,90,45,87
44762,132,91,45,87
44763,114,76,38,76
44764,132,91,45,87
44765,132,90,45,87
44766,163,115,57,106
44767,163,114,57,106
44768,70,43,21,49
44769,238,172,86,152
44770,70,43,21,49
44771,70,42,21,49
44772,70,43,21,49
44773,70,42,21,49
44774,70,43,21,49
44775,238,172,86,152
44776,70,43,21,49
44777,70,42,21,49
44778,70,43,21,49
44779,70,42,21,49
44780,70,43,21,49
44781,70,42,21,49
44782,70,43,21,49
44783,145,100,50,95
44784,70,43,21,49
44785,70,42,21,49
44786,163,115,57,106
44787,163,114,57,106
44788,70,43,21,49
44789,70,42,21,49
44790,75,47,23,52
44791,75,46,23,52
44792,70,43,21,49
44793,70,42,21,49
44794,70,43,21,49
44795,75,46,23,52
44796,75,47,23,52
44797,75,46,23,52
44798,75,47,23,52
44799,75,46,23,52
44800,88,57,28,60
44801,70,42,21,49
44802,163,115,57,106
44803,163,114,57,106
44804,70,43,21,49
44805,70,42,21,49
44806,70,43,21,49
44807,163,114,57,106
44808,70,43,21,49
44809,163,114,57,106
44810,70,43,21,49
44811,70,42,21,49
44812,70,43,21,49
44813,70,42,21,49
44814,70,43,21,49
44815,70,42,21,49
44816,39,19,9,30
44817,70,42,21,49
44818,70,43,21,49
44819,70,42,21,49
44820,39,19,9,30
44821,39,18,9,30
44822,163,115,57,106
44823,163,114,57,106
44824,39,19,9,30
44825,163,114,57,106
44826,39,19,9,30
44827,194,138,69,125
44828,70,43,21,49
44829,70,42,21,49
44830,70,43,21,49
44831,114,76,38,76
44832,101,67,33,68
44833,70,42,21,49
44834,70,43,21,49
44835,70,42,21,49
44836,70,43,21,49
44837,70,42,21,49
44838,70,43,21,49
44839,114,76,38,76
44840,101,67,33,68
44841,70,42,21,49
44842,101,67,33,68
44843,70,42,21,49
44844,70,43,21,49
44845,70,42,21,49
44846,70,43,21,49
44847,70,42,21,49
44848,101,67,33,68
44849,70,42,21,49
44850,70,43,21,49
44851,70,42,21,49
44852,101,67,33,68
44853,101,66,33,68
44854,70,43,21,49
44855,70,42,21,49
44856,70,43,21,49
44857,70,42,21,49
44858,70,43,21,49
44859,70,42,21,49
44860,70,43,21,49
44861,70,42,21,49
44862,207,149,74,133
44863,207,148,74,133
44864,88,57,28,60
44865,101,66,33,68
44866,70,43,21,49
44867,70,42,21,49
44868,101,67,33,68
44869,101,66,33,68
44870,101,67,33,68
44871,207,148,74,133
44872,114,77,38,76
44873,70,42,21,49
44874,114,77,38,76
44875,101,66,33,68
44876,114,77,38,76
44877,114,76,38,76
44878,114,77,38,76
44879,114,76,38,76
44880,88,57,28,60
44881,114,76,38,76
44882,114,77,38,76
44883,114,76,38,76
44884,88,57,28,60
44885,88,56,28,60
44886,70,43,21,49
44887,70,42,21,49
44888,163,115,57,106
44889,101,66,33,68
44890,163,115,57,106
44891,207,148,74,133
44892,163,115,57,106
44893,163,114,57,106
44894,101,67,33,68
44895,101,66,33,68
44896,132,91,45,87
44897,101,66,33,68
44898,39,19,9,30
44899,39,18,9,30
44900,39,19,9,30
44901,39,18,9,30
44902,39,19,9,30
44903,238,172,86,152
44904,132,91,45,87
44905,70,42,21,49
44906,132,91,45,87
44907,101,66,33,68
44908,70,43,21,49
44909,70,42,21,49
44910,70,43,21,49
44911,101,66,33,68
44912,132,91,45,87
44913,132,90,45,87
44914,70,43,21,49
44915,70,42,21,49
44916,132,91,45,87
44917,132,90,45,87
44918,70,43,21,49
44919,70,42,21,49
44920,70,43,21,49
44921,70,42,21,49
44922,70,43,21,49
44923,70,42,21,49
44924,70,43,21,49
44925,70,42,21,49
44926,163,115,57,106
44927,163,114,57,106
44928,88,57,28,60
44929,70,42,21,49
44930,132,91,45,87
44931,132,90,45,87
44932,207,149,74,133
44933,207,148,74,133
44934,207,149,74,133
44935,132,90,45,87
44936,88,57,28,60
44937,70,42,21,49
44938,88,57,28,60
44939,207,148,74,133
44940,88,57,28,60
44941,88,56,28,60
44942,207,149,74,133
44943,207,148,74,133
44944,163,115,57,106
44945,163,114,57,106
44946,163,115,57,106
44947,163,114,57,106
44948,163,115,57,106
44949,163,114,57,106
44950,163,115,57,106
44951,163,114,57,106
44952,163,115,57,106
44953,163,114,57,106
44954,163,115,57,106
44955,70,42,21,49
44956,62,37,18,44
44957,62,36,18,44
44958,62,37,18,44
44959,199,142,71,128
44960,88,57,28,60
44961,62,36,18,44
44962,163,115,57,106
44963,163,114,57,106
44964,101,67,33,68
44965,101,66,33,68
44966,101,67,33,68
44967,163,114,57,106
44968,88,57,28,60
44969,207,148,74,133
44970,88,57,28,60
44971,62,36,18,44
44972,70,43,21,49
44973,70,42,21,49
44974,70,43,21,49
44975,70,42,21,49
44976,62,37,18,44
44977,88,56,28,60
44978,88,57,28,60
44979,88,56,28,60
44980,62,37,18,44
44981,62,36,18,44
44982,70,43,21,49
44983,70,42,21,49
44984,62,37,18,44
44985,163,114,57,106
44986,62,37,18,44
44987,163,114,57,106
44988,62,37,18,44
44989,62,36,18,44
44990,62,37,18,44
44991,207,148,74,133
44992,176,125,62,114
44993,62,36,18,44
44994,62,37,18,44
44995,62,36,18,44
44996,88,57,28,60
44997,88,56,28,60
44998,88,57,28,60
44999,62,36,18,44
45000,163,115,57,106
45001,62,36,18,44
45002,163,115,57,106
45003,88,56,28,60
45004,163,115,57,106
45005,163,114,57,106
45006,163,115,57,106
45007,163,114,57,106
45008,176,125,62,114
45009,163,114,57,106
45010,88,57,28,60
45011,88,56,28,60
45012,176,125,62,114
45013,176,124,62,114
45014,101,67,33,68
45015,101,66,33,68
45016,62,37,18,44
45017,88,56,28,60
45018,62,37,18,44
45019,114,76,38,76
45020,62,37,18,44
45021,62,36,18,44
45022,163,115,57,106
45023,163,114,57,106
45024,176,125,62,114
45025,194,138,69,125
45026,176,125,62,114
45027,176,124,62,114
45028,114,77,38,76
45029,114,76,38,76
45030,114,77,38,76
45031,70,42,21,49
45032,176,125,62,114
45033,114,76,38,76
45034,176,125,62,114
45035,62,36,18,44
45036,62,37,18,44
45037,62,36,18,44
45038,62,37,18,44
45039,199,142,71,128
45040,163,115,57,106
45041,176,124,62,114
45042,163,115,57,106
45043,163,114,57,106
45044,163,115,57,106
45045,163,114,57,106
45046,101,67,33,68
45047,101,66,33,68
45048,163,115,57,106
45049,163,114,57,106
45050,163,115,57,106
45051,163,114,57,106
45052,207,149,74,133
45053,207,148,74,133
45054,207,149,74,133
45055,282,206,103,179
45056,26,9,4,22
45057,132,90,45,87
45058,132,91,45,87
45059,132,90,45,87
45060,62,37,18,44
45061,62,36,18,44
45062,62,37,18,44
45063,132,90,45,87
45064,62,37,18,44
45065,132,90,45,87
45066,62,37,18,44
45067,62,36,18,44
45068,62,37,18,44
45069,62,36,18,44
45070,62,37,18,44
45071,62,36,18,44
45072,88,57,28,60
45073,62,36,18,44
45074,207,149,74,133
45075,207,148,74,133
45076,88,57,28,60
45077,88,56,28,60
45078,62,37,18,44
45079,62,36,18,44
45080,88,57,28,60
45081,62,36,18,44
45082,88,57,28,60
45083,114,76,38,76
45084,62,37,18,44
45085,62,36,18,44
45086,62,37,18,44
45087,207,148,74,133
45088,88,57,28,60
45089,62,36,18,44
45090,88,57,28,60
45091,88,56,28,60
45092,207,149,74,133
45093,207,148,74,133
45094,207,149,74,133
45095,207,148,74,133
45096,88,57,28,60
45097,207,148,74,133
45098,88,57,28,60
45099,207,148,74,133
45100,88,57,28,60
45101,88,56,28,60
45102,88,57,28,60
45103,62,36,18,44
45104,88,57,28,60
45105,62,36,18,44
45106,62,37,18,44
45107,62,36,18,44
45108,88,57,28,60
45109,88,56,28,60
45110,70,43,21,49
45111,70,42,21,49
45112,88,57,28,60
45113,62,36,18,44
45114,88,57,28,60
45115,62,36,18,44
45116,88,57,28,60
45117,88,56,28,60
45118,269,197,98,171
45119,269,196,98,171
45120,39,19,9,30
45121,88,56,28,60
45122,88,57,28,60
45123,88,56,28,60
45124,88,57,28,60
45125,88,56,28,60
45126,88,57,28,60
45127,313,230,115,198
45128,44,23,11,33
45129,114,76,38,76
45130,44,23,11,33
45131,88,56,28,60
45132,44,23,11,33
45133,44,22,11,33
45134,114,77,38,76
45135,114,76,38,76
45136,39,19,9,30
45137,44,22,11,33
45138,114,77,38,76
45139,114,76,38,76
45140,39,19,9,30
45141,39,18,9,30
45142,44,23,11,33
45143,44,22,11,33
45144,88,57,28,60
45145,44,22,11,33
45146,88,57,28,60
45147,207,148,74,133
45148,88,57,28,60
45149,88,56,28,60
45150,114,77,38,76
45151,114,76,38,76
45152,39,19,9,30
45153,207,148,74,133
45154,207,149,74,133
45155,207,148,74,133
45156,207,149,74,133
45157,207,148,74,133
45158,207,149,74,133
45159,114,76,38,76
45160,39,19,9,30
45161,44,22,11,33
45162,39,19,9,30
45163,207,148,74,133
45164,150,105,52,98
45165,150,104,52,98
45166,150,105,52,98
45167,114,76,38,76
45168,62,37,18,44
45169,39,18,9,30
45170,88,57,28,60
45171,88,56,28,60
45172,62,37,18,44
45173,62,36,18,44
45174,114,77,38,76
45175,114,76,38,76
45176,62,37,18,44
45177,114,76,38,76
45178,62,37,18,44
45179,114,76,38,76
45180,62,37,18,44
45181,62,36,18,44
45182,62,37,18,44
45183,114,76,38,76
45184,132,91,45,87
45185,88,56,28,60
45186,62,37,18,44
45187,62,36,18,44
45188,62,37,18,44
45189,62,36,18,44
45190,62,37,18,44
45191,70,42,21,49
45192,39,19,9,30
45193,114,76,38,76
45194,39,19,9,30
45195,62,36,18,44
45196,39,19,9,30
45197,39,18,9,30
45198,62,37,18,44
45199,62,36,18,44
45200,88,57,28,60
45201,114,76,38,76
45202,114,77,38,76
45203,114,76,38,76
45204,88,57,28,60
45205,88,56,28,60
45206,39,19,9,30
45207,39,18,9,30
45208,88,57,28,60
45209,62,36,18,44
45210,88,57,28,60
45211,62,36,18,44
45212,88,57,28,60
45213,88,56,28,60
45214,88,57,28,60
45215,238,172,86,152
45216,132,91,45,87
45217,62,36,18,44
45218,88,57,28,60
45219,88,56,28,60
45220,88,57,28,60
45221,88,56,28,60
45222,88,57,28,60
45223,62,36,18,44
45224,132,91,45,87
45225,62,36,18,44
45226,132,91,45,87
45227,88,56,28,60
45228,114,77,38,76
45229,114,76,38,76
45230,114,77,38,76
45231,62,36,18,44
45232,114,77,38,76
45233,114,76,38,76
45234,114,77,38,76
45235,114,76,38,76
45236,114,77,38,76
45237,114,76,38,76
45238,101,67,33,68
45239,101,66,33,68
45240,114,77,38,76
45241,62,36,18,44
45242,114,77,38,76
45243,62,36,18,44
45244,88,57,28,60
45245,88,56,28,60
45246,88,57,28,60
45247,238,172,86,152
45248,132,91,45,87
45249,88,56,28,60
45250,88,57,28,60
45251,88,56,28,60
45252,114,77,38,76
45253,114,76,38,76
45254,114,77,38,76
45255,207,148,74,133
45256,114,77,38,76
45257,114,76,38,76
45258,114,77,38,76
45259,114,76,38,76
45260,114,77,38,76
45261,114,76,38,76
45262,207,149,74,133
45263,207,148,74,133
45264,132,91,45,87
45265,145,100,50,95
45266,145,101,50,95
45267,145,100,50,95
45268,132,91,45,87
45269,132,90,45,87
45270,145,101,50,95
45271,145,100,50,95
45272,70,43,21,49
45273,70,42,21,49
45274,70,43,21,49
45275,101,66,33,68
45276,70,43,21,49
45277,70,42,21,49
45278,145,101,50,95
45279,145,100,50,95
45280,39,19,9,30
45281,101,66,33,68
45282,132,91,45,87
45283,132,90,45,87
45284,114,77,38,76
45285,114,76,38,76
45286,114,77,38,76
45287,114,76,38,76
45288,39,19,9,30
45289,114,76,38,76
45290,39,19,9,30
45291,207,148,74,133
45292,114,77,38,76
45293,114,76,38,76
45294,114,77,38,76
45295,207,148,74,133
45296,39,19,9,30
45297,39,18,9,30
45298,114,77,38,76
45299,114,76,38,76
45300,39,19,9,30
45301,39,18,9,30
45302,207,149,74,133
45303,207,148,74,133
45304,88,57,28,60
45305,207,148,74,133
45306,88,57,28,60
45307,176,124,62,114
45308,88,57,28,60
45309,88,56,28,60
45310,114,77,38,76
45311,114,76,38,76
45312,39,19,9,30
45313,88,56,28,60
45314,88,57,28,60
45315,88,56,28,60
45316,132,91,45,87
45317,132,90,45,87
45318,132,91,45,87
45319,88,56,28,60
45320,132,91,45,87
45321,88,56,28,60
45322,132,91,45,87
45323,88,56,28,60
45324,132,91,45,87
45325,132,90,45,87
45326,88,57,28,60
45327,88,56,28,60
45328,132,91,45,87
45329,132,90,45,87
45330,88,57,28,60
45331,88,56,28,60
45332,132,91,45,87
45333,132,90,45,87
45334,207,149,74,133
45335,207,148,74,133
45336,132,91,45,87
45337,207,148,74,133
45338,132,91,45,87
45339,207,148,74,133
45340,88,57,28,60
45341,88,56,28,60
45342,88,57,28,60
45343,207,148,74,133
45344,83,53,26,57
45345,132,90,45,87
45346,88,57,28,60
45347,88,56,28,60
45348,88,57,28,60
45349,88,56,28,60
45350,88,57,28,60
45351,101,66,33,68
45352,83,53,26,57
45353,119,80,40,79
45354,83,53,26,57
45355,88,56,28,60
45356,132,91,45,87
45357,132,90,45,87
45358,132,91,45,87
45359,238,172,86,152
45360,83,53,26,57
45361,88,56,28,60
45362,88,57,28,60
45363,88,56,28,60
45364,83,53,26,57
45365,83,52,26,57
45366,132,91,45,87
45367,132,90,45,87
45368,83,53,26,57
45369,88,56,28,60
45370,83,53,26,57
45371,83,52,26,57
45372,83,53,26,57
45373,83,52,26,57
45374,114,77,38,76
45375,114,76,38,76
45376,39,19,9,30
45377,83,52,26,57
45378,132,91,45,87
45379,132,90,45,87
45380,83,53,26,57
45381,83,52,26,57
45382,83,53,26,57
45383,207,148,74,133
45384,207,149,74,133
45385,163,114,57,106
45386,207,149,74,133
45387,83,52,26,57
45388,207,149,74,133
45389,207,148,74,133
45390,88,57,28,60
45391,88,56,28,60
45392,39,19,9,30
45393,207,148,74,133
45394,220,159,79,141
45395,220,158,79,141
45396,39,19,9,30
45397,39,18,9,30
45398,163,115,57,106
45399,163,114,57,106
45400,132,91,45,87
45401,163,114,57,106
45402,132,91,45,87
45403,163,114,57,106
45404,132,91,45,87
45405,132,90,45,87
45406,101,67,33,68
45407,101,66,33,68
45408,132,91,45,87
45409,101,66,33,68
45410,44,23,11,33
45411,44,22,11,33
45412,44,23,11,33
45413,44,22,11,33
45414,44,23,11,33
45415,88,56,28,60
45416,132,91,45,87
45417,83,52,26,57
45418,132,91,45,87
45419,83,52,26,57
45420,163,115,57,106
45421,163,114,57,106
45422,163,115,57,106
45423,163,114,57,106
45424,132,91,45,87
45425,132,90,45,87
45426,44,23,11,33
45427,44,22,11,33
45428,132,91,45,87
45429,132,90,45,87
45430,145,101,50,95
45431,145,100,50,95
45432,163,115,57,106
45433,145,100,50,95
45434,163,115,57,106
45435,163,114,57,106
45436,163,115,57,106
45437,163,114,57,106
45438,44,23,11,33
45439,44,22,11,33
45440,39,19,9,30
45441,132,90,45,87
45442,83,53,26,57
45443,83,52,26,57
45444,83,53,26,57
45445,83,52,26,57
45446,83,53,26,57
45447,83,52,26,57
45448,83,53,26,57
45449,44,22,11,33
45450,83,53,26,57
45451,207,148,74,133
45452,83,53,26,57
45453,83,52,26,57
45454,83,53,26,57
45455,83,52,26,57
45456,83,53,26,57
45457,132,90,45,87
45458,132,91,45,87
45459,132,90,45,87
45460,83,53,26,57
45461,83,52,26,57
45462,176,125,62,114
45463,176,124,62,114
45464,83,53,26,57
45465,176,124,62,114
45466,83,53,26,57
45467,83,52,26,57
45468,145,101,50,95
45469,145,100,50,95
45470,145,101,50,95
45471,207,148,74,133
45472,39,19,9,30
45473,176,124,62,114
45474,132,91,45,87
45475,132,90,45,87
45476,132,91,45,87
45477,132,90,45,87
45478,132,91,45,87
45479,176,124,62,114
45480,39,19,9,30
45481,176,124,62,114
45482,39,19,9,30
45483,207,148,74,133
45484,83,53,26,57
45485,83,52,26,57
45486,83,53,26,57
45487,132,90,45,87
45488,176,125,62,114
45489,83,52,26,57
45490,83,53,26,57
45491,83,52,26,57
45492,176,125,62,114
45493,176,124,62,114
45494,83,53,26,57
45495,83,52,26,57
45496,176,125,62,114
45497,83,52,26,57
45498,176,125,62,114
45499,207,148,74,133
45500,83,53,26,57
45501,83,52,26,57
45502,83,53,26,57
45503,83,52,26,57
45504,70,43,21,49
45505,176,124,62,114
45506,176,125,62,114
45507,176,124,62,114
45508,39,19,9,30
45509,39,18,9,30
45510,39,19,9,30
45511,83,52,26,57
45512,132,91,45,87
45513,176,124,62,114
45514,132,91,45,87
45515,176,124,62,114
45516,132,91,45,87
45517,132,90,45,87
45518,83,53,26,57
45519,83,52,26,57
45520,70,43,21,49
45521,132,90,45,87
45522,176,125,62,114
45523,176,124,62,114
45524,70,43,21,49
45525,70,42,21,49
45526,207,149,74,133
45527,207,148,74,133
45528,176,125,62,114
45529,176,124,62,114
45530,176,125,62,114
45531,132,90,45,87
45532,176,125,62,114
45533,176,124,62,114
45534,83,53,26,57
45535,83,52,26,57
45536,70,43,21,49
45537,88,56,28,60
45538,70,43,21,49
45539,70,42,21,49
45540,132,91,45,87
45541,132,90,45,87
45542,132,91,45,87
45543,176,124,62,114
45544,70,43,21,49
45545,207,148,74,133
45546,70,43,21,49
45547,207,148,74,133
45548,176,125,62,114
45549,176,124,62,114
45550,176,125,62,114
45551,207,148,74,133
45552,176,125,62,114
45553,70,42,21,49
45554,83,53,26,57
45555,83,52,26,57
45556,176,125,62,114
45557,176,124,62,114
45558,238,173,86,152
45559,238,172,86,152
45560,176,125,62,114
45561,176,124,62,114
45562,176,125,62,114
45563,207,148,74,133
45564,207,149,74,133
45565,207,148,74,133
45566,207,149,74,133
45567,207,148,74,133
45568,39,19,9,30
45569,83,52,26,57
45570,70,43,21,49
45571,70,42,21,49
45572,132,91,45,87
45573,132,90,45,87
45574,132,91,45,87
45575,168,118,59,109
45576,70,43,21,49
45577,70,42,21,49
45578,70,43,21,49
45579,132,90,45,87
45580,70,43,21,49
45581,70,42,21,49
45582,132,91,45,87
45583,132,90,45,87
45584,70,43,21,49
45585,70,42,21,49
45586,132,91,45,87
45587,132,90,45,87
45588,70,43,21,49
45589,70,42,21,49
45590,57,33,16,41
45591,57,32,16,41
45592,70,43,21,49
45593,57,32,16,41
45594,70,43,21,49
45595,88,56,28,60
45596,57,33,16,41
45597,57,32,16,41
45598,57,33,16,41
45599,207,148,74,133
45600,31,13,6,25
45601,57,32,16,41
45602,70,43,21,49
45603,70,42,21,49
45604,83,53,26,57
45605,83,52,26,57
45606,83,53,26,57
45607,83,52,26,57
45608,31,13,6,25
45609,163,114,57,106
45610,31,13,6,25
45611,70,42,21,49
45612,57,33,16,41
45613,57,32,16,41
45614,57,33,16,41
45615,83,52,26,57
45616,31,13,6,25
45617,57,32,16,41
45618,57,33,16,41
45619,57,32,16,41
45620,31,13,6,25
45621,31,12,6,25
45622,83,53,26,57
45623,83,52,26,57
45624,57,33,16,41
45625,57,32,16,41
45626,57,33,16,41
45627,57,32,16,41
45628,57,33,16,41
45629,57,32,16,41
45630,57,33,16,41
45631,57,32,16,41
45632,31,13,6,25
45633,70,42,21,49
45634,70,43,21,49
45635,70,42,21,49
45636,83,53,26,57
45637,83,52,26,57
45638,83,53,26,57
45639,57,32,16,41
45640,83,53,26,57
45641,57,32,16,41
45642,83,53,26,57
45643,83,52,26,57
45644,83,53,26,57
45645,83,52,26,57
45646,114,77,38,76
45647,114,76,38,76
45648,31,13,6,25
45649,83,52,26,57
45650,83,53,26,57
45651,83,52,26,57
45652,31,13,6,25
45653,31,12,6,25
45654,83,53,26,57
45655,83,52,26,57
45656,31,13,6,25
45657,168,118,59,109
45658,31,13,6,25
45659,163,114,57,106
45660,31,13,6,25
45661,31,12,6,25
45662,207,149,74,133
45663,207,148,74,133
45664,31,13,6,25
45665,70,42,21,49
45666,132,91,45,87
45667,132,90,45,87
45668,132,91,45,87
45669,132,90,45,87
45670,132,91,45,87
45671,88,56,28,60
45672,31,13,6,25
45673,114,76,38,76
45674,31,13,6,25
45675,57,32,16,41
45676,83,53,26,57
45677,83,52,26,57
45678,83,53,26,57
45679,114,76,38,76
45680,132,91,45,87
45681,31,12,6,25
45682,145,101,50,95
45683,145,100,50,95
45684,132,91,45,87
45685,132,90,45,87
45686,132,91,45,87
45687,132,90,45,87
45688,132,91,45,87
45689,132,90,45,87
45690,132,91,45,87
45691,176,124,62,114
45692,57,33,16,41
45693,57,32,16,41
45694,57,33,16,41
45695,207,148,74,133
45696,39,19,9,30
45697,145,100,50,95
45698,31,13,6,25
45699,31,12,6,25
45700,83,53,26,57
45701,83,52,26,57
45702,83,53,26,57
45703,83,52,26,57
45704,176,125,62,114
45705,168,118,59,109
45706,176,125,62,114
45707,83,52,26,57
45708,176,125,62,114
45709,176,124,62,114
45710,88,57,28,60
45711,88,56,28,60
45712,176,125,62,114
45713,176,124,62,114
45714,176,125,62,114
45715,176,124,62,114
45716,176,125,62,114
45717,176,124,62,114
45718,176,125,62,114
45719,176,124,62,114
45720,176,125,62,114
45721,176,124,62,114
45722,176,125,62,114
45723,145,100,50,95
45724,176,125,62,114
45725,176,124,62,114
45726,176,125,62,114
45727,163,114,57,106
45728,39,19,9,30
45729,132,90,45,87
45730,132,91,45,87
45731,132,90,45,87
45732,132,91,45,87
45733,132,90,45,87
45734,132,91,45,87
45735,119,80,40,79
45736,39,19,9,30
45737,238,172,86,152
45738,39,19,9,30
45739,176,124,62,114
45740,70,43,21,49
45741,70,42,21,49
45742,70,43,21,49
45743,220,158,79,141
45744,83,53,26,57
45745,70,42,21,49
45746,70,43,21,49
45747,70,42,21,49
45748,83,53,26,57
45749,83,52,26,57
45750,176,125,62,114
45751,176,124,62,114
45752,83,53,26,57
45753,70,42,21,49
45754,83,53,26,57
45755,176,124,62,114
45756,57,33,16,41
45757,57,32,16,41
45758,57,33,16,41
45759,238,172,86,152
45760,31,13,6,25
45761,83,52,26,57
45762,176,125,62,114
45763,176,124,62,114
45764,83,53,26,57
45765,83,52,26,57
45766,83,53,26,57
45767,114,76,38,76
45768,83,53,26,57
45769,114,76,38,76
45770,83,53,26,57
45771,114,76,38,76
45772,83,53,26,57
45773,83,52,26,57
45774,114,77,38,76
45775,114,76,38,76
45776,31,13,6,25
45777,83,52,26,57
45778,83,53,26,57
45779,83,52,26,57
45780,31,13,6,25
45781,31,12,6,25
45782,70,43,21,49
45783,70,42,21,49
45784,176,125,62,114
45785,83,52,26,57
45786,176,125,62,114
45787,119,80,40,79
45788,176,125,62,114
45789,176,124,62,114
45790,176,125,62,114
45791,176,124,62,114
45792,31,13,6,25
45793,57,32,16,41
45794,31,13,6,25
45795,31,12,6,25
45796,132,91,45,87
45797,132,90,45,87
45798,132,91,45,87
45799,207,148,74,133
45800,31,13,6,25
45801,207,148,74,133
45802,31,13,6,25
45803,189,134,67,122
45804,132,91,45,87
45805,132,90,45,87
45806,132,91,45,87
45807,238,172,86,152
45808,83,53,26,57
45809,31,12,6,25
45810,194,139,69,125
45811,194,138,69,125
45812,83,53,26,57
45813,83,52,26,57
45814,83,53,26,57
45815,83,52,26,57
45816,83,53,26,57
45817,145,100,50,95
45818,83,53,26,57
45819,145,100,50,95
45820,145,101,50,95
45821,145,100,50,95
45822,145,101,50,95
45823,176,124,62,114
45824,39,19,9,30
45825,83,52,26,57
45826,83,53,26,57
45827,83,52,26,57
45828,31,13,6,25
45829,31,12,6,25
45830,31,13,6,25
45831,83,52,26,57
45832,31,13,6,25
45833,132,90,45,87
45834,31,13,6,25
45835,176,124,62,114
45836,31,13,6,25
45837,31,12,6,25
45838,31,13,6,25
45839,31,12,6,25
45840,31,13,6,25
45841,31,12,6,25
45842,145,101,50,95
45843,145,100,50,95
45844,31,13,6,25
45845,31,12,6,25
45846,83,53,26,57
45847,83,52,26,57
45848,31,13,6,25
45849,83,52,26,57
45850,31,13,6,25
45851,83,52,26,57
45852,70,43,21,49
45853,70,42,21,49
45854,70,43,21,49
45855,83,52,26,57
45856,31,13,6,25
45857,70,42,21,49
45858,70,43,21,49
45859,70,42,21,49
45860,70,43,21,49
45861,70,42,21,49
45862,70,43,21,49
45863,194,138,69,125
45864,31,13,6,25
45865,70,42,21,49
45866,31,13,6,25
45867,83,52,26,57
45868,70,43,21,49
45869,70,42,21,49
45870,70,43,21,49
45871,207,148,74,133
45872,31,13,6,25
45873,70,42,21,49
45874,70,43,21,49
45875,70,42,21,49
45876,31,13,6,25
45877,31,12,6,25
45878,132,91,45,87
45879,132,90,45,87
45880,176,125,62,114
45881,132,90,45,87
45882,176,125,62,114
45883,176,124,62,114
45884,176,125,62,114
45885,176,124,62,114
45886,83,53,26,57
45887,83,52,26,57
45888,39,19,9,30
45889,31,12,6,25
45890,83,53,26,57
45891,83,52,26,57
45892,114,77,38,76
45893,114,76,38,76
45894,114,77,38,76
45895,207,148,74,133
45896,114,77,38,76
45897,70,42,21,49
45898,114,77,38,76
45899,114,76,38,76
45900,114,77,38,76
45901,114,76,38,76
45902,70,43,21,49
45903,70,42,21,49
45904,39,19,9,30
45905,176,124,62,114
45906,176,125,62,114
45907,176,124,62,114
45908,39,19,9,30
45909,39,18,9,30
45910,83,53,26,57
45911,83,52,26,57
45912,176,125,62,114
45913,31,12,6,25
45914,176,125,62,114
45915,176,124,62,114
45916,176,125,62,114
45917,176,124,62,114
45918,176,125,62,114
45919,176,124,62,114
45920,83,53,26,57
45921,176,124,62,114
45922,83,53,26,57
45923,83,52,26,57
45924,83,53,26,57
45925,83,52,26,57
45926,83,53,26,57
45927,176,124,62,114
45928,83,53,26,57
45929,132,90,45,87
45930,83,53,26,57
45931,83,52,26,57
45932,83,53,26,57
45933,83,52,26,57
45934,83,53,26,57
45935,163,114,57,106
45936,83,53,26,57
45937,83,52,26,57
45938,83,53,26,57
45939,83,52,26,57
45940,83,53,26,57
45941,83,52,26,57
45942,70,43,21,49
45943,70,42,21,49
45944,83,53,26,57
45945,163,114,57,106
45946,83,53,26,57
45947,176,124,62,114
45948,83,53,26,57
45949,83,52,26,57
45950,88,57,28,60
45951,88,56,28,60
45952,57,33,16,41
45953,83,52,26,57
45954,176,125,62,114
45955,176,124,62,114
45956,176,125,62,114
45957,176,124,62,114
45958,176,125,62,114
45959,176,124,62,114
45960,39,19,9,30
45961,83,52,26,57
45962,39,19,9,30
45963,88,56,28,60
45964,39,19,9,30
45965,39,18,9,30
45966,88,57,28,60
45967,88,56,28,60
45968,176,125,62,114
45969,145,100,50,95
45970,145,101,50,95
45971,145,100,50,95
45972,176,125,62,114
45973,176,124,62,114
45974,31,13,6,25
45975,31,12,6,25
45976,176,125,62,114
45977,31,12,6,25
45978,176,125,62,114
45979,207,148,74,133
45980,88,57,28,60
45981,88,56,28,60
45982,88,57,28,60
45983,145,100,50,95
45984,57,33,16,41
45985,145,100,50,95
45986,176,125,62,114
45987,176,124,62,114
45988,83,53,26,57
45989,83,52,26,57
45990,83,53,26,57
45991,145,100,50,95
45992,57,33,16,41
45993,145,100,50,95
45994,57,33,16,41
45995,83,52,26,57
45996,145,101,50,95
45997,145,100,50,95
45998,145,101,50,95
45999,176,124,62,114
46000,57,33,16,41
46001,57,32,16,41
46002,57,33,16,41
46003,57,32,16,41
46004,57,33,16,41
46005,57,32,16,41
46006,176,125,62,114
46007,176,124,62,114
46008,57,33,16,41
46009,189,134,67,122
46010,57,33,16,41
46011,189,134,67,122
46012,238,173,86,152
46013,238,172,86,152
46014,238,173,86,152
46015,83,52,26,57
46016,57,33,16,41
46017,176,124,62,114
46018,176,125,62,114
46019,176,124,62,114
46020,57,33,16,41
46021,57,32,16,41
46022,57,33,16,41
46023,176,124,62,114
46024,132,91,45,87
46025,31,12,6,25
46026,132,91,45,87
46027,132,90,45,87
46028,132,91,45,87
46029,132,90,45,87
46030,70,43,21,49
46031,70,42,21,49
46032,57,33,16,41
46033,132,90,45,87
46034,70,43,21,49
46035,70,42,21,49
46036,57,33,16,41
46037,57,32,16,41
46038,70,43,21,49
46039,70,42,21,49
46040,57,33,16,41
46041,57,32,16,41
46042,57,33,16,41
46043,132,90,45,87
46044,57,33,16,41
46045,57,32,16,41
46046,114,77,38,76
46047,114,76,38,76
46048,132,91,45,87
46049,114,76,38,76
46050,57,33,16,41
46051,57,32,16,41
46052,176,125,62,114
46053,176,124,62,114
46054,176,125,62,114
46055,176,124,62,114
46056,132,91,45,87
46057,114,76,38,76
46058,132,91,45,87
46059,132,90,45,87
46060,114,77,38,76
46061,114,76,38,76
46062,114,77,38,76
46063,70,42,21,49
46064,132,91,45,87
46065,132,90,45,87
46066,132,91,45,87
46067,132,90,45,87
46068,132,91,45,87
46069,132,90,45,87
46070,57,33,16,41
46071,57,32,16,41
46072,114,77,38,76
46073,251,182,91,160
46074,114,77,38,76
46075,176,124,62,114
46076,114,77,38,76
46077,114,76,38,76
46078,238,173,86,152
46079,238,172,86,152
46080,26,9,4,22
46081,57,32,16,41
46082,176,125,62,114
46083,176,124,62,114
46084,176,125,62,114
46085,176,124,62,114
46086,176,125,62,114
46087,176,124,62,114
46088,176,125,62,114
46089,176,124,62,114
46090,176,125,62,114
46091,176,124,62,114
46092,176,125,62,114
46093,176,124,62,114
46094,114,77,38,76
46095,114,76,38,76
46096,39,19,9,30
46097,176,124,62,114
46098,176,125,62,114
46099,176,124,62,114
46100,39,19,9,30
46101,39,18,9,30
46102,176,125,62,114
46103,176,124,62,114
46104,39,19,9,30
46105,114,76,38,76
46106,39,19,9,30
46107,83,52,26,57
46108,101,67,33,68
46109,101,66,33,68
46110,101,67,33,68
46111,83,52,26,57
46112,145,101,50,95
46113,101,66,33,68
46114,39,19,9,30
46115,39,18,9,30
46116,57,33,16,41
46117,57,32,16,41
46118,57,33,16,41
46119,132,90,45,87
46120,145,101,50,95
46121,132,90,45,87
46122,145,101,50,95
46123,176,124,62,114
46124,57,33,16,41
46125,57,32,16,41
46126,57,33,16,41
46127,101,66,33,68
46128,145,101,50,95
46129,57,32,16,41
46130,57,33,16,41
46131,57,32,16,41
46132,145,101,50,95
46133,145,100,50,95
46134,176,125,62,114
46135,176,124,62,114
46136,57,33,16,41
46137,57,32,16,41
46138,57,33,16,41
46139,176,124,62,114
46140,57,33,16,41
46141,57,32,16,41
46142,114,77,38,76
46143,114,76,38,76
46144,52,29,14,38
46145,57,32,16,41
46146,57,33,16,41
46147,57,32,16,41
46148,145,101,50,95
46149,145,100,50,95
46150,145,101,50,95
46151,176,124,62,114
46152,176,125,62,114
46153,57,32,16,41
46154,176,125,62,114
46155,145,100,50,95
46156,176,125,62,114
46157,176,124,62,114
46158,57,33,16,41
46159,57,32,16,41
46160,52,29,14,38
46161,176,124,62,114
46162,114,77,38,76
46163,114,76,38,76
46164,52,29,14,38
46165,52,28,14,38
46166,145,101,50,95
46167,145,100,50,95
46168,145,101,50,95
46169,57,32,16,41
46170,145,101,50,95
46171,176,124,62,114
46172,145,101,50,95
46173,145,100,50,95
46174,176,125,62,114
46175,176,124,62,114
46176,52,29,14,38
46177,207,148,74,133
46178,57,33,16,41
46179,57,32,16,41
46180,57,33,16,41
46181,57,32,16,41
46182,57,33,16,41
46183,137,94,47,90
46184,52,29,14,38
46185,57,32,16,41
46186,52,29,14,38
46187,207,148,74,133
46188,176,125,62,114
46189,176,124,62,114
46190,176,125,62,114
46191,238,172,86,152
46192,132,91,45,87
46193,52,28,14,38
46194,57,33,16,41
46195,57,32,16,41
46196,132,91,45,87
46197,132,90,45,87
46198,145,101,50,95
46199,145,100,50,95
46200,132,91,45,87
46201,137,94,47,90
46202,132,91,45,87
46203,207,148,74,133
46204,145,101,50,95
46205,145,100,50,95
46206,145,101,50,95
46207,207,148,74,133
46208,52,29,14,38
46209,132,90,45,87
46210,145,101,50,95
46211,145,100,50,95
46212,145,101,50,95
46213,145,100,50,95
46214,145,101,50,95
46215,176,124,62,114
46216,145,101,50,95
46217,176,124,62,114
46218,145,101,50,95
46219,57,32,16,41
46220,145,101,50,95
46221,145,100,50,95
46222,57,33,16,41
46223,57,32,16,41
46224,145,101,50,95
46225,132,90,45,87
46226,132,91,45,87
46227,132,90,45,87
46228,145,101,50,95
46229,145,100,50,95
46230,145,101,50,95
46231,145,100,50,95
46232,145,101,50,95
46233,132,90,45,87
46234,145,101,50,95
46235,207,148,74,133
46236,132,91,45,87
46237,132,90,45,87
46238,132,91,45,87
46239,137,94,47,90
46240,52,29,14,38
46241,70,42,21,49
46242,70,43,21,49
46243,70,42,21,49
46244,70,43,21,49
46245,70,42,21,49
46246,70,43,21,49
46247,163,114,57,106
46248,52,29,14,38
46249,163,114,57,106
46250,52,29,14,38
46251,145,100,50,95
46252,145,101,50,95
46253,145,100,50,95
46254,145,101,50,95
46255,132,90,45,87
46256,52,29,14,38
46257,145,100,50,95
46258,145,101,50,95
46259,145,100,50,95
46260,52,29,14,38
46261,52,28,14,38
46262,163,115,57,106
46263,163,114,57,106
46264,52,29,14,38
46265,163,114,57,106
46266,52,29,14,38
46267,163,114,57,106
46268,132,91,45,87
46269,132,90,45,87
46270,132,91,45,87
46271,163,114,57,106
46272,52,29,14,38
46273,57,32,16,41
46274,57,33,16,41
46275,57,32,16,41
46276,83,53,26,57
46277,83,52,26,57
46278,83,53,26,57
46279,57,32,16,41
46280,83,53,26,57
46281,145,100,50,95
46282,83,53,26,57
46283,145,100,50,95
46284,83,53,26,57
46285,83,52,26,57
46286,137,95,47,90
46287,137,94,47,90
46288,52,29,14,38
46289,176,124,62,114
46290,176,125,62,114
46291,176,124,62,114
46292,52,29,14,38
46293,52,28,14,38
46294,145,101,50,95
46295,145,100,50,95
46296,83,53,26,57
46297,83,52,26,57
46298,83,53,26,57
46299,114,76,38,76
46300,83,53,26,57
46301,83,52,26,57
46302,114,77,38,76
46303,114,76,38,76
46304,57,33,16,41
46305,176,124,62,114
46306,52,29,14,38
46307,52,28,14,38
46308,114,77,38,76
46309,114,76,38,76
46310,114,77,38,76
46311,114,76,38,76
46312,57,33,16,41
46313,83,52,26,57
46314,57,33,16,41
46315,114,76,38,76
46316,52,29,14,38
46317,52,28,14,38
46318,52,29,14,38
46319,189,134,67,122
46320,57,33,16,41
46321,57,32,16,41
46322,145,101,50,95
46323,145,100,50,95
46324,57,33,16,41
46325,57,32,16,41
46326,114,77,38,76
46327,114,76,38,76
46328,114,77,38,76
46329,114,76,38,76
46330,114,77,38,76
46331,83,52,26,57
46332,114,77,38,76
46333,114,76,38,76
46334,114,77,38,76
46335,114,76,38,76
46336,26,9,4,22
46337,57,32,16,41
46338,163,115,57,106
46339,163,114,57,106
46340,52,29,14,38
46341,52,28,14,38
46342,52,29,14,38
46343,163,114,57,106
46344,57,33,16,41
46345,145,100,50,95
46346,57,33,16,41
46347,83,52,26,57
46348,57,33,16,41
46349,57,32,16,41
46350,57,33,16,41
46351,57,32,16,41
46352,145,101,50,95
46353,57,32,16,41
46354,57,33,16,41
46355,57,32,16,41
46356,145,101,50,95
46357,145,100,50,95
46358,57,33,16,41
46359,57,32,16,41
46360,145,101,50,95
46361,88,56,28,60
46362,145,101,50,95
46363,207,148,74,133
46364,88,57,28,60
46365,88,56,28,60
46366,88,57,28,60
46367,88,56,28,60
46368,145,101,50,95
46369,52,28,14,38
46370,189,135,67,122
46371,189,134,67,122
46372,189,135,67,122
46373,189,134,67,122
46374,189,135,67,122
46375,189,134,67,122
46376,145,101,50,95
46377,88,56,28,60
46378,145,101,50,95
46379,189,134,67,122
46380,145,101,50,95
46381,145,100,50,95
46382,145,101,50,95
46383,83,52,26,57
46384,145,101,50,95
46385,207,148,74,133
46386,207,149,74,133
46387,207,148,74,133
46388,145,101,50,95
46389,145,100,50,95
46390,132,91,45,87
46391,132,90,45,87
46392,207,149,74,133
46393,114,76,38,76
46394,207,149,74,133
46395,145,100,50,95
46396,207,149,74,133
46397,207,148,74,133
46398,207,149,74,133
46399,207,148,74,133
46400,26,9,4,22
46401,145,100,50,95
46402,83,53,26,57
46403,83,52,26,57
46404,83,53,26,57
46405,83,52,26,57
46406,83,53,26,57
46407,176,124,62,114
46408,83,53,26,57
46409,207,148,74,133
46410,83,53,26,57
46411,83,52,26,57
46412,83,53,26,57
46413,83,52,26,57
46414,88,57,28,60
46415,88,56,28,60
46416,26,9,4,22
46417,114,76,38,76
46418,114,77,38,76
46419,114,76,38,76
46420,26,9,4,22
46421,26,8,4,22
46422,176,125,62,114
46423,176,124,62,114
46424,176,125,62,114
46425,176,124,62,114
46426,176,125,62,114
46427,176,124,62,114
46428,176,125,62,114
46429,176,124,62,114
46430,176,125,62,114
46431,176,124,62,114
46432,145,101,50,95
46433,158,110,55,103
46434,145,101,50,95
46435,145,100,50,95
46436,145,101,50,95
46437,145,100,50,95
46438,145,101,50,95
46439,114,76,38,76
46440,145,101,50,95
46441,176,124,62,114
46442,145,101,50,95
46443,282,206,103,179
46444,145,101,50,95
46445,145,100,50,95
46446,145,101,50,95
46447,158,110,55,103
46448,145,101,50,95
46449,145,100,50,95
46450,145,101,50,95
46451,145,100,50,95
46452,145,101,50,95
46453,145,100,50,95
46454,57,33,16,41
46455,57,32,16,41
46456,114,77,38,76
46457,158,110,55,103
46458,114,77,38,76
46459,176,124,62,114
46460,114,77,38,76
46461,114,76,38,76
46462,57,33,16,41
46463,57,32,16,41
46464,52,29,14,38
46465,114,76,38,76
46466,145,101,50,95
46467,145,100,50,95
46468,145,101,50,95
46469,145,100,50,95
46470,145,101,50,95
46471,145,100,50,95
46472,52,29,14,38
46473,114,76,38,76
46474,52,29,14,38
46475,145,100,50,95
46476,52,29,14,38
46477,52,28,14,38
46478,176,125,62,114
46479,176,124,62,114
46480,52,29,14,38
46481,145,100,50,95
46482,145,101,50,95
46483,145,100,50,95
46484,52,29,14,38
46485,52,28,14,38
46486,114,77,38,76
46487,114,76,38,76
46488,52,29,14,38
46489,114,76,38,76
46490,52,29,14,38
46491,114,76,38,76
46492,163,115,57,106
46493,163,114,57,106
46494,163,115,57,106
46495,114,76,38,76
46496,52,29,14,38
46497,145,100,50,95
46498,176,125,62,114
46499,176,124,62,114
46500,176,125,62,114
46501,176,124,62,114
46502,176,125,62,114
46503,114,76,38,76
46504,52,29,14,38
46505,158,110,55,103
46506,52,29,14,38
46507,132,90,45,87
46508,176,125,62,114
46509,176,124,62,114
46510,176,125,62,114
46511,132,90,45,87
46512,145,101,50,95
46513,52,28,14,38
46514,52,29,14,38
46515,52,28,14,38
46516,145,101,50,95
46517,145,100,50,95
46518,158,111,55,103
46519,158,110,55,103
46520,145,101,50,95
46521,52,28,14,38
46522,145,101,50,95
46523,176,124,62,114
46524,176,125,62,114
46525,176,124,62,114
46526,176,125,62,114
46527,176,124,62,114
46528,52,29,14,38
46529,145,100,50,95
46530,114,77,38,76
46531,114,76,38,76
46532,52,29,14,38
46533,52,28,14,38
46534,52,29,14,38
46535,145,100,50,95
46536,145,101,50,95
46537,145,100,50,95
46538,145,101,50,95
46539,145,100,50,95
46540,145,101,50,95
46541,145,100,50,95
46542,114,77,38,76
46543,114,76,38,76
46544,52,29,14,38
46545,145,100,50,95
46546,83,53,26,57
46547,83,52,26,57
46548,52,29,14,38
46549,52,28,14,38
46550,83,53,26,57
46551,83,52,26,57
46552,145,101,50,95
46553,145,100,50,95
46554,145,101,50,95
46555,145,100,50,95
46556,145,101,50,95
46557,145,100,50,95
46558,119,81,40,79
46559,119,80,40,79
46560,145,101,50,95
46561,83,52,26,57
46562,52,29,14,38
46563,52,28,14,38
46564,132,91,45,87
46565,132,90,45,87
46566,132,91,45,87
46567,132,90,45,87
46568,145,101,50,95
46569,114,76,38,76
46570,145,101,50,95
46571,114,76,38,76
46572,57,33,16,41
46573,57,32,16,41
46574,57,33,16,41
46575,114,76,38,76
46576,145,101,50,95
46577,145,100,50,95
46578,57,33,16,41
46579,57,32,16,41
46580,145,101,50,95
46581,145,100,50,95
46582,114,77,38,76
46583,114,76,38,76
46584,145,101,50,95
46585,114,76,38,76
46586,145,101,50,95
46587,114,76,38,76
46588,145,101,50,95
46589,145,100,50,95
46590,114,77,38,76
46591,114,76,38,76
46592,101,67,33,68
46593,57,32,16,41
46594,145,101,50,95
46595,145,100,50,95
46596,145,101,50,95
46597,145,100,50,95
46598,145,101,50,95
46599,57,32,16,41
46600,52,29,14,38
46601,57,32,16,41
46602,52,29,14,38
46603,145,100,50,95
46604,52,29,14,38
46605,52,28,14,38
46606,114,77,38,76
46607,114,76,38,76
46608,114,77,38,76
46609,52,28,14,38
46610,176,125,62,114
46611,176,124,62,114
46612,114,77,38,76
46613,114,76,38,76
46614,57,33,16,41
46615,57,32,16,41
46616,114,77,38,76
46617,57,32,16,41
46618,114,77,38,76
46619,57,32,16,41
46620,52,29,14,38
46621,52,28,14,38
46622,52,29,14,38
46623,132,90,45,87
46624,39,19,9,30
46625,176,124,62,114
46626,114,77,38,76
46627,114,76,38,76
46628,114,77,38,76
46629,114,76,38,76
46630,114,77,38,76
46631,114,76,38,76
46632,39,19,9,30
46633,114,76,38,76
46634,39,19,9,30
46635,114,76,38,76
46636,114,77,38,76
46637,114,76,38,76
46638,114,77,38,76
46639,251,182,91,160
46640,39,19,9,30
46641,57,32,16,41
46642,57,33,16,41
46643,57,32,16,41
46644,39,19,9,30
46645,39,18,9,30
46646,158,111,55,103
46647,158,110,55,103
46648,52,29,14,38
46649,145,100,50,95
46650,52,29,14,38
46651,145,100,50,95
46652,52,29,14,38
46653,52,28,14,38
46654,145,101,50,95
46655,145,100,50,95
46656,39,19,9,30
46657,83,52,26,57
46658,83,53,26,57
46659,83,52,26,57
46660,83,53,26,57
46661,83,52,26,57
46662,83,53,26,57
46663,145,100,50,95
46664,83,53,26,57
46665,114,76,38,76
46666,83,53,26,57
46667,83,52,26,57
46668,83,53,26,57
46669,83,52,26,57
46670,207,149,74,133
46671,207,148,74,133
46672,39,19,9,30
46673,57,32,16,41
46674,57,33,16,41
46675,57,32,16,41
46676,39,19,9,30
46677,39,18,9,30
46678,83,53,26,57
46679,83,52,26,57
46680,83,53,26,57
46681,83,52,26,57
46682,83,53,26,57
46683,207,148,74,133
46684,83,53,26,57
46685,83,52,26,57
46686,57,33,16,41
46687,57,32,16,41
46688,39,19,9,30
46689,83,52,26,57
46690,83,53,26,57
46691,83,52,26,57
46692,83,53,26,57
46693,83,52,26,57
46694,83,53,26,57
46695,132,90,45,87
46696,39,19,9,30
46697,132,90,45,87
46698,39,19,9,30
46699,251,182,91,160
46700,83,53,26,57
46701,83,52,26,57
46702,83,53,26,57
46703,132,90,45,87
46704,220,159,79,141
46705,39,18,9,30
46706,207,149,74,133
46707,207,148,74,133
46708,220,159,79,141
46709,220,158,79,141
46710,220,159,79,141
46711,220,158,79,141
46712,220,159,79,141
46713,207,148,74,133
46714,220,159,79,141
46715,220,158,79,141
46716,83,53,26,57
46717,83,52,26,57
46718,83,53,26,57
46719,207,148,74,133
46720,101,67,33,68
46721,106,70,35,71
46722,39,19,9,30
46723,39,18,9,30
46724,70,43,21,49
46725,70,42,21,49
46726,70,43,21,49
46727,70,42,21,49
46728,83,53,26,57
46729,220,158,79,141
46730,83,53,26,57
46731,70,42,21,49
46732,83,53,26,57
46733,83,52,26,57
46734,70,43,21,49
46735,70,42,21,49
46736,83,53,26,57
46737,52,28,14,38
46738,52,29,14,38
46739,52,28,14,38
46740,83,53,26,57
46741,83,52,26,57
46742,83,53,26,57
46743,83,52,26,57
46744,83,53,26,57
46745,70,42,21,49
46746,83,53,26,57
46747,70,42,21,49
46748,70,43,21,49
46749,70,42,21,49
46750,70,43,21,49
46751,145,100,50,95
46752,101,67,33,68
46753,70,42,21,49
46754,83,53,26,57
46755,83,52,26,57
46756,83,53,26,57
46757,83,52,26,57
46758,83,53,26,57
46759,70,42,21,49
46760,101,67,33,68
46761,70,42,21,49
46762,101,67,33,68
46763,83,52,26,57
46764,106,71,35,71
46765,106,70,35,71
46766,106,71,35,71
46767,220,158,79,141
46768,145,101,50,95
46769,145,100,50,95
46770,145,101,50,95
46771,145,100,50,95
46772,145,101,50,95
46773,145,100,50,95
46774,83,53,26,57
46775,83,52,26,57
46776,145,101,50,95
46777,83,52,26,57
46778,145,101,50,95
46779,83,52,26,57
46780,83,53,26,57
46781,83,52,26,57
46782,83,53,26,57
46783,207,148,74,133
46784,145,101,50,95
46785,145,100,50,95
46786,220,159,79,141
46787,220,158,79,141
46788,145,101,50,95
46789,145,100,50,95
46790,145,101,50,95
46791,145,100,50,95
46792,145,101,50,95
46793,207,148,74,133
46794,145,101,50,95
46795,207,148,74,133
46796,145,101,50,95
46797,145,100,50,95
46798,83,53,26,57
46799,83,52,26,57
46800,145,101,50,95
46801,145,100,50,95
46802,145,101,50,95
46803,145,100,50,95
46804,145,101,50,95
46805,145,100,50,95
46806,145,101,50,95
46807,145,100,50,95
46808,145,101,50,95
46809,145,100,50,95
46810,145,101,50,95
46811,176,124,62,114
46812,145,101,50,95
46813,145,100,50,95
46814,176,125,62,114
46815,176,124,62,114
46816,145,101,50,95
46817,176,124,62,114
46818,145,101,50,95
46819,145,100,50,95
46820,145,101,50,95
46821,145,100,50,95
46822,145,101,50,95
46823,207,148,74,133
46824,145,101,50,95
46825,145,100,50,95
46826,145,101,50,95
46827,132,90,45,87
46828,145,101,50,95
46829,145,100,50,95
46830,145,101,50,95
46831,132,90,45,87
46832,176,125,62,114
46833,145,100,50,95
46834,106,71,35,71
46835,106,70,35,71
46836,176,125,62,114
46837,176,124,62,114
46838,176,125,62,114
46839,176,124,62,114
46840,176,125,62,114
46841,176,124,62,114
46842,176,125,62,114
46843,176,124,62,114
46844,83,53,26,57
46845,83,52,26,57
46846,83,53,26,57
46847,251,182,91,160
46848,101,67,33,68
46849,145,100,50,95
46850,176,125,62,114
46851,176,124,62,114
46852,145,101,50,95
46853,145,100,50,95
46854,145,101,50,95
46855,176,124,62,114
46856,145,101,50,95
46857,132,90,45,87
46858,145,101,50,95
46859,132,90,45,87
46860,145,101,50,95
46861,145,100,50,95
46862,145,101,50,95
46863,145,100,50,95
46864,101,67,33,68
46865,145,100,50,95
46866,106,71,35,71
46867,106,70,35,71
46868,101,67,33,68
46869,101,66,33,68
46870,251,183,91,160
46871,251,182,91,160
46872,101,67,33,68
46873,251,182,91,160
46874,101,67,33,68
46875,106,70,35,71
46876,145,101,50,95
46877,145,100,50,95
46878,145,101,50,95
46879,132,90,45,87
46880,39,19,9,30
46881,132,90,45,87
46882,132,91,45,87
46883,132,90,45,87
46884,132,91,45,87
46885,132,90,45,87
46886,132,91,45,87
46887,83,52,26,57
46888,39,19,9,30
46889,132,90,45,87
46890,39,19,9,30
46891,132,90,45,87
46892,132,91,45,87
46893,132,90,45,87
46894,132,91,45,87
46895,145,100,50,95
46896,39,19,9,30
46897,132,90,45,87
46898,132,91,45,87
46899,132,90,45,87
46900,39,19,9,30
46901,39,18,9,30
46902,132,91,45,87
46903,132,90,45,87
46904,132,91,45,87
46905,88,56,28,60
46906,132,91,45,87
46907,132,90,45,87
46908,132,91,45,87
46909,132,90,45,87
46910,132,91,45,87
46911,132,90,45,87
46912,101,67,33,68
46913,39,18,9,30
46914,251,183,91,160
46915,251,182,91,160
46916,39,19,9,30
46917,39,18,9,30
46918,39,19,9,30
46919,83,52,26,57
46920,106,71,35,71
46921,251,182,91,160
46922,106,71,35,71
46923,39,18,9,30
46924,106,71,35,71
46925,106,70,35,71
46926,132,91,45,87
46927,132,90,45,87
46928,101,67,33,68
46929,106,70,35,71
46930,145,101,50,95
46931,145,100,50,95
46932,101,67,33,68
46933,101,66,33,68
46934,145,101,50,95
46935,145,100,50,95
46936,83,53,26,57
46937,83,52,26,57
46938,83,53,26,57
46939,158,110,55,103
46940,83,53,26,57
46941,83,52,26,57
46942,83,53,26,57
46943,83,52,26,57
46944,145,101,50,95
46945,158,110,55,103
46946,145,101,50,95
46947,145,100,50,95
46948,145,101,50,95
46949,145,100,50,95
46950,145,101,50,95
46951,158,110,55,103
46952,145,101,50,95
46953,83,52,26,57
46954,145,101,50,95
46955,145,100,50,95
46956,52,29,14,38
46957,52,28,14,38
46958,52,29,14,38
46959,132,90,45,87
46960,145,101,50,95
46961,145,100,50,95
46962,52,29,14,38
46963,52,28,14,38
46964,145,101,50,95
46965,145,100,50,95
46966,52,29,14,38
46967,52,28,14,38
46968,83,53,26,57
46969,106,70,35,71
46970,83,53,26,57
46971,83,52,26,57
46972,83,53,26,57
46973,83,52,26,57
46974,132,91,45,87
46975,132,90,45,87
46976,52,29,14,38
46977,132,90,45,87
46978,83,53,26,57
46979,83,52,26,57
46980,83,53,26,57
46981,83,52,26,57
46982,83,53,26,57
46983,83,52,26,57
46984,101,67,33,68
46985,52,28,14,38
46986,101,67,33,68
46987,176,124,62,114
46988,101,67,33,68
46989,101,66,33,68
46990,176,125,62,114
46991,176,124,62,114
46992,57,33,16,41
46993,57,32,16,41
46994,57,33,16,41
46995,57,32,16,41
46996,57,33,16,41
46997,57,32,16,41
46998,145,101,50,95
46999,145,100,50,95
47000,57,33,16,41
47001,145,100,50,95
47002,57,33,16,41
47003,83,52,26,57
47004,57,33,16,41
47005,57,32,16,41
47006,57,33,16,41
47007,83,52,26,57
47008,52,29,14,38
47009,145,100,50,95
47010,57,33,16,41
47011,57,32,16,41
47012,57,33,16,41
47013,57,32,16,41
47014,57,33,16,41
47015,251,182,91,160
47016,52,29,14,38
47017,158,110,55,103
47018,52,29,14,38
47019,83,52,26,57
47020,158,111,55,103
47021,158,110,55,103
47022,158,111,55,103
47023,57,32,16,41
47024,83,53,26,57
47025,101,66,33,68
47026,101,67,33,68
47027,101,66,33,68
47028,83,53,26,57
47029,83,52,26,57
47030,57,33,16,41
47031,57,32,16,41
47032,83,53,26,57
47033,145,100,50,95
47034,83,53,26,57
47035,145,100,50,95
47036,83,53,26,57
47037,83,52,26,57
47038,83,53,26,57
47039,57,32,16,41
47040,52,29,14,38
47041,83,52,26,57
47042,145,101,50,95
47043,145,100,50,95
47044,52,29,14,38
47045,52,28,14,38
47046,52,29,14,38
47047,127,86,43,84
47048,52,29,14,38
47049,57,32,16,41
47050,52,29,14,38
47051,52,28,14,38
47052,52,29,14,38
47053,52,28,14,38
47054,83,53,26,57
47055,83,52,26,57
47056,52,29,14,38
47057,52,28,14,38
47058,282,207,103,179
47059,282,206,103,179
47060,52,29,14,38
47061,52,28,14,38
47062,145,101,50,95
47063,145,100,50,95
47064,145,101,50,95
47065,52,28,14,38
47066,145,101,50,95
47067,176,124,62,114
47068,145,101,50,95
47069,145,100,50,95
47070,158,111,55,103
47071,158,110,55,103
47072,176,125,62,114
47073,158,110,55,103
47074,52,29,14,38
47075,52,28,14,38
47076,127,87,43,84
47077,127,86,43,84
47078,127,87,43,84
47079,176,124,62,114
47080,176,125,62,114
47081,251,182,91,160
47082,176,125,62,114
47083,127,86,43,84
47084,127,87,43,84
47085,127,86,43,84
47086,127,87,43,84
47087,83,52,26,57
47088,176,125,62,114
47089,176,124,62,114
47090,132,91,45,87
47091,132,90,45,87
47092,176,125,62,114
47093,176,124,62,114
47094,57,33,16,41
47095,57,32,16,41
47096,127,87,43,84
47097,127,86,43,84
47098,127,87,43,84
47099,176,124,62,114
47100,127,87,43,84
47101,127,86,43,84
47102,127,87,43,84
47103,127,86,43,84
47104,26,9,4,22
47105,57,32,16,41
47106,83,53,26,57
47107,83,52,26,57
47108,83,53,26,57
47109,83,52,26,57
47110,83,53,26,57
47111,83,52,26,57
47112,101,67,33,68
47113,83,52,26,57
47114,101,67,33,68
47115,83,52,26,57
47116,101,67,33,68
47117,101,66,33,68
47118,83,53,26,57
47119,83,52,26,57
47120,83,53,26,57
47121,101,66,33,68
47122,83,53,26,57
47123,83,52,26,57
47124,83,53,26,57
47125,83,52,26,57
47126,101,67,33,68
47127,101,66,33,68
47128,83,53,26,57
47129,282,206,103,179
47130,83,53,26,57
47131,220,158,79,141
47132,83,53,26,57
47133,83,52,26,57
47134,83,53,26,57
47135,106,70,35,71
47136,101,67,33,68
47137,83,52,26,57
47138,83,53,26,57
47139,83,52,26,57
47140,83,53,26,57
47141,83,52,26,57
47142,83,53,26,57
47143,132,90,45,87
47144,101,67,33,68
47145,83,52,26,57
47146,101,67,33,68
47147,83,52,26,57
47148,83,53,26,57
47149,83,52,26,57
47150,83,53,26,57
47151,127,86,43,84
47152,101,67,33,68
47153,145,100,50,95
47154,145,101,50,95
47155,145,100,50,95
47156,101,67,33,68
47157,101,66,33,68
47158,127,87,43,84
47159,127,86,43,84
47160,83,53,26,57
47161,83,52,26,57
47162,83,53,26,57
47163,83,52,26,57
47164,83,53,26,57
47165,83,52,26,57
47166,83,53,26,57
47167,83,52,26,57
47168,145,101,50,95
47169,83,52,26,57
47170,83,53,26,57
47171,83,52,26,57
47172,101,67,33,68
47173,101,66,33,68
47174,101,67,33,68
47175,83,52,26,57
47176,83,53,26,57
47177,158,110,55,103
47178,83,53,26,57
47179,101,66,33,68
47180,83,53,26,57
47181,83,52,26,57
47182,83,53,26,57
47183,83,52,26,57
47184,145,101,50,95
47185,83,52,26,57
47186,83,53,26,57
47187,83,52,26,57
47188,145,101,50,95
47189,145,100,50,95
47190,101,67,33,68
47191,101,66,33,68
47192,52,29,14,38
47193,101,66,33,68
47194,52,29,14,38
47195,88,56,28,60
47196,52,29,14,38
47197,52,28,14,38
47198,176,125,62,114
47199,176,124,62,114
47200,145,101,50,95
47201,83,52,26,57
47202,52,29,14,38
47203,52,28,14,38
47204,52,29,14,38
47205,52,28,14,38
47206,52,29,14,38
47207,83,52,26,57
47208,145,101,50,95
47209,83,52,26,57
47210,145,101,50,95
47211,83,52,26,57
47212,83,53,26,57
47213,83,52,26,57
47214,83,53,26,57
47215,88,56,28,60
47216,101,67,33,68
47217,145,100,50,95
47218,52,29,14,38
47219,52,28,14,38
47220,101,67,33,68
47221,101,66,33,68
47222,83,53,26,57
47223,83,52,26,57
47224,101,67,33,68
47225,127,86,43,84
47226,101,67,33,68
47227,83,52,26,57
47228,83,53,26,57
47229,83,52,26,57
47230,83,53,26,57
47231,83,52,26,57
47232,26,9,4,22
47233,83,52,26,57
47234,114,77,38,76
47235,114,76,38,76
47236,114,77,38,76
47237,114,76,38,76
47238,114,77,38,76
47239,114,76,38,76
47240,145,101,50,95
47241,83,52,26,57
47242,145,101,50,95
47243,83,52,26,57
47244,145,101,50,95
47245,145,100,50,95
47246,83,53,26,57
47247,83,52,26,57
47248,127,87,43,84
47249,83,52,26,57
47250,83,53,26,57
47251,83,52,26,57
47252,127,87,43,84
47253,127,86,43,84
47254,145,101,50,95
47255,145,100,50,95
47256,127,87,43,84
47257,83,52,26,57
47258,127,87,43,84
47259,83,52,26,57
47260,101,67,33,68
47261,101,66,33,68
47262,101,67,33,68
47263,176,124,62,114
47264,26,9,4,22
47265,83,52,26,57
47266,127,87,43,84
47267,127,86,43,84
47268,83,53,26,57
47269,83,52,26,57
47270,83,53,26,57
47271,220,158,79,141
47272,26,9,4,22
47273,83,52,26,57
47274,26,9,4,22
47275,127,86,43,84
47276,145,101,50,95
47277,145,100,50,95
47278,145,101,50,95
47279,127,86,43,84
47280,145,101,50,95
47281,176,124,62,114
47282,176,125,62,114
47283,176,124,62,114
47284,145,101,50,95
47285,145,100,50,95
47286,83,53,26,57
47287,83,52,26,57
47288,145,101,50,95
47289,176,124,62,114
47290,145,101,50,95
47291,220,158,79,141
47292,114,77,38,76
47293,114,76,38,76
47294,114,77,38,76
47295,176,124,62,114
47296,26,9,4,22
47297,52,28,14,38
47298,52,29,14,38
47299,52,28,14,38
47300,83,53,26,57
47301,83,52,26,57
47302,83,53,26,57
47303,52,28,14,38
47304,83,53,26,57
47305,145,100,50,95
47306,83,53,26,57
47307,83,52,26,57
47308,83,53,26,57
47309,83,52,26,57
47310,251,183,91,160
47311,251,182,91,160
47312,26,9,4,22
47313,83,52,26,57
47314,83,53,26,57
47315,83,52,26,57
47316,26,9,4,22
47317,26,8,4,22
47318,83,53,26,57
47319,83,52,26,57
47320,176,125,62,114
47321,83,52,26,57
47322,176,125,62,114
47323,83,52,26,57
47324,176,125,62,114
47325,176,124,62,114
47326,83,53,26,57
47327,83,52,26,57
47328,101,67,33,68
47329,313,230,115,198
47330,26,9,4,22
47331,26,8,4,22
47332,101,67,33,68
47333,101,66,33,68
47334,101,67,33,68
47335,145,100,50,95
47336,101,67,33,68
47337,220,158,79,141
47338,101,67,33,68
47339,220,158,79,141
47340,176,125,62,114
47341,176,124,62,114
47342,176,125,62,114
47343,220,158,79,141
47344,101,67,33,68
47345,101,66,33,68
47346,176,125,62,114
47347,176,124,62,114
47348,101,67,33,68
47349,101,66,33,68
47350,176,125,62,114
47351,176,124,62,114
47352,176,125,62,114
47353,176,124,62,114
47354,176,125,62,114
47355,176,124,62,114
47356,176,125,62,114
47357,176,124,62,114
47358,176,125,62,114
47359,176,124,62,114
47360,52,29,14,38
47361,101,66,33,68
47362,176,125,62,114
47363,176,124,62,114
47364,189,135,67,122
47365,189,134,67,122
47366,189,135,67,122
47367,176,124,62,114
47368,189,135,67,122
47369,114,76,38,76
47370,189,135,67,122
47371,101,66,33,68
47372,189,135,67,122
47373,189,134,67,122
47374,83,53,26,57
47375,83,52,26,57
47376,39,19,9,30
47377,189,134,67,122
47378,83,53,26,57
47379,83,52,26,57
47380,39,19,9,30
47381,39,18,9,30
47382,75,47,23,52
47383,75,46,23,52
47384,39,19,9,30
47385,75,46,23,52
47386,39,19,9,30
47387,83,52,26,57
47388,75,47,23,52
47389,75,46,23,52
47390,75,47,23,52
47391,176,124,62,114
47392,39,19,9,30
47393,189,134,67,122
47394,101,67,33,68
47395,101,66,33,68
47396,101,67,33,68
47397,101,66,33,68
47398,101,67,33,68
47399,75,46,23,52
47400,39,19,9,30
47401,75,46,23,52
47402,39,19,9,30
47403,101,66,33,68
47404,39,19,9,30
47405,39,18,9,30
47406,39,19,9,30
47407,75,46,23,52
47408,39,19,9,30
47409,189,134,67,122
47410,189,135,67,122
47411,189,134,67,122
47412,39,19,9,30
47413,39,18,9,30
47414,83,53,26,57
47415,83,52,26,57
47416,75,47,23,52
47417,101,66,33,68
47418,75,47,23,52
47419,75,46,23,52
47420,75,47,23,52
47421,75,46,23,52
47422,176,125,62,114
47423,176,124,62,114
47424,52,29,14,38
47425,39,18,9,30
47426,176,125,62,114
47427,176,124,62,114
47428,189,135,67,122
47429,189,134,67,122
47430,189,135,67,122
47431,127,86,43,84
47432,189,135,67,122
47433,189,134,67,122
47434,189,135,67,122
47435,189,134,67,122
47436,189,135,67,122
47437,189,134,67,122
47438,83,53,26,57
47439,83,52,26,57
47440,52,29,14,38
47441,75,46,23,52
47442,75,47,23,52
47443,75,46,23,52
47444,52,29,14,38
47445,52,28,14,38
47446,176,125,62,114
47447,176,124,62,114
47448,39,19,9,30
47449,176,124,62,114
47450,39,19,9,30
47451,176,124,62,114
47452,39,19,9,30
47453,39,18,9,30
47454,114,77,38,76
47455,114,76,38,76
47456,145,101,50,95
47457,176,124,62,114
47458,75,47,23,52
47459,75,46,23,52
47460,75,47,23,52
47461,75,46,23,52
47462,75,47,23,52
47463,176,124,62,114
47464,145,101,50,95
47465,39,18,9,30
47466,145,101,50,95
47467,145,100,50,95
47468,75,47,23,52
47469,75,46,23,52
47470,75,47,23,52
47471,75,46,23,52
47472,145,101,50,95
47473,145,100,50,95
47474,75,47,23,52
47475,75,46,23,52
47476,145,101,50,95
47477,145,100,50,95
47478,75,47,23,52
47479,75,46,23,52
47480,101,67,33,68
47481,176,124,62,114
47482,101,67,33,68
47483,75,46,23,52
47484,101,67,33,68
47485,101,66,33,68
47486,220,159,79,141
47487,220,158,79,141
47488,52,29,14,38
47489,101,66,33,68
47490,101,67,33,68
47491,101,66,33,68
47492,101,67,33,68
47493,101,66,33,68
47494,101,67,33,68
47495,101,66,33,68
47496,145,101,50,95
47497,75,46,23,52
47498,145,101,50,95
47499,75,46,23,52
47500,145,101,50,95
47501,145,100,50,95
47502,220,159,79,141
47503,220,158,79,141
47504,145,101,50,95
47505,101,66,33,68
47506,101,67,33,68
47507,101,66,33,68
47508,145,101,50,95
47509,145,100,50,95
47510,101,67,33,68
47511,101,66,33,68
47512,145,101,50,95
47513,101,66,33,68
47514,145,101,50,95
47515,75,46,23,52
47516,75,47,23,52
47517,75,46,23,52
47518,75,47,23,52
47519,75,46,23,52
47520,52,29,14,38
47521,83,52,26,57
47522,101,67,33,68
47523,101,66,33,68
47524,101,67,33,68
47525,101,66,33,68
47526,101,67,33,68
47527,101,66,33,68
47528,52,29,14,38
47529,176,124,62,114
47530,52,29,14,38
47531,282,206,103,179
47532,101,67,33,68
47533,101,66,33,68
47534,101,67,33,68
47535,101,66,33,68
47536,52,29,14,38
47537,52,28,14,38
47538,52,29,14,38
47539,52,28,14,38
47540,52,29,14,38
47541,52,28,14,38
47542,57,33,16,41
47543,57,32,16,41
47544,52,29,14,38
47545,52,28,14,38
47546,52,29,14,38
47547,127,86,43,84
47548,57,33,16,41
47549,57,32,16,41
47550,57,33,16,41
47551,114,76,38,76
47552,101,67,33,68
47553,57,32,16,41
47554,57,33,16,41
47555,57,32,16,41
47556,52,29,14,38
47557,52,28,14,38
47558,52,29,14,38
47559,57,32,16,41
47560,52,29,14,38
47561,101,66,33,68
47562,52,29,14,38
47563,52,28,14,38
47564,52,29,14,38
47565,52,28,14,38
47566,220,159,79,141
47567,220,158,79,141
47568,101,67,33,68
47569,52,28,14,38
47570,220,159,79,141
47571,220,158,79,141
47572,101,67,33,68
47573,101,66,33,68
47574,57,33,16,41
47575,57,32,16,41
47576,145,101,50,95
47577,145,100,50,95
47578,145,101,50,95
47579,163,114,57,106
47580,145,101,50,95
47581,145,100,50,95
47582,127,87,43,84
47583,127,86,43,84
47584,101,67,33,68
47585,101,66,33,68
47586,101,67,33,68
47587,101,66,33,68
47588,75,47,23,52
47589,75,46,23,52
47590,75,47,23,52
47591,127,86,43,84
47592,101,67,33,68
47593,127,86,43,84
47594,101,67,33,68
47595,127,86,43,84
47596,145,101,50,95
47597,145,100,50,95
47598,145,101,50,95
47599,127,86,43,84
47600,52,29,14,38
47601,101,66,33,68
47602,75,47,23,52
47603,75,46,23,52
47604,52,29,14,38
47605,52,28,14,38
47606,83,53,26,57
47607,83,52,26,57
47608,52,29,14,38
47609,127,86,43,84
47610,52,29,14,38
47611,52,28,14,38
47612,127,87,43,84
47613,127,86,43,84
47614,127,87,43,84
47615,220,158,79,141
47616,26,9,4,22
47617,127,86,43,84
47618,101,67,33,68
47619,101,66,33,68
47620,101,67,33,68
47621,101,66,33,68
47622,101,67,33,68
47623,52,28,14,38
47624,52,29,14,38
47625,101,66,33,68
47626,52,29,14,38
47627,101,66,33,68
47628,52,29,14,38
47629,52,28,14,38
47630,101,67,33,68
47631,101,66,33,68
47632,145,101,50,95
47633,52,28,14,38
47634,101,67,33,68
47635,101,66,33,68
47636,145,101,50,95
47637,145,100,50,95
47638,145,101,50,95
47639,145,100,50,95
47640,145,101,50,95
47641,145,100,50,95
47642,145,101,50,95
47643,101,66,33,68
47644,127,87,43,84
47645,127,86,43,84
47646,127,87,43,84
47647,75,46,23,52
47648,52,29,14,38
47649,127,86,43,84
47650,145,101,50,95
47651,145,100,50,95
47652,114,77,38,76
47653,114,76,38,76
47654,114,77,38,76
47655,127,86,43,84
47656,52,29,14,38
47657,127,86,43,84
47658,52,29,14,38
47659,145,100,50,95
47660,145,101,50,95
47661,145,100,50,95
47662,145,101,50,95
47663,75,46,23,52
47664,52,29,14,38
47665,101,66,33,68
47666,101,67,33,68
47667,101,66,33,68
47668,52,29,14,38
47669,52,28,14,38
47670,101,67,33,68
47671,101,66,33,68
47672,127,87,43,84
47673,127,86,43,84
47674,127,87,43,84
47675,127,86,43,84
47676,127,87,43,84
47677,127,86,43,84
47678,127,87,43,84
47679,127,86,43,84
47680,96,63,31,65
47681,52,28,14,38
47682,52,29,14,38
47683,52,28,14,38
47684,52,29,14,38
47685,52,28,14,38
47686,52,29,14,38
47687,158,110,55,103
47688,52,29,14,38
47689,145,100,50,95
47690,52,29,14,38
47691,52,28,14,38
47692,52,29,14,38
47693,52,28,14,38
47694,83,53,26,57
47695,83,52,26,57
47696,96,63,31,65
47697,158,110,55,103
47698,158,111,55,103
47699,158,110,55,103
47700,96,63,31,65
47701,96,62,31,65
47702,127,87,43,84
47703,127,86,43,84
47704,52,29,14,38
47705,127,86,43,84
47706,52,29,14,38
47707,127,86,43,84
47708,52,29,14,38
47709,52,28,14,38
47710,127,87,43,84
47711,127,86,43,84
47712,96,63,31,65
47713,127,86,43,84
47714,101,67,33,68
47715,101,66,33,68
47716,101,67,33,68
47717,101,66,33,68
47718,101,67,33,68
47719,127,86,43,84
47720,96,63,31,65
47721,127,86,43,84
47722,96,63,31,65
47723,52,28,14,38
47724,220,159,79,141
47725,220,158,79,141
47726,220,159,79,141
47727,220,158,79,141
47728,145,101,50,95
47729,96,62,31,65
47730,127,87,43,84
47731,127,86,43,84
47732,145,101,50,95
47733,145,100,50,95
47734,52,29,14,38
47735,52,28,14,38
47736,145,101,50,95
47737,101,66,33,68
47738,145,101,50,95
47739,145,100,50,95
47740,101,67,33,68
47741,101,66,33,68
47742,101,67,33,68
47743,220,158,79,141
47744,26,9,4,22
47745,101,66,33,68
47746,96,63,31,65
47747,96,62,31,65
47748,145,101,50,95
47749,145,100,50,95
47750,145,101,50,95
47751,145,100,50,95
47752,96,63,31,65
47753,145,100,50,95
47754,96,63,31,65
47755,145,100,50,95
47756,96,63,31,65
47757,96,62,31,65
47758,220,159,79,141
47759,220,158,79,141
47760,145,101,50,95
47761,101,66,33,68
47762,101,67,33,68
47763,101,66,33,68
47764,145,101,50,95
47765,145,100,50,95
47766,96,63,31,65
47767,96,62,31,65
47768,145,101,50,95
47769,101,66,33,68
47770,145,101,50,95
47771,189,134,67,122
47772,101,67,33,68
47773,101,66,33,68
47774,101,67,33,68
47775,101,66,33,68
47776,26,9,4,22
47777,132,90,45,87
47778,145,101,50,95
47779,145,100,50,95
47780,251,183,91,160
47781,251,182,91,160
47782,251,183,91,160
47783,75,46,23,52
47784,26,9,4,22
47785,251,182,91,160
47786,26,9,4,22
47787,101,66,33,68
47788,96,63,31,65
47789,96,62,31,65
47790,96,63,31,65
47791,96,62,31,65
47792,52,29,14,38
47793,52,28,14,38
47794,52,29,14,38
47795,52,28,14,38
47796,52,29,14,38
47797,52,28,14,38
47798,96,63,31,65
47799,96,62,31,65
47800,52,29,14,38
47801,52,28,14,38
47802,52,29,14,38
47803,96,62,31,65
47804,96,63,31,65
47805,96,62,31,65
47806,96,63,31,65
47807,145,100,50,95
47808,52,29,14,38
47809,52,28,14,38
47810,220,159,79,141
47811,220,158,79,141
47812,52,29,14,38
47813,52,28,14,38
47814,52,29,14,38
47815,220,158,79,141
47816,52,29,14,38
47817,52,28,14,38
47818,52,29,14,38
47819,233,168,84,149
47820,52,29,14,38
47821,52,28,14,38
47822,176,125,62,114
47823,176,124,62,114
47824,52,29,14,38
47825,145,100,50,95
47826,145,101,50,95
47827,145,100,50,95
47828,52,29,14,38
47829,52,28,14,38
47830,145,101,50,95
47831,145,100,50,95
47832,57,33,16,41
47833,52,28,14,38
47834,57,33,16,41
47835,114,76,38,76
47836,57,33,16,41
47837,57,32,16,41
47838,57,33,16,41
47839,57,32,16,41
47840,52,29,14,38
47841,176,124,62,114
47842,52,29,14,38
47843,52,28,14,38
47844,145,101,50,95
47845,145,100,50,95
47846,145,101,50,95
47847,176,124,62,114
47848,52,29,14,38
47849,57,32,16,41
47850,52,29,14,38
47851,176,124,62,114
47852,145,101,50,95
47853,145,100,50,95
47854,145,101,50,95
47855,189,134,67,122
47856,52,29,14,38
47857,52,28,14,38
47858,158,111,55,103
47859,158,110,55,103
47860,52,29,14,38
47861,52,28,14,38
47862,176,125,62,114
47863,176,124,62,114
47864,52,29,14,38
47865,176,124,62,114
47866,52,29,14,38
47867,158,110,55,103
47868,145,101,50,95
47869,145,100,50,95
47870,145,101,50,95
47871,158,110,55,103
47872,52,29,14,38
47873,96,62,31,65
47874,96,63,31,65
47875,96,62,31,65
47876,52,29,14,38
47877,52,28,14,38
47878,52,29,14,38
47879,57,32,16,41
47880,96,63,31,65
47881,220,158,79,141
47882,96,63,31,65
47883,96,62,31,65
47884,96,63,31,65
47885,96,62,31,65
47886,52,29,14,38
47887,52,28,14,38
47888,52,29,14,38
47889,96,62,31,65
47890,96,63,31,65
47891,96,62,31,65
47892,52,29,14,38
47893,52,28,14,38
47894,96,63,31,65
47895,96,62,31,65
47896,52,29,14,38
47897,96,62,31,65
47898,52,29,14,38
47899,96,62,31,65
47900,52,29,14,38
47901,52,28,14,38
47902,52,29,14,38
47903,220,158,79,141
47904,52,29,14,38
47905,145,100,50,95
47906,189,135,67,122
47907,189,134,67,122
47908,189,135,67,122
47909,189,134,67,122
47910,189,135,67,122
47911,189,134,67,122
47912,52,29,14,38
47913,189,134,67,122
47914,52,29,14,38
47915,96,62,31,65
47916,189,135,67,122
47917,189,134,67,122
47918,189,135,67,122
47919,96,62,31,65
47920,52,29,14,38
47921,189,134,67,122
47922,189,135,67,122
47923,189,134,67,122
47924,52,29,14,38
47925,52,28,14,38
47926,96,63,31,65
47927,96,62,31,65
47928,96,63,31,65
47929,96,62,31,65
47930,96,63,31,65
47931,96,62,31,65
47932,96,63,31,65
47933,96,62,31,65
47934,101,67,33,68
47935,101,66,33,68
47936,52,29,14,38
47937,52,28,14,38
47938,52,29,14,38
47939,52,28,14,38
47940,83,53,26,57
47941,83,52,26,57
47942,83,53,26,57
47943,189,134,67,122
47944,83,53,26,57
47945,145,100,50,95
47946,83,53,26,57
47947,83,52,26,57
47948,83,53,26,57
47949,83,52,26,57
47950,145,101,50,95
47951,145,100,50,95
47952,52,29,14,38
47953,145,100,50,95
47954,145,101,50,95
47955,145,100,50,95
47956,52,29,14,38
47957,52,28,14,38
47958,220,159,79,141
47959,220,158,79,141
47960,83,53,26,57
47961,83,52,26,57
47962,83,53,26,57
47963,189,134,67,122
47964,83,53,26,57
47965,83,52,26,57
47966,189,135,67,122
47967,189,134,67,122
47968,52,29,14,38
47969,96,62,31,65
47970,52,29,14,38
47971,52,28,14,38
47972,52,29,14,38
47973,52,28,14,38
47974,52,29,14,38
47975,158,110,55,103
47976,52,29,14,38
47977,145,100,50,95
47978,52,29,14,38
47979,83,52,26,57
47980,189,135,67,122
47981,189,134,67,122
47982,189,135,67,122
47983,220,158,79,141
47984,52,29,14,38
47985,52,28,14,38
47986,52,29,14,38
47987,52,28,14,38
47988,52,29,14,38
47989,52,28,14,38
47990,189,135,67,122
47991,189,134,67,122
47992,189,135,67,122
47993,96,62,31,65
47994,189,135,67,122
47995,251,182,91,160
47996,189,135,67,122
47997,189,134,67,122
47998,96,63,31,65
47999,96,62,31,65
48000,52,29,14,38
48001,220,158,79,141
48002,145,101,50,95
48003,145,100,50,95
48004,145,101,50,95
48005,145,100,50,95
48006,145,101,50,95
48007,145,100,50,95
48008,52,29,14,38
48009,101,66,33,68
48010,52,29,14,38
48011,181,128,64,117
48012,52,29,14,38
48013,52,28,14,38
48014,83,53,26,57
48015,83,52,26,57
48016,44,23,11,33
48017,83,52,26,57
48018,83,53,26,57
48019,83,52,26,57
48020,44,23,11,33
48021,44,22,11,33
48022,83,53,26,57
48023,83,52,26,57
48024,44,23,11,33
48025,83,52,26,57
48026,44,23,11,33
48027,83,52,26,57
48028,70,43,21,49
48029,70,42,21,49
48030,70,43,21,49
48031,70,42,21,49
48032,52,29,14,38
48033,70,42,21,49
48034,44,23,11,33
48035,44,22,11,33
48036,83,53,26,57
48037,83,52,26,57
48038,83,53,26,57
48039,70,42,21,49
48040,52,29,14,38
48041,251,182,91,160
48042,52,29,14,38
48043,96,62,31,65
48044,44,23,11,33
48045,44,22,11,33
48046,44,23,11,33
48047,44,22,11,33
48048,44,23,11,33
48049,44,22,11,33
48050,44,23,11,33
48051,44,22,11,33
48052,44,23,11,33
48053,44,22,11,33
48054,44,23,11,33
48055,44,22,11,33
48056,44,23,11,33
48057,44,22,11,33
48058,44,23,11,33
48059,44,22,11,33
48060,96,63,31,65
48061,96,62,31,65
48062,96,63,31,65
48063,96,62,31,65
48064,145,101,50,95
48065,70,42,21,49
48066,70,43,21,49
48067,70,42,21,49
48068,52,29,14,38
48069,52,28,14,38
48070,52,29,14,38
48071,70,42,21,49
48072,96,63,31,65
48073,83,52,26,57
48074,96,63,31,65
48075,96,62,31,65
48076,96,63,31,65
48077,96,62,31,65
48078,96,63,31,65
48079,96,62,31,65
48080,145,101,50,95
48081,96,62,31,65
48082,96,63,31,65
48083,96,62,31,65
48084,145,101,50,95
48085,145,100,50,95
48086,127,87,43,84
48087,127,86,43,84
48088,44,23,11,33
48089,52,28,14,38
48090,44,23,11,33
48091,96,62,31,65
48092,44,23,11,33
48093,44,22,11,33
48094,96,63,31,65
48095,96,62,31,65
48096,145,101,50,95
48097,181,128,64,117
48098,145,101,50,95
48099,145,100,50,95
48100,44,23,11,33
48101,44,22,11,33
48102,44,23,11,33
48103,44,22,11,33
48104,145,101,50,95
48105,96,62,31,65
48106,145,101,50,95
48107,83,52,26,57
48108,145,101,50,95
48109,145,100,50,95
48110,145,101,50,95
48111,70,42,21,49
48112,158,111,55,103
48113,145,100,50,95
48114,44,23,11,33
48115,44,22,11,33
48116,158,111,55,103
48117,158,110,55,103
48118,96,63,31,65
48119,96,62,31,65
48120,158,111,55,103
48121,127,86,43,84
48122,158,111,55,103
48123,70,42,21,49
48124,101,67,33,68
48125,101,66,33,68
48126,101,67,33,68
48127,101,66,33,68
48128,114,77,38,76
48129,145,100,50,95
48130,70,43,21,49
48131,70,42,21,49
48132,52,29,14,38
48133,52,28,14,38
48134,52,29,14,38
48135,70,42,21,49
48136,189,135,67,122
48137,70,42,21,49
48138,189,135,67,122
48139,52,28,14,38
48140,189,135,67,122
48141,189,134,67,122
48142,96,63,31,65
48143,96,62,31,65
48144,44,23,11,33
48145,189,134,67,122
48146,189,135,67,122
48147,189,134,67,122
48148,44,23,11,33
48149,44,22,11,33
48150,189,135,67,122
48151,189,134,67,122
48152,44,23,11,33
48153,101,66,33,68
48154,44,23,11,33
48155,101,66,33,68
48156,189,135,67,122
48157,189,134,67,122
48158,189,135,67,122
48159,189,134,67,122
48160,44,23,11,33
48161,189,134,67,122
48162,44,23,11,33
48163,44,22,11,33
48164,189,135,67,122
48165,189,134,67,122
48166,189,135,67,122
48167,189,134,67,122
48168,44,23,11,33
48169,189,134,67,122
48170,44,23,11,33
48171,52,28,14,38
48172,52,29,14,38
48173,52,28,14,38
48174,52,29,14,38
48175,145,100,50,95
48176,44,23,11,33
48177,52,28,14,38
48178,52,29,14,38
48179,52,28,14,38
48180,44,23,11,33
48181,44,22,11,33
48182,251,183,91,160
48183,251,182,91,160
48184,44,23,11,33
48185,83,52,26,57
48186,44,23,11,33
48187,83,52,26,57
48188,44,23,11,33
48189,44,22,11,33
48190,233,169,84,149
48191,233,168,84,149
48192,26,9,4,22
48193,96,62,31,65
48194,96,63,31,65
48195,96,62,31,65
48196,44,23,11,33
48197,44,22,11,33
48198,44,23,11,33
48199,96,62,31,65
48200,96,63,31,65
48201,189,134,67,122
48202,96,63,31,65
48203,44,22,11,33
48204,96,63,31,65
48205,96,62,31,65
48206,44,23,11,33
48207,44,22,11,33
48208,26,9,4,22
48209,96,62,31,65
48210,189,135,67,122
48211,189,134,67,122
48212,26,9,4,22
48213,26,8,4,22
48214,44,23,11,33
48215,44,22,11,33
48216,189,135,67,122
48217,96,62,31,65
48218,189,135,67,122
48219,127,86,43,84
48220,189,135,67,122
48221,189,134,67,122
48222,127,87,43,84
48223,127,86,43,84
48224,26,9,4,22
48225,96,62,31,65
48226,189,135,67,122
48227,189,134,67,122
48228,189,135,67,122
48229,189,134,67,122
48230,189,135,67,122
48231,127,86,43,84
48232,26,9,4,22
48233,96,62,31,65
48234,26,9,4,22
48235,132,90,45,87
48236,189,135,67,122
48237,189,134,67,122
48238,189,135,67,122
48239,70,42,21,49
48240,96,63,31,65
48241,26,8,4,22
48242,145,101,50,95
48243,145,100,50,95
48244,96,63,31,65
48245,96,62,31,65
48246,44,23,11,33
48247,44,22,11,33
48248,96,63,31,65
48249,145,100,50,95
48250,96,63,31,65
48251,44,22,11,33
48252,145,101,50,95
48253,145,100,50,95
48254,145,101,50,95
48255,189,134,67,122
48256,70,43,21,49
48257,44,22,11,33
48258,52,29,14,38
48259,52,28,14,38
48260,52,29,14,38
48261,52,28,14,38
48262,52,29,14,38
48263,96,62,31,65
48264,44,23,11,33
48265,189,134,67,122
48266,44,23,11,33
48267,96,62,31,65
48268,44,23,11,33
48269,44,22,11,33
48270,158,111,55,103
48271,158,110,55,103
48272,44,23,11,33
48273,96,62,31,65
48274,96,63,31,65
48275,96,62,31,65
48276,44,23,11,33
48277,44,22,11,33
48278,44,23,11,33
48279,44,22,11,33
48280,44,23,11,33
48281,44,22,11,33
48282,44,23,11,33
48283,96,62,31,65
48284,44,23,11,33
48285,44,22,11,33
48286,44,23,11,33
48287,145,100,50,95
48288,70,43,21,49
48289,44,22,11,33
48290,44,23,11,33
48291,44,22,11,33
48292,44,23,11,33
48293,44,22,11,33
48294,44,23,11,33
48295,158,110,55,103
48296,70,43,21,49
48297,44,22,11,33
48298,70,43,21,49
48299,44,22,11,33
48300,44,23,11,33
48301,44,22,11,33
48302,44,23,11,33
48303,96,62,31,65
48304,70,43,21,49
48305,83,52,26,57
48306,83,53,26,57
48307,83,52,26,57
48308,70,43,21,49
48309,70,42,21,49
48310,83,53,26,57
48311,83,52,26,57
48312,70,43,21,49
48313,83,52,26,57
48314,70,43,21,49
48315,207,148,74,133
48316,44,23,11,33
48317,44,22,11,33
48318,44,23,11,33
48319,220,158,79,141
48320,70,43,21,49
48321,44,22,11,33
48322,44,23,11,33
48323,44,22,11,33
48324,70,43,21,49
48325,70,42,21,49
48326,70,43,21,49
48327,83,52,26,57
48328,70,43,21,49
48329,189,134,67,122
48330,70,43,21,49
48331,189,134,67,122
48332,70,43,21,49
48333,70,42,21,49
48334,145,101,50,95
48335,145,100,50,95
48336,70,43,21,49
48337,96,62,31,65
48338,96,63,31,65
48339,96,62,31,65
48340,70,43,21,49
48341,70,42,21,49
48342,96,63,31,65
48343,96,62,31,65
48344,127,87,43,84
48345,127,86,43,84
48346,127,87,43,84
48347,127,86,43,84
48348,127,87,43,84
48349,127,86,43,84
48350,83,53,26,57
48351,83,52,26,57
48352,96,63,31,65
48353,127,86,43,84
48354,70,43,21,49
48355,70,42,21,49
48356,52,29,14,38
48357,52,28,14,38
48358,52,29,14,38
48359,127,86,43,84
48360,96,63,31,65
48361,189,134,67,122
48362,96,63,31,65
48363,158,110,55,103
48364,96,63,31,65
48365,96,62,31,65
48366,96,63,31,65
48367,189,134,67,122
48368,96,63,31,65
48369,96,62,31,65
48370,189,135,67,122
48371,189,134,67,122
48372,96,63,31,65
48373,96,62,31,65
48374,96,63,31,65
48375,96,62,31,65
48376,96,63,31,65
48377,96,62,31,65
48378,96,63,31,65
48379,189,134,67,122
48380,96,63,31,65
48381,96,62,31,65
48382,189,135,67,122
48383,189,134,67,122
48384,114,77,38,76
48385,96,62,31,65
48386,96,63,31,65
48387,96,62,31,65
48388,70,43,21,49
48389,70,42,21,49
48390,70,43,21,49
48391,176,124,62,114
48392,70,43,21,49
48393,96,62,31,65
48394,70,43,21,49
48395,96,62,31,65
48396,70,43,21,49
48397,70,42,21,49
48398,96,63,31,65
48399,96,62,31,65
48400,70,43,21,49
48401,70,42,21,49
48402,189,135,67,122
48403,189,134,67,122
48404,70,43,21,49
48405,70,42,21,49
48406,70,43,21,49
48407,70,42,21,49
48408,70,43,21,49
48409,96,62,31,65
48410,70,43,21,49
48411,83,52,26,57
48412,189,135,67,122
48413,189,134,67,122
48414,189,135,67,122
48415,189,134,67,122
48416,70,43,21,49
48417,189,134,67,122
48418,189,135,67,122
48419,189,134,67,122
48420,189,135,67,122
48421,189,134,67,122
48422,189,135,67,122
48423,52,28,14,38
48424,70,43,21,49
48425,101,66,33,68
48426,70,43,21,49
48427,158,110,55,103
48428,70,43,21,49
48429,70,42,21,49
48430,70,43,21,49
48431,83,52,26,57
48432,70,43,21,49
48433,101,66,33,68
48434,101,67,33,68
48435,101,66,33,68
48436,70,43,21,49
48437,70,42,21,49
48438,220,159,79,141
48439,220,158,79,141
48440,96,63,31,65
48441,158,110,55,103
48442,96,63,31,65
48443,70,42,21,49
48444,96,63,31,65
48445,96,62,31,65
48446,101,67,33,68
48447,101,66,33,68
48448,114,77,38,76
48449,70,42,21,49
48450,70,43,21,49
48451,70,42,21,49
48452,70,43,21,49
48453,70,42,21,49
48454,70,43,21,49
48455,96,62,31,65
48456,189,135,67,122
48457,158,110,55,103
48458,189,135,67,122
48459,70,42,21,49
48460,189,135,67,122
48461,189,134,67,122
48462,70,43,21,49
48463,70,42,21,49
48464,114,77,38,76
48465,189,134,67,122
48466,101,67,33,68
48467,101,66,33,68
48468,114,77,38,76
48469,114,76,38,76
48470,251,183,91,160
48471,251,182,91,160
48472,145,101,50,95
48473,70,42,21,49
48474,145,101,50,95
48475,251,182,91,160
48476,145,101,50,95
48477,145,100,50,95
48478,189,135,67,122
48479,189,134,67,122
48480,145,101,50,95
48481,70,42,21,49
48482,145,101,50,95
48483,145,100,50,95
48484,145,101,50,95
48485,145,100,50,95
48486,145,101,50,95
48487,189,134,67,122
48488,145,101,50,95
48489,145,100,50,95
48490,145,101,50,95
48491,83,52,26,57
48492,83,53,26,57
48493,83,52,26,57
48494,83,53,26,57
48495,145,100,50,95
48496,145,101,50,95
48497,145,100,50,95
48498,70,43,21,49
48499,70,42,21,49
48500,145,101,50,95
48501,145,100,50,95
48502,70,43,21,49
48503,70,42,21,49
48504,145,101,50,95
48505,145,100,50,95
48506,145,101,50,95
48507,70,42,21,49
48508,145,101,50,95
48509,145,100,50,95
48510,83,53,26,57
48511,83,52,26,57
48512,65,39,19,46
48513,189,134,67,122
48514,145,101,50,95
48515,145,100,50,95
48516,127,87,43,84
48517,127,86,43,84
48518,127,87,43,84
48519,145,100,50,95
48520,26,9,4,22
48521,145,100,50,95
48522,26,9,4,22
48523,127,86,43,84
48524,26,9,4,22
48525,26,8,4,22
48526,145,101,50,95
48527,145,100,50,95
48528,26,9,4,22
48529,127,86,43,84
48530,127,87,43,84
48531,127,86,43,84
48532,26,9,4,22
48533,26,8,4,22
48534,127,87,43,84
48535,127,86,43,84
48536,26,9,4,22
48537,127,86,43,84
48538,26,9,4,22
48539,189,134,67,122
48540,251,183,91,160
48541,251,182,91,160
48542,251,183,91,160
48543,127,86,43,84
48544,65,39,19,46
48545,189,134,67,122
48546,189,135,67,122
48547,189,134,67,122
48548,189,135,67,122
48549,189,134,67,122
48550,189,135,67,122
48551,189,134,67,122
48552,65,39,19,46
48553,189,134,67,122
48554,65,39,19,46
48555,189,134,67,122
48556,52,29,14,38
48557,52,28,14,38
48558,52,29,14,38
48559,127,86,43,84
48560,158,111,55,103
48561,158,110,55,103
48562,158,111,55,103
48563,158,110,55,103
48564,158,111,55,103
48565,158,110,55,103
48566,189,135,67,122
48567,189,134,67,122
48568,158,111,55,103
48569,158,110,55,103
48570,158,111,55,103
48571,52,28,14,38
48572,114,77,38,76
48573,114,76,38,76
48574,114,77,38,76
48575,96,62,31,65
48576,65,39,19,46
48577,52,28,14,38
48578,52,29,14,38
48579,52,28,14,38
48580,65,39,19,46
48581,65,38,19,46
48582,65,39,19,46
48583,70,42,21,49
48584,65,39,19,46
48585,158,110,55,103
48586,65,39,19,46
48587,70,42,21,49
48588,65,39,19,46
48589,65,38,19,46
48590,189,135,67,122
48591,189,134,67,122
48592,65,39,19,46
48593,65,38,19,46
48594,70,43,21,49
48595,70,42,21,49
48596,65,39,19,46
48597,65,38,19,46
48598,158,111,55,103
48599,158,110,55,103
48600,65,39,19,46
48601,65,38,19,46
48602,65,39,19,46
48603,70,42,21,49
48604,65,39,19,46
48605,65,38,19,46
48606,189,135,67,122
48607,189,134,67,122
48608,158,111,55,103
48609,127,86,43,84
48610,65,39,19,46
48611,65,38,19,46
48612,158,111,55,103
48613,158,110,55,103
48614,158,111,55,103
48615,70,42,21,49
48616,158,111,55,103
48617,127,86,43,84
48618,158,111,55,103
48619,189,134,67,122
48620,189,135,67,122
48621,189,134,67,122
48622,189,135,67,122
48623,264,192,96,168
48624,158,111,55,103
48625,158,110,55,103
48626,65,39,19,46
48627,65,38,19,46
48628,158,111,55,103
48629,158,110,55,103
48630,127,87,43,84
48631,127,86,43,84
48632,70,43,21,49
48633,65,38,19,46
48634,70,43,21,49
48635,158,110,55,103
48636,70,43,21,49
48637,70,42,21,49
48638,189,135,67,122
48639,189,134,67,122
48640,114,77,38,76
48641,189,134,67,122
48642,65,39,19,46
48643,65,38,19,46
48644,65,39,19,46
48645,65,38,19,46
48646,65,39,19,46
48647,70,42,21,49
48648,65,39,19,46
48649,70,42,21,49
48650,65,39,19,46
48651,65,38,19,46
48652,65,39,19,46
48653,65,38,19,46
48654,65,39,19,46
48655,65,38,19,46
48656,158,111,55,103
48657,65,38,19,46
48658,189,135,67,122
48659,189,134,67,122
48660,158,111,55,103
48661,158,110,55,103
48662,145,101,50,95
48663,145,100,50,95
48664,158,111,55,103
48665,145,100,50,95
48666,158,111,55,103
48667,70,42,21,49
48668,65,39,19,46
48669,65,38,19,46
48670,65,39,19,46
48671,150,104,52,98
48672,114,77,38,76
48673,158,110,55,103
48674,158,111,55,103
48675,158,110,55,103
48676,158,111,55,103
48677,158,110,55,103
48678,158,111,55,103
48679,65,38,19,46
48680,114,77,38,76
48681,145,100,50,95
48682,114,77,38,76
48683,158,110,55,103
48684,158,111,55,103
48685,158,110,55,103
48686,158,111,55,103
48687,189,134,67,122
48688,114,77,38,76
48689,70,42,21,49
48690,70,43,21,49
48691,70,42,21,49
48692,114,77,38,76
48693,114,76,38,76
48694,189,135,67,122
48695,189,134,67,122
48696,158,111,55,103
48697,145,100,50,95
48698,158,111,55,103
48699,158,110,55,103
48700,158,111,55,103
48701,158,110,55,103
48702,158,111,55,103
48703,158,110,55,103
48704,39,19,9,30
48705,65,38,19,46
48706,65,39,19,46
48707,65,38,19,46
48708,65,39,19,46
48709,65,38,19,46
48710,65,39,19,46
48711,145,100,50,95
48712,65,39,19,46
48713,83,52,26,57
48714,65,39,19,46
48715,65,38,19,46
48716,65,39,19,46
48717,65,38,19,46
48718,83,53,26,57
48719,83,52,26,57
48720,39,19,9,30
48721,65,38,19,46
48722,65,39,19,46
48723,65,38,19,46
48724,39,19,9,30
48725,39,18,9,30
48726,65,39,19,46
48727,65,38,19,46
48728,39,19,9,30
48729,158,110,55,103
48730,39,19,9,30
48731,158,110,55,103
48732,39,19,9,30
48733,39,18,9,30
48734,65,39,19,46
48735,65,38,19,46
48736,39,19,9,30
48737,65,38,19,46
48738,39,19,9,30
48739,39,18,9,30
48740,39,19,9,30
48741,39,18,9,30
48742,39,19,9,30
48743,83,52,26,57
48744,39,19,9,30
48745,176,124,62,114
48746,39,19,9,30
48747,70,42,21,49
48748,96,63,31,65
48749,96,62,31,65
48750,96,63,31,65
48751,70,42,21,49
48752,65,39,19,46
48753,39,18,9,30
48754,96,63,31,65
48755,96,62,31,65
48756,65,39,19,46
48757,65,38,19,46
48758,65,39,19,46
48759,65,38,19,46
48760,65,39,19,46
48761,150,104,52,98
48762,65,39,19,46
48763,65,38,19,46
48764,189,135,67,122
48765,189,134,67,122
48766,189,135,67,122
48767,83,52,26,57
48768,114,77,38,76
48769,158,110,55,103
48770,39,19,9,30
48771,39,18,9,30
48772,70,43,21,49
48773,70,42,21,49
48774,70,43,21,49
48775,96,62,31,65
48776,39,19,9,30
48777,127,86,43,84
48778,39,19,9,30
48779,70,42,21,49
48780,39,19,9,30
48781,39,18,9,30
48782,65,39,19,46
48783,65,38,19,46
48784,127,87,43,84
48785,70,42,21,49
48786,70,43,21,49
48787,70,42,21,49
48788,127,87,43,84
48789,127,86,43,84
48790,39,19,9,30
48791,39,18,9,30
48792,127,87,43,84
48793,65,38,19,46
48794,127,87,43,84
48795,189,134,67,122
48796,158,111,55,103
48797,158,110,55,103
48798,158,111,55,103
48799,189,134,67,122
48800,114,77,38,76
48801,70,42,21,49
48802,127,87,43,84
48803,127,86,43,84
48804,96,63,31,65
48805,96,62,31,65
48806,96,63,31,65
48807,127,86,43,84
48808,114,77,38,76
48809,150,104,52,98
48810,114,77,38,76
48811,127,86,43,84
48812,65,39,19,46
48813,65,38,19,46
48814,65,39,19,46
48815,70,42,21,49
48816,158,111,55,103
48817,158,110,55,103
48818,158,111,55,103
48819,158,110,55,103
48820,158,111,55,103
48821,158,110,55,103
48822,158,111,55,103
48823,158,110,55,103
48824,158,111,55,103
48825,70,42,21,49
48826,158,111,55,103
48827,70,42,21,49
48828,158,111,55,103
48829,158,110,55,103
48830,158,111,55,103
48831,145,100,50,95
48832,158,111,55,103
48833,158,110,55,103
48834,70,43,21,49
48835,70,42,21,49
48836,114,77,38,76
48837,114,76,38,76
48838,114,77,38,76
48839,158,110,55,103
48840,114,77,38,76
48841,101,66,33,68
48842,114,77,38,76
48843,101,66,33,68
48844,114,77,38,76
48845,114,76,38,76
48846,101,67,33,68
48847,101,66,33,68
48848,158,111,55,103
48849,202,144,72,130
48850,202,145,72,130
48851,202,144,72,130
48852,158,111,55,103
48853,158,110,55,103
48854,158,111,55,103
48855,158,110,55,103
48856,158,111,55,103
48857,158,110,55,103
48858,158,111,55,103
48859,202,144,72,130
48860,158,111,55,103
48861,158,110,55,103
48862,158,111,55,103
48863,158,110,55,103
48864,158,111,55,103
48865,220,158,79,141
48866,158,111,55,103
48867,158,110,55,103
48868,39,19,9,30
48869,39,18,9,30
48870,39,19,9,30
48871,220,158,79,141
48872,158,111,55,103
48873,158,110,55,103
48874,158,111,55,103
48875,220,158,79,141
48876,39,19,9,30
48877,39,18,9,30
48878,39,19,9,30
48879,220,158,79,141
48880,96,63,31,65
48881,158,110,55,103
48882,96,63,31,65
48883,96,62,31,65
48884,96,63,31,65
48885,96,62,31,65
48886,96,63,31,65
48887,96,62,31,65
48888,96,63,31,65
48889,96,62,31,65
48890,96,63,31,65
48891,220,158,79,141
48892,96,63,31,65
48893,96,62,31,65
48894,96,63,31,65
48895,171,120,60,111
48896,52,29,14,38
48897,158,110,55,103
48898,39,19,9,30
48899,39,18,9,30
48900,158,111,55,103
48901,158,110,55,103
48902,158,111,55,103
48903,39,18,9,30
48904,158,111,55,103
48905,189,134,67,122
48906,158,111,55,103
48907,189,134,67,122
48908,158,111,55,103
48909,158,110,55,103
48910,158,111,55,103
48911,158,110,55,103
48912,114,77,38,76
48913,158,110,55,103
48914,171,121,60,111
48915,171,120,60,111
48916,114,77,38,76
48917,114,76,38,76
48918,158,111,55,103
48919,158,110,55,103
48920,114,77,38,76
48921,127,86,43,84
48922,114,77,38,76
48923,176,124,62,114
48924,158,111,55,103
48925,158,110,55,103
48926,158,111,55,103
48927,295,216,108,187
48928,65,39,19,46
48929,158,110,55,103
48930,127,87,43,84
48931,127,86,43,84
48932,127,87,43,84
48933,127,86,43,84
48934,127,87,43,84
48935,158,110,55,103
48936,65,39,19,46
48937,158,110,55,103
48938,65,39,19,46
48939,127,86,43,84
48940,114,77,38,76
48941,114,76,38,76
48942,114,77,38,76
48943,127,86,43,84
48944,65,39,19,46
48945,114,76,38,76
48946,114,77,38,76
48947,114,76,38,76
48948,65,39,19,46
48949,65,38,19,46
48950,158,111,55,103
48951,158,110,55,103
48952,65,39,19,46
48953,158,110,55,103
48954,65,39,19,46
48955,65,38,19,46
48956,65,39,19,46
48957,65,38,19,46
48958,127,87,43,84
48959,127,86,43,84
48960,52,29,14,38
48961,65,38,19,46
48962,65,39,19,46
48963,65,38,19,46
48964,65,39,19,46
48965,65,38,19,46
48966,65,39,19,46
48967,158,110,55,103
48968,176,125,62,114
48969,65,38,19,46
48970,176,125,62,114
48971,65,38,19,46
48972,176,125,62,114
48973,176,124,62,114
48974,127,87,43,84
48975,127,86,43,84
48976,52,29,14,38
48977,176,124,62,114
48978,127,87,43,84
48979,127,86,43,84
48980,52,29,14,38
48981,52,28,14,38
48982,189,135,67,122
48983,189,134,67,122
48984,189,135,67,122
48985,65,38,19,46
48986,189,135,67,122
48987,127,86,43,84
48988,189,135,67,122
48989,189,134,67,122
48990,65,39,19,46
48991,65,38,19,46
48992,65,39,19,46
48993,145,100,50,95
48994,114,77,38,76
48995,114,76,38,76
48996,114,77,38,76
48997,114,76,38,76
48998,114,77,38,76
48999,127,86,43,84
49000,65,39,19,46
49001,65,38,19,46
49002,65,39,19,46
49003,158,110,55,103
49004,158,111,55,103
49005,158,110,55,103
49006,158,111,55,103
49007,171,120,60,111
49008,65,39,19,46
49009,65,38,19,46
49010,65,39,19,46
49011,65,38,19,46
49012,65,39,19,46
49013,65,38,19,46
49014,65,39,19,46
49015,65,38,19,46
49016,65,39,19,46
49017,158,110,55,103
49018,65,39,19,46
49019,127,86,43,84
49020,65,39,19,46
49021,65,38,19,46
49022,127,87,43,84
49023,127,86,43,84
49024,52,29,14,38
49025,158,110,55,103
49026,65,39,19,46
49027,65,38,19,46
49028,96,63,31,65
49029,96,62,31,65
49030,96,63,31,65
49031,65,38,19,46
49032,52,29,14,38
49033,158,110,55,103
49034,52,29,14,38
49035,96,62,31,65
49036,52,29,14,38
49037,52,28,14,38
49038,96,63,31,65
49039,96,62,31,65
49040,158,111,55,103
49041,158,110,55,103
49042,158,111,55,103
49043,158,110,55,103
49044,158,111,55,103
49045,158,110,55,103
49046,114,77,38,76
49047,114,76,38,76
49048,158,111,55,103
49049,114,76,38,76
49050,158,111,55,103
49051,96,62,31,65
49052,145,101,50,95
49053,145,100,50,95
49054,145,101,50,95
49055,96,62,31,65
49056,52,29,14,38
49057,158,110,55,103
49058,158,111,55,103
49059,158,110,55,103
49060,70,43,21,49
49061,70,42,21,49
49062,70,43,21,49
49063,65,38,19,46
49064,52,29,14,38
49065,145,100,50,95
49066,52,29,14,38
49067,158,110,55,103
49068,127,87,43,84
49069,127,86,43,84
49070,127,87,43,84
49071,158,110,55,103
49072,65,39,19,46
49073,52,28,14,38
49074,52,29,14,38
49075,52,28,14,38
49076,65,39,19,46
49077,65,38,19,46
49078,158,111,55,103
49079,158,110,55,103
49080,65,39,19,46
49081,114,76,38,76
49082,65,39,19,46
49083,114,76,38,76
49084,158,111,55,103
49085,158,110,55,103
49086,158,111,55,103
49087,70,42,21,49
49088,65,39,19,46
49089,65,38,19,46
49090,70,43,21,49
49091,70,42,21,49
49092,52,29,14,38
49093,52,28,14,38
49094,52,29,14,38
49095,158,110,55,103
49096,127,87,43,84
49097,127,86,43,84
49098,127,87,43,84
49099,52,28,14,38
49100,127,87,43,84
49101,127,86,43,84
49102,189,135,67,122
49103,189,134,67,122
49104,65,39,19,46
49105,127,86,43,84
49106,70,43,21,49
49107,70,42,21,49
49108,65,39,19,46
49109,65,38,19,46
49110,70,43,21,49
49111,70,42,21,49
49112,127,87,43,84
49113,52,28,14,38
49114,127,87,43,84
49115,65,38,19,46
49116,127,87,43,84
49117,127,86,43,84
49118,189,135,67,122
49119,189,134,67,122
49120,65,39,19,46
49121,70,42,21,49
49122,65,39,19,46
49123,65,38,19,46
49124,127,87,43,84
49125,127,86,43,84
49126,127,87,43,84
49127,127,86,43,84
49128,65,39,19,46
49129,127,86,43,84
49130,65,39,19,46
49131,189,134,67,122
49132,70,43,21,49
49133,70,42,21,49
49134,70,43,21,49
49135,127,86,43,84
49136,158,111,55,103
49137,65,38,19,46
49138,171,121,60,111
49139,171,120,60,111
49140,158,111,55,103
49141,158,110,55,103
49142,158,111,55,103
49143,158,110,55,103
49144,158,111,55,103
49145,158,110,55,103
49146,158,111,55,103
49147,158,110,55,103
49148,158,111,55,103
49149,158,110,55,103
49150,158,111,55,103
49151,127,86,43,84
49152,21,5,2,19
49153,96,62,31,65
49154,96,63,31,65
49155,96,62,31,65
49156,52,29,14,38
49157,52,28,14,38
49158,52,29,14,38
49159,96,62,31,65
49160,52,29,14,38
49161,96,62,31,65
49162,52,29,14,38
49163,52,28,14,38
49164,52,29,14,38
49165,52,28,14,38
49166,52,29,14,38
49167,52,28,14,38
49168,114,77,38,76
49169,52,28,14,38
49170,52,29,14,38
49171,52,28,14,38
49172,114,77,38,76
49173,114,76,38,76
49174,52,29,14,38
49175,52,28,14,38
49176,114,77,38,76
49177,96,62,31,65
49178,114,77,38,76
49179,220,158,79,141
49180,52,29,14,38
49181,52,28,14,38
49182,52,29,14,38
49183,189,134,67,122
49184,158,111,55,103
49185,96,62,31,65
49186,114,77,38,76
49187,114,76,38,76
49188,52,29,14,38
49189,52,28,14,38
49190,52,29,14,38
49191,96,62,31,65
49192,158,111,55,103
49193,96,62,31,65
49194,158,111,55,103
49195,96,62,31,65
49196,114,77,38,76
49197,114,76,38,76
49198,114,77,38,76
49199,96,62,31,65
49200,158,111,55,103
49201,233,168,84,149
49202,233,169,84,149
49203,233,168,84,149
49204,158,111,55,103
49205,158,110,55,103
49206,96,63,31,65
49207,96,62,31,65
49208,114,77,38,76
49209,233,168,84,149
49210,114,77,38,76
49211,233,168,84,149
49212,114,77,38,76
49213,114,76,38,76
49214,220,159,79,141
49215,220,158,79,141
49216,39,19,9,30
49217,83,52,26,57
49218,83,53,26,57
49219,83,52,26,57
49220,158,111,55,103
49221,158,110,55,103
49222,158,111,55,103
49223,145,100,50,95
49224,96,63,31,65
49225,83,52,26,57
49226,96,63,31,65
49227,158,110,55,103
49228,96,63,31,65
49229,96,62,31,65
49230,96,63,31,65
49231,96,62,31,65
49232,39,19,9,30
49233,96,62,31,65
49234,65,39,19,46
49235,65,38,19,46
49236,39,19,9,30
49237,39,18,9,30
49238,96,63,31,65
49239,96,62,31,65
49240,158,111,55,103
49241,96,62,31,65
49242,158,111,55,103
49243,119,80,40,79
49244,158,111,55,103
49245,158,110,55,103
49246,83,53,26,57
49247,83,52,26,57
49248,39,19,9,30
49249,83,52,26,57
49250,114,77,38,76
49251,114,76,38,76
49252,114,77,38,76
49253,114,76,38,76
49254,114,77,38,76
49255,83,52,26,57
49256,39,19,9,30
49257,96,62,31,65
49258,39,19,9,30
49259,83,52,26,57
49260,96,63,31,65
49261,96,62,31,65
49262,96,63,31,65
49263,220,158,79,141
49264,158,111,55,103
49265,39,18,9,30
49266,158,111,55,103
49267,158,110,55,103
49268,158,111,55,103
49269,158,110,55,103
49270,158,111,55,103
49271,158,110,55,103
49272,158,111,55,103
49273,119,80,40,79
49274,158,111,55,103
49275,96,62,31,65
49276,96,63,31,65
49277,96,62,31,65
49278,96,63,31,65
49279,96,62,31,65
49280,39,19,9,30
49281,96,62,31,65
49282,158,111,55,103
49283,158,110,55,103
49284,158,111,55,103
49285,158,110,55,103
49286,158,111,55,103
49287,233,168,84,149
49288,39,19,9,30
49289,158,110,55,103
49290,39,19,9,30
49291,158,110,55,103
49292,39,19,9,30
49293,39,18,9,30
49294,220,159,79,141
49295,220,158,79,141
49296,158,111,55,103
49297,96,62,31,65
49298,96,63,31,65
49299,96,62,31,65
49300,158,111,55,103
49301,158,110,55,103
49302,39,19,9,30
49303,39,18,9,30
49304,158,111,55,103
49305,158,110,55,103
49306,158,111,55,103
49307,119,80,40,79
49308,158,111,55,103
49309,158,110,55,103
49310,158,111,55,103
49311,96,62,31,65
49312,39,19,9,30
49313,189,134,67,122
49314,158,111,55,103
49315,158,110,55,103
49316,189,135,67,122
49317,189,134,67,122
49318,189,135,67,122
49319,189,134,67,122
49320,39,19,9,30
49321,189,134,67,122
49322,39,19,9,30
49323,158,110,55,103
49324,189,135,67,122
49325,189,134,67,122
49326,189,135,67,122
49327,220,158,79,141
49328,39,19,9,30
49329,189,134,67,122
49330,189,135,67,122
49331,189,134,67,122
49332,39,19,9,30
49333,39,18,9,30
49334,145,101,50,95
49335,145,100,50,95
49336,39,19,9,30
49337,119,80,40,79
49338,39,19,9,30
49339,119,80,40,79
49340,189,135,67,122
49341,189,134,67,122
49342,189,135,67,122
49343,158,110,55,103
49344,39,19,9,30
49345,96,62,31,65
49346,96,63,31,65
49347,96,62,31,65
49348,114,77,38,76
49349,114,76,38,76
49350,114,77,38,76
49351,96,62,31,65
49352,114,77,38,76
49353,39,18,9,30
49354,114,77,38,76
49355,158,110,55,103
49356,114,77,38,76
49357,114,76,38,76
49358,189,135,67,122
49359,189,134,67,122
49360,39,19,9,30
49361,158,110,55,103
49362,158,111,55,103
49363,158,110,55,103
49364,39,19,9,30
49365,39,18,9,30
49366,158,111,55,103
49367,158,110,55,103
49368,264,193,96,168
49369,114,76,38,76
49370,264,193,96,168
49371,158,110,55,103
49372,264,193,96,168
49373,264,192,96,168
49374,189,135,67,122
49375,189,134,67,122
49376,114,77,38,76
49377,189,134,67,122
49378,39,19,9,30
49379,39,18,9,30
49380,52,29,14,38
49381,52,28,14,38
49382,52,29,14,38
49383,114,76,38,76
49384,114,77,38,76
49385,158,110,55,103
49386,114,77,38,76
49387,145,100,50,95
49388,52,29,14,38
49389,52,28,14,38
49390,52,29,14,38
49391,96,62,31,65
49392,114,77,38,76
49393,114,76,38,76
49394,145,101,50,95
49395,145,100,50,95
49396,114,77,38,76
49397,114,76,38,76
49398,145,101,50,95
49399,145,100,50,95
49400,145,101,50,95
49401,145,100,50,95
49402,145,101,50,95
49403,158,110,55,103
49404,145,101,50,95
49405,145,100,50,95
49406,96,63,31,65
49407,96,62,31,65
49408,127,87,43,84
49409,145,100,50,95
49410,145,101,50,95
49411,145,100,50,95
49412,114,77,38,76
49413,114,76,38,76
49414,114,77,38,76
49415,145,100,50,95
49416,114,77,38,76
49417,145,100,50,95
49418,114,77,38,76
49419,114,76,38,76
49420,114,77,38,76
49421,114,76,38,76
49422,52,29,14,38
49423,52,28,14,38
49424,39,19,9,30
49425,114,76,38,76
49426,96,63,31,65
49427,96,62,31,65
49428,39,19,9,30
49429,39,18,9,30
49430,119,81,40,79
49431,119,80,40,79
49432,39,19,9,30
49433,119,80,40,79
49434,39,19,9,30
49435,264,192,96,168
49436,158,111,55,103
49437,158,110,55,103
49438,158,111,55,103
49439,119,80,40,79
49440,65,39,19,46
49441,96,62,31,65
49442,96,63,31,65
49443,96,62,31,65
49444,96,63,31,65
49445,96,62,31,65
49446,96,63,31,65
49447,96,62,31,65
49448,65,39,19,46
49449,171,120,60,111
49450,65,39,19,46
49451,96,62,31,65
49452,39,19,9,30
49453,39,18,9,30
49454,39,19,9,30
49455,96,62,31,65
49456,65,39,19,46
49457,158,110,55,103
49458,158,111,55,103
49459,158,110,55,103
49460,65,39,19,46
49461,65,38,19,46
49462,96,63,31,65
49463,96,62,31,65
49464,158,111,55,103
49465,158,110,55,103
49466,158,111,55,103
49467,158,110,55,103
49468,158,111,55,103
49469,158,110,55,103
49470,145,101,50,95
49471,145,100,50,95
49472,127,87,43,84
49473,65,38,19,46
49474,65,39,19,46
49475,65,38,19,46
49476,65,39,19,46
49477,65,38,19,46
49478,65,39,19,46
49479,171,120,60,111
49480,96,63,31,65
49481,96,62,31,65
49482,96,63,31,65
49483,65,38,19,46
49484,96,63,31,65
49485,96,62,31,65
49486,145,101,50,95
49487,145,100,50,95
49488,127,87,43,84
49489,96,62,31,65
49490,145,101,50,95
49491,145,100,50,95
49492,127,87,43,84
49493,127,86,43,84
49494,114,77,38,76
49495,114,76,38,76
49496,65,39,19,46
49497,114,76,38,76
49498,65,39,19,46
49499,114,76,38,76
49500,65,39,19,46
49501,65,38,19,46
49502,189,135,67,122
49503,189,134,67,122
49504,39,19,9,30
49505,70,42,21,49
49506,65,39,19,46
49507,65,38,19,46
49508,65,39,19,46
49509,65,38,19,46
49510,65,39,19,46
49511,70,42,21,49
49512,39,19,9,30
49513,70,42,21,49
49514,39,19,9,30
49515,70,42,21,49
49516,70,43,21,49
49517,70,42,21,49
49518,70,43,21,49
49519,70,42,21,49
49520,39,19,9,30
49521,39,18,9,30
49522,70,43,21,49
49523,70,42,21,49
49524,39,19,9,30
49525,39,18,9,30
49526,70,43,21,49
49527,70,42,21,49
49528,171,121,60,111
49529,264,192,96,168
49530,171,121,60,111
49531,171,120,60,111
49532,171,121,60,111
49533,171,120,60,111
49534,70,43,21,49
49535,70,42,21,49
49536,127,87,43,84
49537,96,62,31,65
49538,96,63,31,65
49539,96,62,31,65
49540,96,63,31,65
49541,96,62,31,65
49542,96,63,31,65
49543,96,62,31,65
49544,189,135,67,122
49545,70,42,21,49
49546,189,135,67,122
49547,158,110,55,103
49548,189,135,67,122
49549,189,134,67,122
49550,96,63,31,65
49551,96,62,31,65
49552,189,135,67,122
49553,39,18,9,30
49554,39,19,9,30
49555,39,18,9,30
49556,189,135,67,122
49557,189,134,67,122
49558,65,39,19,46
49559,65,38,19,46
49560,189,135,67,122
49561,65,38,19,46
49562,189,135,67,122
49563,140,96,48,92
49564,65,39,19,46
49565,65,38,19,46
49566,65,39,19,46
49567,70,42,21,49
49568,127,87,43,84
49569,96,62,31,65
49570,65,39,19,46
49571,65,38,19,46
49572,65,39,19,46
49573,65,38,19,46
49574,65,39,19,46
49575,295,216,108,187
49576,127,87,43,84
49577,158,110,55,103
49578,127,87,43,84
49579,158,110,55,103
49580,158,111,55,103
49581,158,110,55,103
49582,158,111,55,103
49583,158,110,55,103
49584,140,97,48,92
49585,189,134,67,122
49586,189,135,67,122
49587,189,134,67,122
49588,140,97,48,92
49589,140,96,48,92
49590,65,39,19,46
49591,65,38,19,46
49592,140,97,48,92
49593,189,134,67,122
49594,140,97,48,92
49595,140,96,48,92
49596,264,193,96,168
49597,264,192,96,168
49598,264,193,96,168
49599,189,134,67,122
49600,158,111,55,103
49601,140,96,48,92
49602,96,63,31,65
49603,96,62,31,65
49604,127,87,43,84
49605,127,86,43,84
49606,127,87,43,84
49607,189,134,67,122
49608,39,19,9,30
49609,189,134,67,122
49610,39,19,9,30
49611,140,96,48,92
49612,39,19,9,30
49613,39,18,9,30
49614,189,135,67,122
49615,189,134,67,122
49616,158,111,55,103
49617,39,18,9,30
49618,140,97,48,92
49619,140,96,48,92
49620,158,111,55,103
49621,158,110,55,103
49622,70,43,21,49
49623,70,42,21,49
49624,96,63,31,65
49625,96,62,31,65
49626,96,63,31,65
49627,96,62,31,65
49628,96,63,31,65
49629,96,62,31,65
49630,96,63,31,65
49631,96,62,31,65
49632,158,111,55,103
49633,114,76,38,76
49634,158,111,55,103
49635,158,110,55,103
49636,96,63,31,65
49637,96,62,31,65
49638,96,63,31,65
49639,96,62,31,65
49640,158,111,55,103
49641,114,76,38,76
49642,158,111,55,103
49643,189,134,67,122
49644,96,63,31,65
49645,96,62,31,65
49646,96,63,31,65
49647,189,134,67,122
49648,96,63,31,65
49649,158,110,55,103
49650,96,63,31,65
49651,96,62,31,65
49652,96,63,31,65
49653,96,62,31,65
49654,119,81,40,79
49655,119,80,40,79
49656,96,63,31,65
49657,96,62,31,65
49658,96,63,31,65
49659,96,62,31,65
49660,96,63,31,65
49661,96,62,31,65
49662,96,63,31,65
49663,140,96,48,92
49664,127,87,43,84
49665,114,76,38,76
49666,114,77,38,76
49667,114,76,38,76
49668,114,77,38,76
49669,114,76,38,76
49670,114,77,38,76
49671,96,62,31,65
49672,158,111,55,103
49673,114,76,38,76
49674,158,111,55,103
49675,114,76,38,76
49676,158,111,55,103
49677,158,110,55,103
49678,140,97,48,92
49679,140,96,48,92
49680,158,111,55,103
49681,158,110,55,103
49682,96,63,31,65
49683,96,62,31,65
49684,158,111,55,103
49685,158,110,55,103
49686,158,111,55,103
49687,158,110,55,103
49688,158,111,55,103
49689,158,110,55,103
49690,158,111,55,103
49691,96,62,31,65
49692,96,63,31,65
49693,96,62,31,65
49694,96,63,31,65
49695,96,62,31,65
49696,127,87,43,84
49697,96,62,31,65
49698,158,111,55,103
49699,158,110,55,103
49700,96,63,31,65
49701,96,62,31,65
49702,96,63,31,65
49703,96,62,31,65
49704,127,87,43,84
49705,189,134,67,122
49706,127,87,43,84
49707,158,110,55,103
49708,65,39,19,46
49709,65,38,19,46
49710,65,39,19,46
49711,189,134,67,122
49712,127,87,43,84
49713,65,38,19,46
49714,65,39,19,46
49715,65,38,19,46
49716,127,87,43,84
49717,127,86,43,84
49718,101,67,33,68
49719,101,66,33,68
49720,65,39,19,46
49721,189,134,67,122
49722,65,39,19,46
49723,158,110,55,103
49724,65,39,19,46
49725,65,38,19,46
49726,65,39,19,46
49727,65,38,19,46
49728,39,19,9,30
49729,114,76,38,76
49730,114,77,38,76
49731,114,76,38,76
49732,114,77,38,76
49733,114,76,38,76
49734,114,77,38,76
49735,158,110,55,103
49736,114,77,38,76
49737,96,62,31,65
49738,114,77,38,76
49739,114,76,38,76
49740,114,77,38,76
49741,114,76,38,76
49742,65,39,19,46
49743,65,38,19,46
49744,39,19,9,30
49745,96,62,31,65
49746,96,63,31,65
49747,96,62,31,65
49748,39,19,9,30
49749,39,18,9,30
49750,96,63,31,65
49751,96,62,31,65
49752,127,87,43,84
49753,96,62,31,65
49754,127,87,43,84
49755,202,144,72,130
49756,127,87,43,84
49757,127,86,43,84
49758,96,63,31,65
49759,96,62,31,65
49760,39,19,9,30
49761,127,86,43,84
49762,140,97,48,92
49763,140,96,48,92
49764,140,97,48,92
49765,140,96,48,92
49766,140,97,48,92
49767,127,86,43,84
49768,39,19,9,30
49769,96,62,31,65
49770,39,19,9,30
49771,158,110,55,103
49772,96,63,31,65
49773,96,62,31,65
49774,96,63,31,65
49775,127,86,43,84
49776,39,19,9,30
49777,39,18,9,30
49778,158,111,55,103
49779,158,110,55,103
49780,39,19,9,30
49781,39,18,9,30
49782,39,19,9,30
49783,39,18,9,30
49784,39,19,9,30
49785,140,96,48,92
49786,39,19,9,30
49787,114,76,38,76
49788,189,135,67,122
49789,189,134,67,122
49790,189,135,67,122
49791,233,168,84,149
49792,127,87,43,84
49793,140,96,48,92
49794,39,19,9,30
49795,39,18,9,30
49796,158,111,55,103
49797,158,110,55,103
49798,158,111,55,103
49799,39,18,9,30
49800,39,19,9,30
49801,96,62,31,65
49802,39,19,9,30
49803,158,110,55,103
49804,39,19,9,30
49805,39,18,9,30
49806,140,97,48,92
49807,140,96,48,92
49808,96,63,31,65
49809,158,110,55,103
49810,158,111,55,103
49811,158,110,55,103
49812,96,63,31,65
49813,96,62,31,65
49814,39,19,9,30
49815,39,18,9,30
49816,96,63,31,65
49817,158,110,55,103
49818,96,63,31,65
49819,96,62,31,65
49820,127,87,43,84
49821,127,86,43,84
49822,127,87,43,84
49823,127,86,43,84
49824,127,87,43,84
49825,65,38,19,46
49826,96,63,31,65
49827,96,62,31,65
49828,65,39,19,46
49829,65,38,19,46
49830,65,39,19,46
49831,189,134,67,122
49832,127,87,43,84
49833,264,192,96,168
49834,127,87,43,84
49835,96,62,31,65
49836,39,19,9,30
49837,39,18,9,30
49838,39,19,9,30
49839,96,62,31,65
49840,65,39,19,46
49841,189,134,67,122
49842,189,135,67,122
49843,189,134,67,122
49844,65,39,19,46
49845,65,38,19,46
49846,39,19,9,30
49847,39,18,9,30
49848,65,39,19,46
49849,189,134,67,122
49850,65,39,19,46
49851,96,62,31,65
49852,189,135,67,122
49853,189,134,67,122
49854,189,135,67,122
49855,96,62,31,65
49856,65,39,19,46
49857,65,38,19,46
49858,39,19,9,30
49859,39,18,9,30
49860,65,39,19,46
49861,65,38,19,46
49862,65,39,19,46
49863,114,76,38,76
49864,65,39,19,46
49865,114,76,38,76
49866,65,39,19,46
49867,114,76,38,76
49868,65,39,19,46
49869,65,38,19,46
49870,233,169,84,149
49871,233,168,84,149
49872,65,39,19,46
49873,114,76,38,76
49874,114,77,38,76
49875,114,76,38,76
49876,65,39,19,46
49877,65,38,19,46
49878,114,77,38,76
49879,114,76,38,76
49880,189,135,67,122
49881,65,38,19,46
49882,189,135,67,122
49883,189,134,67,122
49884,189,135,67,122
49885,189,134,67,122
49886,189,135,67,122
49887,189,134,67,122
49888,65,39,19,46
49889,189,134,67,122
49890,65,39,19,46
49891,65,38,19,46
49892,202,145,72,130
49893,202,144,72,130
49894,202,145,72,130
49895,88,56,28,60
49896,65,39,19,46
49897,114,76,38,76
49898,65,39,19,46
49899,202,144,72,130
49900,202,145,72,130
49901,202,144,72,130
49902,202,145,72,130
49903,88,56,28,60
49904,52,29,14,38
49905,65,38,19,46
49906,96,63,31,65
49907,96,62,31,65
49908,52,29,14,38
49909,52,28,14,38
49910,96,63,31,65
49911,96,62,31,65
49912,52,29,14,38
49913,52,28,14,38
49914,52,29,14,38
49915,202,144,72,130
49916,88,57,28,60
49917,88,56,28,60
49918,88,57,28,60
49919,88,56,28,60
49920,127,87,43,84
49921,52,28,14,38
49922,52,29,14,38
49923,52,28,14,38
49924,52,29,14,38
49925,52,28,14,38
49926,52,29,14,38
49927,202,144,72,130
49928,52,29,14,38
49929,114,76,38,76
49930,52,29,14,38
49931,114,76,38,76
49932,52,29,14,38
49933,52,28,14,38
49934,52,29,14,38
49935,52,28,14,38
49936,65,39,19,46
49937,52,28,14,38
49938,52,29,14,38
49939,52,28,14,38
49940,65,39,19,46
49941,65,38,19,46
49942,202,145,72,130
49943,202,144,72,130
49944,65,39,19,46
49945,202,144,72,130
49946,65,39,19,46
49947,114,76,38,76
49948,88,57,28,60
49949,88,56,28,60
49950,88,57,28,60
49951,96,62,31,65
49952,65,39,19,46
49953,88,56,28,60
49954,65,39,19,46
49955,65,38,19,46
49956,65,39,19,46
49957,65,38,19,46
49958,65,39,19,46
49959,189,134,67,122
49960,65,39,19,46
49961,52,28,14,38
49962,65,39,19,46
49963,202,144,72,130
49964,65,39,19,46
49965,65,38,19,46
49966,65,39,19,46
49967,202,144,72,130
49968,65,39,19,46
49969,65,38,19,46
49970,65,39,19,46
49971,65,38,19,46
49972,65,39,19,46
49973,65,38,19,46
49974,96,63,31,65
49975,96,62,31,65
49976,189,135,67,122
49977,88,56,28,60
49978,189,135,67,122
49979,65,38,19,46
49980,189,135,67,122
49981,189,134,67,122
49982,88,57,28,60
49983,88,56,28,60
49984,127,87,43,84
49985,65,38,19,46
49986,52,29,14,38
49987,52,28,14,38
49988,158,111,55,103
49989,158,110,55,103
49990,158,111,55,103
49991,88,56,28,60
49992,158,111,55,103
49993,158,110,55,103
49994,158,111,55,103
49995,158,110,55,103
49996,158,111,55,103
49997,158,110,55,103
49998,88,57,28,60
49999,88,56,28,60
50000,127,87,43,84
